8 0.17650462962962962 0.16898148148148148 0.010416666666666666 0.010802469135802469
8 0.3094618055555556 0.2152777777777778 0.013599537037037037 0.008487654320987654
6 0.421875 0.2044753086419753 0.009259259259259259 0.006944444444444444
6 0.5737847222222222 0.1711033950617284 0.01099537037037037 0.006558641975308642
8 0.28269675925925924 0.23206018518518517 0.009837962962962963 0.0073302469135802465
8 0.25810185185185186 0.18248456790123457 0.01273148148148148 0.010802469135802469
8 0.3190104166666667 0.1709104938271605 0.015914351851851853 0.009259259259259259
0 0.4774305555555556 0.2768132716049383 0.020833333333333332 0.02044753086419753
0 0.5193865740740741 0.25540123456790126 0.013310185185185185 0.012345679012345678
9 0.8842592592592593 0.23148148148148148 0.013888888888888888 0.010030864197530864
6 0.5957754629629629 0.19675925925925927 0.009837962962962963 0.006172839506172839
0 0.4045138888888889 0.19290123456790123 0.027777777777777776 0.010802469135802469
0 0.6565393518518519 0.25636574074074076 0.012152777777777778 0.008101851851851851
6 0.5973668981481481 0.21595293209876543 0.006655092592592593 0.004822530864197531
6 0.6264467592592593 0.2144097222222222 0.00636574074074074 0.004050925925925926
6 0.6821469907407407 0.21981095679012347 0.006655092592592593 0.004822530864197531
6 0.6669560185185185 0.20071373456790123 0.009259259259259259 0.005208333333333333
6 0.44820601851851855 0.2263695987654321 0.008680555555555556 0.003279320987654321
4 0.2388599537037037 0.5250771604938271 0.013599537037037037 0.011188271604938271
6 0.33449074074074076 0.580054012345679 0.005787037037037037 0.0038580246913580245
9 0.6254340277777778 0.652391975308642 0.01070601851851852 0.006558641975308642
0 0.5054976851851852 0.6576003086419753 0.005787037037037037 0.006558641975308642
0 0.5102719907407407 0.6655092592592593 0.01244212962962963 0.006172839506172839
0 0.5298032407407407 0.6687885802469136 0.004629629629629629 0.005401234567901234
8 0.3773148148148148 0.6177662037037037 0.009259259259259259 0.008294753086419753
6 0.48726851851851855 0.5726273148148148 0.005787037037037037 0.003279320987654321
1 0.5335648148148148 0.5537229938271605 0.008101851851851851 0.005208333333333333
8 0.8253761574074074 0.8133680555555556 0.009548611111111112 0.007137345679012345
4 0.9463252314814815 0.6512345679012346 0.006655092592592593 0.010030864197530864
4 0.08666087962962964 0.6572145061728395 0.006076388888888889 0.009645061728395061
0 0.2026909722222222 0.6599151234567902 0.018229166666666668 0.01273148148148148
0 0.2109375 0.589891975308642 0.02199074074074074 0.008487654320987654
0 0.2377025462962963 0.6394675925925926 0.015335648148148149 0.009259259259259259
0 0.15219907407407407 0.5871913580246914 0.017361111111111112 0.016975308641975308
0 0.1451099537037037 0.5720486111111112 0.011863425925925927 0.00945216049382716
0 0.1584201388888889 0.5714699074074074 0.01070601851851852 0.007137345679012345
0 0.1652199074074074 0.6603973765432098 0.013310185185185185 0.007137345679012345
0 0.19429976851851852 0.5655864197530864 0.02806712962962963 0.02546296296296296
0 0.21976273148148148 0.5364583333333334 0.015335648148148149 0.009645061728395061
0 0.11863425925925926 0.5929783950617284 0.009837962962962963 0.020061728395061727
6 0.2578125 0.5617283950617284 0.004629629629629629 0.0030864197530864196
0 0.26750578703703703 0.6189236111111112 0.013020833333333334 0.004436728395061728
4 0.1009837962962963 0.42756558641975306 0.005208333333333333 0.003279320987654321
0 0.2183159722222222 0.5543981481481481 0.019965277777777776 0.010802469135802469
0 0.27155671296296297 0.5407021604938271 0.025173611111111112 0.008873456790123456
6 0.26490162037037035 0.5666473765432098 0.005497685185185185 0.004050925925925926
0 0.22511574074074073 0.6511381172839507 0.011574074074074073 0.007137345679012345
1 0.6911168981481481 0.8512731481481481 0.007233796296296296 0.004629629629629629
4 0.8495370370370371 0.7717013888888888 0.005787037037037037 0.010609567901234568
0 0.7501446759259259 0.5677083333333334 0.02228009259259259 0.009259259259259259
0 0.7974537037037037 0.5571952160493827 0.015625 0.007137345679012345
0 0.8107638888888888 0.5512152777777778 0.014467592592592593 0.007908950617283951
0 0.7928240740740741 0.6081211419753086 0.013310185185185185 0.008680555555555556
0 0.7443576388888888 0.6153549382716049 0.011284722222222222 0.0073302469135802465
0 0.7625868055555556 0.5428240740740741 0.006655092592592593 0.006558641975308642
8 0.9221643518518519 0.37962962962962965 0.01273148148148148 0.010416666666666666
8 0.6623263888888888 0.5888310185185185 0.007523148148148148 0.004822530864197531
6 0.5840567129629629 0.17418981481481483 0.007233796296296296 0.005015432098765432
0 0.21339699074074073 0.6003086419753086 0.010127314814814815 0.006172839506172839
0 0.26851851851851855 0.5845871913580247 0.009259259259259259 0.0055941358024691355
0 0.23046875 0.6684027777777778 0.008969907407407407 0.005401234567901234
0 0.23177083333333334 0.6788194444444444 0.01273148148148148 0.005015432098765432
0 0.20891203703703703 0.5787037037037037 0.00636574074074074 0.0073302469135802465
0 0.21788194444444445 0.5777391975308642 0.006944444444444444 0.005401234567901234
0 0.2204861111111111 0.5831404320987654 0.008101851851851851 0.0038580246913580245
0 0.17722800925925927 0.5834297839506173 0.011863425925925927 0.01099537037037037
0 0.16825810185185186 0.5793788580246914 0.01070601851851852 0.00945216049382716
0 0.22916666666666666 0.6090856481481481 0.005787037037037037 0.004436728395061728
0 0.1752025462962963 0.5416666666666666 0.011284722222222222 0.006558641975308642
0 0.2595486111111111 0.5239197530864198 0.02662037037037037 0.011574074074074073
0 0.27879050925925924 0.5260416666666666 0.014178240740740741 0.005015432098765432
0 0.08666087962962964 0.5357831790123457 0.01244212962962963 0.014467592592592593
0 0.4227430555555556 0.8382523148148148 0.02546296296296296 0.007523148148148148
0 0.4720775462962963 0.8250385802469136 0.007233796296296296 0.003472222222222222
1 0.5571469907407407 0.8247492283950617 0.003761574074074074 0.002507716049382716
0 0.62109375 0.8597608024691358 0.01880787037037037 0.016589506172839507
0 0.6912615740740741 0.5807291666666666 0.01273148148148148 0.007523148148148148
6 0.49189814814814814 0.5080054012345679 0.005208333333333333 0.0028935185185185184
6 0.5530960648148148 0.23196373456790123 0.027488425925925927 0.01716820987654321
4 0.10387731481481481 0.28800154320987653 0.005208333333333333 0.008101851851851851
0 0.8002025462962963 0.8294753086419753 0.01070601851851852 0.009259259259259259
2 0.4515335648148148 0.7006172839506173 0.03269675925925926 0.012345679012345678
8 0.9736689814814815 0.5539158950617284 0.006944444444444444 0.008294753086419753
0 0.5135995370370371 0.683641975308642 0.009259259259259259 0.002700617283950617
0 0.5167824074074074 0.6772762345679012 0.028935185185185185 0.010416666666666666
0 0.12340856481481481 0.6648341049382716 0.014756944444444444 0.022183641975308643
0 0.3414351851851852 0.22328317901234568 0.008101851851851851 0.0055941358024691355
0 0.3311631944444444 0.21691743827160495 0.01707175925925926 0.014853395061728395
0 0.6796875 0.24623842592592593 0.028356481481481483 0.025655864197530864
0 0.4547164351851852 0.2183641975308642 0.008391203703703705 0.008487654320987654
0 0.48423032407407407 0.1939621913580247 0.013599537037037037 0.007908950617283951
0 0.3832465277777778 0.2230902777777778 0.008969907407407407 0.006751543209876543
0 0.37861689814814814 0.16319444444444445 0.008391203703703705 0.0038580246913580245
0 0.3548900462962963 0.24913194444444445 0.008391203703703705 0.005208333333333333
0 0.19212962962962962 0.6259645061728395 0.03530092592592592 0.011574074074074073
0 0.8146701388888888 0.5905671296296297 0.011863425925925927 0.011766975308641976
3 0.08969907407407407 0.5176504629629629 0.01273148148148148 0.007523148148148148
3 0.10633680555555555 0.5093557098765432 0.009548611111111112 0.007137345679012345
3 0.1277488425925926 0.4739583333333333 0.01707175925925926 0.010802469135802469
3 0.13179976851851852 0.4601658950617284 0.011284722222222222 0.007908950617283951
3 0.11675347222222222 0.4384645061728395 0.008391203703703705 0.005401234567901234
0 0.1863425925925926 0.5242091049382716 0.016203703703703703 0.005979938271604938
0 0.20211226851851852 0.5228587962962963 0.011284722222222222 0.005208333333333333
0 0.1869212962962963 0.5382908950617284 0.009259259259259259 0.005208333333333333
0 0.17939814814814814 0.5501543209876543 0.019675925925925927 0.006558641975308642
3 0.9116030092592593 0.49209104938271603 0.015335648148148149 0.009645061728395061
3 0.8288483796296297 0.46383101851851855 0.01244212962962963 0.007908950617283951
3 0.8914930555555556 0.3851273148148148 0.009837962962962963 0.008294753086419753
3 0.8585069444444444 0.39197530864197533 0.005208333333333333 0.006944444444444444
3 0.9048032407407407 0.5109953703703703 0.010416666666666666 0.005787037037037037
0 0.7949942129629629 0.5649112654320988 0.015335648148148149 0.007908950617283951
0 0.8058449074074074 0.5758101851851852 0.017939814814814815 0.008873456790123456
0 0.7141203703703703 0.5615354938271605 0.016203703703703703 0.009645061728395061
0 0.7022569444444444 0.5471643518518519 0.017939814814814815 0.008680555555555556
0 0.7844328703703703 0.5470679012345679 0.012152777777777778 0.009645061728395061
8 0.20949074074074073 0.7497106481481481 0.022569444444444444 0.015625
3 0.06278935185185185 0.4976851851851852 0.017939814814814815 0.014660493827160493
3 0.06163194444444445 0.48427854938271603 0.012152777777777778 0.008294753086419753
3 0.0865162037037037 0.3680555555555556 0.008680555555555556 0.009645061728395061
8 0.40335648148148145 0.5080054012345679 0.020833333333333332 0.013695987654320988
1 0.6856192129629629 0.5298032407407407 0.014178240740740741 0.009066358024691358
9 0.2721354166666667 0.7957175925925926 0.01244212962962963 0.006558641975308642
3 0.9266493055555556 0.44396219135802467 0.008969907407407407 0.0055941358024691355
3 0.9142071759259259 0.4535108024691358 0.006076388888888889 0.005015432098765432
0 0.6163194444444444 0.21325231481481483 0.008101851851851851 0.0055941358024691355
0 0.5999710648148148 0.2230902777777778 0.019965277777777776 0.01099537037037037
0 0.3936631944444444 0.2097800925925926 0.021122685185185185 0.005208333333333333
1 0.2977430555555556 0.1953125 0.012152777777777778 0.005979938271604938
8 0.2048611111111111 0.21412037037037038 0.010416666666666666 0.008101851851851851
1 0.17737268518518517 0.21826774691358025 0.008101851851851851 0.005979938271604938
1 0.21889467592592593 0.2248263888888889 0.004918981481481482 0.0036651234567901233
8 0.3912037037037037 0.21064814814814814 0.006944444444444444 0.003472222222222222
0 0.5954861111111112 0.26176697530864196 0.01099537037037037 0.0073302469135802465
6 0.7096354166666666 0.17785493827160495 0.004918981481481482 0.0030864197530864196
1 0.7481192129629629 0.1945408950617284 0.004918981481481482 0.0028935185185185184
8 0.8708043981481481 0.18296682098765432 0.010127314814814815 0.01099537037037037
1 0.6140046296296297 0.37210648148148145 0.004050925925925926 0.003472222222222222
8 0.6021412037037037 0.3482831790123457 0.01273148148148148 0.009837962962962963
1 0.5840567129629629 0.34326774691358025 0.006076388888888889 0.003279320987654321
8 0.4197048611111111 0.5357831790123457 0.013599537037037037 0.013695987654320988
6 0.7168692129629629 0.6544174382716049 0.004918981481481482 0.003279320987654321
9 0.4642650462962963 0.8489583333333334 0.010127314814814815 0.005401234567901234
6 0.46122685185185186 0.8330439814814815 0.004050925925925926 0.002507716049382716
8 0.3460648148148148 0.8692129629629629 0.018518518518518517 0.013117283950617283
8 0.30324074074074076 0.8719135802469136 0.009259259259259259 0.008487654320987654
8 0.2042824074074074 0.8050733024691358 0.014467592592592593 0.00945216049382716
0 0.20515046296296297 0.7048611111111112 0.01678240740740741 0.010802469135802469
8 0.10199652777777778 0.7261766975308642 0.008391203703703705 0.006751543209876543
0 0.48336226851851855 0.6194058641975309 0.013599537037037037 0.009259259259259259
0 0.5613425925925926 0.2465277777777778 0.011574074074074073 0.0073302469135802465
8 0.04861111111111111 0.5153356481481481 0.01099537037037037 0.009837962962962963
0 0.16304976851851852 0.6853780864197531 0.010127314814814815 0.008101851851851851
5 0.26967592592592593 0.8423032407407407 0.0642361111111111 0.03993055555555555
8 0.2427662037037037 0.7944637345679012 0.013310185185185185 0.010223765432098766
0 0.1333912037037037 0.7655285493827161 0.01099537037037037 0.01678240740740741
6 0.25593171296296297 0.7115162037037037 0.005497685185185185 0.004822530864197531
0 0.8456307870370371 0.6063850308641975 0.0078125 0.0055941358024691355
0 0.8625578703703703 0.5851658950617284 0.027199074074074073 0.012924382716049383
6 0.8003472222222222 0.800733024691358 0.004050925925925926 0.002700617283950617
8 0.9309895833333334 0.24585262345679013 0.007233796296296296 0.008294753086419753
0 0.5086805555555556 0.6500771604938271 0.010416666666666666 0.002700617283950617
0 0.48234953703703703 0.8569637345679012 0.013310185185185185 0.00636574074074074
0 0.5920138888888888 0.8624614197530864 0.013888888888888888 0.0073302469135802465
0 0.13208912037037038 0.6086998456790124 0.015914351851851853 0.01871141975308642
8 0.8156828703703703 0.6963734567901234 0.009837962962962963 0.008101851851851851
7 0.7608506944444444 0.7265625 0.010127314814814815 0.007137345679012345
8 0.7994791666666666 0.783179012345679 0.01273148148148148 0.009645061728395061
8 0.31004050925925924 0.13040123456790123 0.01765046296296296 0.007716049382716049