8 0.3649941995359629 0.48228260869565215 0.01131090487238979 0.010652173913043479
8 0.16342807424593966 0.6120652173913044 0.0095707656612529 0.008913043478260869
8 0.13312064965197215 0.644891304347826 0.01160092807424594 0.012826086956521739
4 0.009280742459396751 0.6043478260869565 0.0069605568445475635 0.013043478260869565
1 0.2101218097447796 0.6167391304347826 0.007250580046403712 0.005652173913043478
1 0.2640661252900232 0.7258695652173913 0.004930394431554524 0.00391304347826087
8 0.5084106728538283 0.6571739130434783 0.020301624129930394 0.018695652173913044
9 0.5632250580046404 0.5979347826086957 0.008700696055684454 0.006739130434782609
9 0.568445475638051 0.600108695652174 0.004640371229698376 0.003260869565217391
8 0.5765661252900232 0.523695652173913 0.008700696055684454 0.006521739130434782
8 0.8113399071925754 0.7191304347826087 0.025812064965197216 0.021739130434782608
8 0.5210266821345708 0.8668478260869565 0.014211136890951276 0.01108695652173913
3 0.7439095127610209 0.2725 0.013921113689095127 0.011956521739130435
1 0.3091647331786543 0.10760869565217392 0.008700696055684454 0.006521739130434782
4 0.1915603248259861 0.11902173913043479 0.007250580046403712 0.006739130434782609
3 0.02842227378190255 0.42891304347826087 0.009860788863109048 0.011304347826086957
3 0.05582946635730859 0.4391304347826087 0.02117169373549884 0.01956521739130435
8 0.39008120649651973 0.5352173913043479 0.010440835266821345 0.009565217391304347
0 0.42995939675174016 0.5521739130434783 0.013051044083526682 0.009565217391304347
8 0.11731438515081206 0.7094565217391304 0.01131090487238979 0.010652173913043479
1 0.1711136890951276 0.7298913043478261 0.008700696055684454 0.006304347826086957
8 0.17372389791183296 0.7639130434782608 0.009860788863109048 0.00782608695652174
1 0.7088167053364269 0.8558695652173913 0.008700696055684454 0.006956521739130435
8 0.6567575406032483 0.8671739130434782 0.007250580046403712 0.005652173913043478
1 0.6708236658932715 0.8298913043478261 0.00580046403712297 0.005
8 0.8519431554524362 0.6981521739130435 0.01131090487238979 0.013695652173913043
0 0.7658062645011601 0.6281521739130435 0.010730858468677494 0.012826086956521739
1 0.7698665893271461 0.5927173913043479 0.006090487238979118 0.004130434782608695
3 0.8249709976798144 0.5565217391304348 0.013051044083526682 0.011304347826086957
8 0.7417343387470998 0.14967391304347827 0.0095707656612529 0.008043478260869565
1 0.29248839907192575 0.15054347826086956 0.004930394431554524 0.004130434782608695
1 0.30220417633410673 0.14728260869565218 0.004640371229698376 0.002826086956521739
1 0.3078596287703016 0.15239130434782608 0.0031902552204176333 0.002173913043478261
1 0.5343677494199536 0.46195652173913043 0.006670533642691415 0.0052173913043478265
0 0.1976508120649652 0.6266304347826087 0.014211136890951276 0.007173913043478261
1 0.29379350348027844 0.8121739130434783 0.0063805104408352666 0.004782608695652174
2 0.4837587006960557 0.5417391304347826 0.008120649651972157 0.0052173913043478265
9 0.384715777262181 0.5807608695652174 0.006670533642691415 0.005
6 0.4364849187935035 0.6135869565217391 0.005220417633410673 0.0036956521739130435
6 0.44286542923433875 0.6114130434782609 0.004640371229698376 0.004130434782608695
6 0.40704756380510443 0.6045652173913043 0.0037703016241299302 0.003043478260869565
6 0.521606728538283 0.6198913043478261 0.0037703016241299302 0.002826086956521739
1 0.5793213457076566 0.8689130434782608 0.010730858468677494 0.00782608695652174
4 0.060759860788863106 0.6072826086956522 0.011890951276102088 0.013695652173913043
1 0.2314385150812065 0.17630434782608695 0.004640371229698376 0.00391304347826087
6 0.6026682134570766 0.1683695652173913 0.00580046403712297 0.004130434782608695
3 0.9127030162412993 0.4022826086956522 0.00580046403712297 0.010652173913043479
8 0.6060034802784223 0.9051086956521739 0.012470997679814385 0.009347826086956522
1 0.3974767981438515 0.10402173913043478 0.007830626450116009 0.005869565217391304
6 0.34295243619489557 0.3631521739130435 0.010730858468677494 0.008043478260869565
8 0.5603248259860789 0.2633695652173913 0.01334106728538283 0.008478260869565218
1 0.5482888631090487 0.28097826086956523 0.008990719257540603 0.005869565217391304
0 0.7434744779582366 0.6351086956521739 0.013631090487238979 0.011521739130434782
0 0.8316415313225058 0.623804347826087 0.008410672853828306 0.006739130434782609
1 0.6075986078886311 0.8247826086956521 0.0075406032482598605 0.006521739130434782
0 0.33976218097447797 0.6691304347826087 0.013051044083526682 0.010434782608695653
1 0.32729118329466356 0.2232608695652174 0.007250580046403712 0.00608695652173913
0 0.3394721577726218 0.10456521739130435 0.0095707656612529 0.00391304347826087
8 0.7946635730858469 0.6243478260869565 0.009860788863109048 0.009565217391304347
8 0.8810904872389791 0.6928260869565217 0.013921113689095127 0.011304347826086957
8 0.03001740139211137 0.641195652173913 0.015951276102088168 0.01847826086956522
6 0.17807424593967516 0.6177173913043478 0.004640371229698376 0.004130434782608695
1 0.6115139211136891 0.23967391304347826 0.006670533642691415 0.007173913043478261
1 0.6086136890951276 0.18489130434782608 0.010150812064965197 0.006739130434782609
1 0.6209396751740139 0.24695652173913044 0.0069605568445475635 0.006521739130434782
1 0.6490719257540604 0.24597826086956523 0.008120649651972157 0.007608695652173913
8 0.8062645011600929 0.7641304347826087 0.0069605568445475635 0.007391304347826087
1 0.398491879350348 0.06684782608695652 0.0063805104408352666 0.0036956521739130435
1 0.4306844547563805 0.1748913043478261 0.010440835266821345 0.008478260869565218
1 0.42691415313225056 0.26706521739130434 0.005220417633410673 0.005
1 0.695330626450116 0.8436956521739131 0.007250580046403712 0.0052173913043478265
1 0.29770881670533644 0.7014130434782608 0.007250580046403712 0.005869565217391304
8 0.02972737819025522 0.6883695652173913 0.0095707656612529 0.014130434782608696
1 0.7575406032482599 0.7667391304347826 0.004640371229698376 0.004782608695652174
0 0.42720417633410673 0.5610869565217391 0.01160092807424594 0.00608695652173913
