6 0.6242749419953596 0.11652173913043479 0.004350348027842227 0.0034782608695652175
8 0.4470707656612529 0.33467391304347827 0.007830626450116009 0.007173913043478261
9 0.6570475638051044 0.2441304347826087 0.01131090487238979 0.006956521739130435
8 0.6342807424593968 0.19130434782608696 0.018561484918793503 0.013043478260869565
8 0.6722737819025522 0.19119565217391304 0.015661252900232018 0.010217391304347826
8 0.6911252900232019 0.22793478260869565 0.012761020881670533 0.010217391304347826
8 0.759715777262181 0.1634782608695652 0.01131090487238979 0.006956521739130435
3 0.7278132250580046 0.34097826086956523 0.02697215777262181 0.013695652173913043
0 0.5258120649651972 0.3681521739130435 0.0191415313225058 0.010652173913043479
3 0.17778422273781902 0.3834782608695652 0.022041763341067284 0.011304347826086957
3 0.0990429234338747 0.38608695652173913 0.01943155452436195 0.01652173913043478
3 0.09730278422273782 0.4177173913043478 0.010730858468677494 0.007173913043478261
3 0.0810614849187935 0.41782608695652174 0.010150812064965197 0.01
3 0.07482598607888631 0.39 0.012180974477958236 0.019130434782608695
3 0.06714037122969838 0.41043478260869565 0.01131090487238979 0.018695652173913044
4 0.02798723897911833 0.39652173913043476 0.0037703016241299302 0.005652173913043478
3 0.028857308584686776 0.4633695652173913 0.01537122969837587 0.01847826086956522
3 0.04828886310904872 0.5253260869565217 0.030452436194895592 0.09108695652173913
3 0.15574245939675174 0.5368478260869565 0.04814385150812065 0.023695652173913045
3 0.11107888631090487 0.49434782608695654 0.058004640371229696 0.07217391304347825
3 0.21142691415313225 0.5147826086956522 0.021461716937354988 0.01
4 0.22665313225058004 0.47282608695652173 0.007830626450116009 0.004782608695652174
6 0.6296403712296984 0.5480434782608695 0.008120649651972157 0.007391304347826087
4 0.7015661252900232 0.6015217391304348 0.011020881670533642 0.014347826086956521
3 0.7640661252900232 0.5103260869565217 0.02697215777262181 0.011956521739130435
3 0.8243909512761021 0.5052173913043478 0.020011600928074247 0.01652173913043478
3 0.8526682134570766 0.5140217391304348 0.031902552204176336 0.022391304347826088
3 0.8381670533642691 0.553804347826087 0.06554524361948956 0.03195652173913043
3 0.8419373549883991 0.4566304347826087 0.012761020881670533 0.007608695652173913
3 0.8486078886310905 0.4675 0.022041763341067284 0.011956521739130435
3 0.8854408352668214 0.481195652173913 0.0568445475638051 0.04630434782608696
3 0.8599187935034803 0.48456521739130437 0.012180974477958236 0.006521739130434782
3 0.8776102088167054 0.4998913043478261 0.020301624129930394 0.02891304347826087
3 0.890661252900232 0.5464130434782609 0.029002320185614848 0.059782608695652176
0 0.7668213457076566 0.7559782608695652 0.015661252900232018 0.028478260869565217
8 0.8207656612529002 0.7592391304347826 0.017981438515081206 0.021956521739130434
8 0.24854988399071926 0.6526086956521739 0.01334106728538283 0.009130434782608696
8 0.14515661252900233 0.24434782608695652 0.018851508120649653 0.02043478260869565
8 0.11905452436194895 0.26304347826086955 0.013051044083526682 0.017391304347826087
8 0.09933294663573086 0.7865217391304348 0.007250580046403712 0.009130434782608696
1 0.3570185614849188 0.5082608695652174 0.008120649651972157 0.00608695652173913
1 0.365284222737819 0.3909782608695652 0.014211136890951276 0.011956521739130435
1 0.3568735498839907 0.4007608695652174 0.008990719257540603 0.006739130434782609
1 0.7921983758700696 0.4082608695652174 0.006670533642691415 0.007391304347826087
8 0.23158352668213458 0.23956521739130435 0.013051044083526682 0.01
8 0.2688515081206497 0.21706521739130435 0.009860788863109048 0.008043478260869565
9 0.21476218097447797 0.17347826086956522 0.016531322505800465 0.014347826086956521
8 0.38660092807424595 0.23206521739130434 0.018561484918793503 0.015434782608695652
1 0.25986078886310904 0.1540217391304348 0.011020881670533642 0.008478260869565218
1 0.30553944315545245 0.15630434782608696 0.012470997679814385 0.00782608695652174
8 0.10933874709976799 0.2068478260869565 0.01740139211136891 0.012391304347826086
6 0.6010730858468677 0.1259782608695652 0.008410672853828306 0.005869565217391304
6 0.7098317865429234 0.21989130434782608 0.007830626450116009 0.005869565217391304
1 0.673723897911833 0.25630434782608696 0.012180974477958236 0.00782608695652174
1 0.27726218097447797 0.7303260869565218 0.011020881670533642 0.007608695652173913
1 0.07163573085846868 0.595108695652174 0.009860788863109048 0.009347826086956522
1 0.2470997679814385 0.6744565217391304 0.009860788863109048 0.007173913043478261
1 0.3082946635730858 0.24543478260869564 0.008700696055684454 0.006521739130434782
1 0.761745939675174 0.14739130434782607 0.008410672853828306 0.007391304347826087
0 0.5068155452436195 0.8682608695652174 0.008990719257540603 0.0034782608695652175
0 0.5121809744779582 0.8885869565217391 0.009280742459396751 0.005869565217391304
6 0.16371809744779584 0.21760869565217392 0.007250580046403712 0.005652173913043478
1 0.6982308584686775 0.12173913043478261 0.0031902552204176333 0.0026086956521739132
8 0.8291763341067285 0.2076086956521739 0.012761020881670533 0.01217391304347826
1 0.8819605568445475 0.23467391304347826 0.0034802784222737818 0.005434782608695652
0 0.5580046403712297 0.33293478260869563 0.0069605568445475635 0.004130434782608695
6 0.5015951276102089 0.3239130434782609 0.006090487238979118 0.004347826086956522
1 0.4167633410672854 0.34369565217391307 0.0075406032482598605 0.0052173913043478265
7 0.34164733178654294 0.3928260869565217 0.009280742459396751 0.006956521739130435
8 0.08947215777262181 0.6919565217391305 0.01131090487238979 0.010434782608695653
8 0.08700696055684455 0.721195652173913 0.0069605568445475635 0.006739130434782609
8 0.1109338747099768 0.25380434782608696 0.008410672853828306 0.006739130434782609
1 0.09976798143851508 0.2530434782608696 0.004060324825986079 0.004347826086956522
7 0.6611078886310905 0.3939130434782609 0.01131090487238979 0.00782608695652174
8 0.8037993039443155 0.8238043478260869 0.005510440835266821 0.004565217391304348
8 0.6570475638051044 0.09782608695652174 0.014791183294663572 0.01
0 0.7453596287703016 0.16717391304347826 0.010440835266821345 0.009565217391304347
