0 0.5434027777777778 0.46489197530864196 0.022569444444444444 0.023148148148148147
6 0.4369212962962963 0.5762924382716049 0.003472222222222222 0.001736111111111111
6 0.4848090277777778 0.59375 0.0026041666666666665 0.0015432098765432098
4 0.6529224537037037 0.611304012345679 0.008391203703703705 0.006944444444444444
0 0.7787905092592593 0.6026234567901234 0.015914351851851853 0.013503086419753086
0 0.7391493055555556 0.619116512345679 0.010127314814814815 0.007908950617283951
0 0.7521701388888888 0.5639467592592593 0.010127314814814815 0.004822530864197531
0 0.7871817129629629 0.5715663580246914 0.013599537037037037 0.009645061728395061
0 0.8574942129629629 0.5808256172839507 0.014178240740740741 0.008487654320987654
0 0.7947048611111112 0.6183449074074074 0.004918981481481482 0.004050925925925926
0 0.7931134259259259 0.5923032407407407 0.007523148148148148 0.005979938271604938
0 0.8981481481481481 0.6727430555555556 0.01273148148148148 0.016010802469135804
0 0.8635706018518519 0.6756365740740741 0.008391203703703705 0.012924382716049383
0 0.9380787037037037 0.34770447530864196 0.009259259259259259 0.025270061728395063
4 0.8472222222222222 0.474633487654321 0.004629629629629629 0.004436728395061728
0 0.7446469907407407 0.5896026234567902 0.007233796296296296 0.005208333333333333
0 0.7479745370370371 0.5450424382716049 0.013888888888888888 0.007523148148148148
8 0.7149884259259259 0.5408950617283951 0.006944444444444444 0.004629629629629629
0 0.48191550925925924 0.5137924382716049 0.006076388888888889 0.005979938271604938
4 0.36574074074074076 0.5075231481481481 0.005208333333333333 0.004629629629629629
8 0.19285300925925927 0.5792824074074074 0.0078125 0.0073302469135802465
0 0.2087673611111111 0.6011766975308642 0.01707175925925926 0.01253858024691358
8 0.2026909722222222 0.6314621913580247 0.011284722222222222 0.007908950617283951
3 0.14076967592592593 0.5071373456790124 0.015335648148148149 0.015046296296296295
3 0.12311921296296297 0.5172646604938271 0.006076388888888889 0.005979938271604938
0 0.16666666666666666 0.6433256172839507 0.02662037037037037 0.019290123456790122
8 0.30483217592592593 0.6993634259259259 0.008391203703703705 0.005208333333333333
4 0.35691550925925924 0.6610725308641975 0.008391203703703705 0.005401234567901234
0 0.49797453703703703 0.6988811728395061 0.012152777777777778 0.015817901234567902
0 0.5739293981481481 0.3420138888888889 0.019386574074074073 0.013503086419753086
0 0.5196759259259259 0.36554783950617287 0.015625 0.010416666666666666
0 0.4301215277777778 0.3836805555555556 0.01707175925925926 0.011188271604938271
6 0.4288194444444444 0.4054783950617284 0.005208333333333333 0.0038580246913580245
0 0.19733796296296297 0.6158371913580247 0.008101851851851851 0.00945216049382716
0 0.27763310185185186 0.6146797839506173 0.01070601851851852 0.008680555555555556
0 0.24131944444444445 0.609375 0.010416666666666666 0.010802469135802469
0 0.2126736111111111 0.5673225308641975 0.01099537037037037 0.008101851851851851
0 0.15335648148148148 0.5950038580246914 0.013310185185185185 0.02334104938271605
0 0.04079861111111111 0.36400462962962965 0.010416666666666666 0.029320987654320986
0 0.06987847222222222 0.38175154320987653 0.008391203703703705 0.013117283950617283
0 0.6807002314814815 0.7512538580246914 0.014178240740740741 0.01099537037037037
0 0.4778645833333333 0.14255401234567902 0.01880787037037037 0.010416666666666666
6 0.3645833333333333 0.12355324074074074 0.008101851851851851 0.004436728395061728
0 0.2829861111111111 0.25983796296296297 0.006944444444444444 0.005015432098765432
0 0.36183449074074076 0.20476466049382716 0.005497685185185185 0.004822530864197531
0 0.40769675925925924 0.1945408950617284 0.005208333333333333 0.0036651234567901233
0 0.34476273148148145 0.2107445987654321 0.004340277777777778 0.003279320987654321
0 0.5319733796296297 0.5260416666666666 0.004340277777777778 0.003472222222222222
0 0.5311053240740741 0.5339506172839507 0.005497685185185185 0.004243827160493827
0 0.5244502314814815 0.5382908950617284 0.006076388888888889 0.004050925925925926
0 0.4732349537037037 0.5307677469135802 0.006655092592592593 0.005208333333333333
0 0.47670717592592593 0.5220871913580247 0.004918981481481482 0.005208333333333333
0 0.29890046296296297 0.5904706790123457 0.015046296296296295 0.0073302469135802465
0 0.12080439814814815 0.6268325617283951 0.02922453703703704 0.02141203703703704
0 0.09620949074074074 0.6358024691358025 0.02459490740740741 0.032407407407407406
0 0.4874131944444444 0.6733217592592593 0.0078125 0.0055941358024691355
0 0.48451967592592593 0.6949266975308642 0.0078125 0.005208333333333333
3 0.9173900462962963 0.4754050925925926 0.01070601851851852 0.011381172839506173
3 0.8942418981481481 0.5031828703703703 0.013020833333333334 0.008680555555555556
0 0.05381944444444445 0.3382523148148148 0.013888888888888888 0.033371913580246916
0 0.39265046296296297 0.8653549382716049 0.009837962962962963 0.005787037037037037
0 0.5169270833333334 0.8604359567901234 0.007233796296296296 0.0055941358024691355
0 0.5797164351851852 0.1730324074074074 0.019965277777777776 0.010802469135802469
0 0.5522280092592593 0.19270833333333334 0.011863425925925927 0.006558641975308642
0 0.5836226851851852 0.24074074074074073 0.007523148148148148 0.0073302469135802465
0 0.6167534722222222 0.19685570987654322 0.010127314814814815 0.004822530864197531
8 0.7758969907407407 0.6435185185185185 0.010127314814814815 0.006944444444444444
0 0.8013599537037037 0.6795910493827161 0.013020833333333334 0.011959876543209876
0 0.9043692129629629 0.6428433641975309 0.01070601851851852 0.01678240740740741
9 0.6302083333333334 0.6946373456790124 0.005787037037037037 0.005401234567901234
0 0.18359375 0.6028163580246914 0.015914351851851853 0.01273148148148148
8 0.14149305555555555 0.5648148148148148 0.008680555555555556 0.005787037037037037
0 0.2261284722222222 0.6043595679012346 0.006655092592592593 0.005401234567901234
0 0.19039351851851852 0.646508487654321 0.007523148148148148 0.007137345679012345
0 0.20789930555555555 0.6471836419753086 0.01707175925925926 0.016203703703703703
8 0.4288194444444444 0.1404320987654321 0.019675925925925927 0.013503086419753086
1 0.8663194444444444 0.2505787037037037 0.01678240740740741 0.008487654320987654
0 0.6581307870370371 0.5653935185185185 0.013020833333333334 0.009259259259259259
0 0.7277199074074074 0.6101466049382716 0.009837962962962963 0.008487654320987654
0 0.7565104166666666 0.6638695987654321 0.026331018518518517 0.011381172839506173
0 0.7838541666666666 0.6663773148148148 0.009837962962962963 0.006751543209876543
0 0.8132233796296297 0.6084104938271605 0.009548611111111112 0.008873456790123456
8 0.8478009259259259 0.6070601851851852 0.009837962962962963 0.009259259259259259
0 0.10749421296296297 0.6688850308641975 0.01070601851851852 0.02179783950617284
0 0.11820023148148148 0.689429012345679 0.011863425925925927 0.01427469135802469
0 0.21484375 0.6187307098765432 0.010127314814814815 0.007137345679012345
0 0.27141203703703703 0.6526813271604939 0.010416666666666666 0.004436728395061728
0 0.21976273148148148 0.5916280864197531 0.0078125 0.0073302469135802465
0 0.29788773148148145 0.5340470679012346 0.011863425925925927 0.005979938271604938
8 0.04311342592592592 0.42216435185185186 0.009259259259259259 0.009837962962962963
0 0.73828125 0.5863233024691358 0.0078125 0.006751543209876543
8 0.1752025462962963 0.5736882716049383 0.011284722222222222 0.008487654320987654
0 0.1456886574074074 0.6192129629629629 0.006655092592592593 0.006944444444444444