1 0.2600058004640371 0.23771739130434782 0.014211136890951276 0.008043478260869565
1 0.23854408352668213 0.21619565217391304 0.010150812064965197 0.008043478260869565
1 0.3024941995359629 0.25782608695652176 0.012180974477958236 0.009130434782608696
1 0.2652262180974478 0.20228260869565218 0.010150812064965197 0.007608695652173913
1 0.2845127610208817 0.18347826086956523 0.011020881670533642 0.008695652173913044
6 0.23390371229698376 0.28532608695652173 0.008410672853828306 0.007608695652173913
6 0.41183294663573083 0.11728260869565217 0.01334106728538283 0.007173913043478261
1 0.35730858468677495 0.16293478260869565 0.011020881670533642 0.007608695652173913
1 0.3771751740139211 0.1492391304347826 0.010150812064965197 0.008043478260869565
1 0.5298723897911833 0.21456521739130435 0.009280742459396751 0.010869565217391304
1 0.5584396751740139 0.10543478260869565 0.013051044083526682 0.00826086956521739
1 0.6822795823665894 0.175 0.01131090487238979 0.011304347826086957
1 0.6534222737819025 0.17326086956521738 0.010440835266821345 0.007391304347826087
3 0.834106728538283 0.40706521739130436 0.01160092807424594 0.010217391304347826
3 0.8995069605568445 0.4931521739130435 0.010730858468677494 0.011521739130434782
3 0.7378190255220418 0.5530434782608695 0.01160092807424594 0.010434782608695653
3 0.7663863109048724 0.55 0.008410672853828306 0.00826086956521739
3 0.4656322505800464 0.5197826086956522 0.0095707656612529 0.008695652173913044
3 0.40835266821345706 0.5085869565217391 0.009860788863109048 0.006304347826086957
3 0.43546983758700697 0.49728260869565216 0.005510440835266821 0.005869565217391304
3 0.30887470997679817 0.5417391304347826 0.0075406032482598605 0.005652173913043478
3 0.14196635730858467 0.5694565217391304 0.0095707656612529 0.008478260869565218
3 0.22114269141531323 0.5520652173913043 0.007830626450116009 0.006304347826086957
3 0.06627030162412993 0.5323913043478261 0.007830626450116009 0.01217391304347826
4 0.16951856148491878 0.565 0.013631090487238979 0.01
4 0.7643561484918794 0.7564130434782609 0.013631090487238979 0.01108695652173913
1 0.7552204176334106 0.7797826086956522 0.011020881670533642 0.00826086956521739
1 0.6044083526682135 0.9008695652173913 0.012180974477958236 0.00826086956521739
1 0.6509570765661253 0.895 0.010730858468677494 0.007391304347826087
1 0.5935324825986079 0.9231521739130435 0.0095707656612529 0.006739130434782609
1 0.587877030162413 0.8925 0.008700696055684454 0.004565217391304348
1 0.453161252900232 0.9222826086956522 0.008410672853828306 0.007173913043478261
1 0.42952436194895594 0.8947826086956522 0.009280742459396751 0.00608695652173913
1 0.4066125290023202 0.9168478260869565 0.008700696055684454 0.006739130434782609
1 0.3642691415313225 0.8755434782608695 0.01160092807424594 0.008913043478260869
8 0.33483178654292345 0.7597826086956522 0.021751740139211138 0.019130434782608695
1 0.27494199535962877 0.7846739130434782 0.0075406032482598605 0.007173913043478261
1 0.24970997679814386 0.7276086956521739 0.012761020881670533 0.009565217391304347
0 0.2798723897911833 0.7108695652173913 0.011020881670533642 0.01
0 0.21345707656612528 0.5988043478260869 0.014501160092807424 0.008913043478260869
0 0.767546403712297 0.6741304347826087 0.017111368909512762 0.014347826086956521
4 0.5870069605568445 0.47152173913043477 0.004640371229698376 0.0034782608695652175
8 0.5619199535962877 0.5959782608695652 0.018271461716937356 0.015
1 0.37021461716937354 0.10043478260869565 0.01943155452436195 0.007391304347826087
1 0.3090197215777262 0.09347826086956522 0.016531322505800465 0.00608695652173913
1 0.15690255220417634 0.23793478260869566 0.008700696055684454 0.007608695652173913
0 0.16139791183294663 0.6893478260869565 0.006670533642691415 0.00608695652173913
1 0.14211136890951276 0.6789130434782609 0.014501160092807424 0.008695652173913044
0 0.5087006960556845 0.7502173913043478 0.009860788863109048 0.00608695652173913
8 0.6666183294663574 0.18510869565217392 0.014791183294663572 0.010652173913043479
1 0.7082366589327146 0.8644565217391305 0.011020881670533642 0.006739130434782609
1 0.7176624129930395 0.8801086956521739 0.01537122969837587 0.01108695652173913
2 0.5529292343387471 0.8871739130434783 0.010150812064965197 0.00826086956521739
2 0.5607598607888631 0.8928260869565218 0.014791183294663572 0.004782608695652174
0 0.07120069605568445 0.5089130434782608 0.008410672853828306 0.014347826086956521
1 0.1683584686774942 0.6453260869565217 0.007250580046403712 0.006304347826086957
1 0.912122969837587 0.5619565217391305 0.009280742459396751 0.009130434782608696
8 0.13500580046403712 0.19141304347826088 0.011890951276102088 0.010217391304347826
1 0.09643271461716937 0.3481521739130435 0.008990719257540603 0.008913043478260869
8 0.7932134570765661 0.8202173913043478 0.022041763341067284 0.014782608695652174
0 0.5049303944315545 0.7368478260869565 0.008700696055684454 0.004130434782608695
1 0.566415313225058 0.7567391304347826 0.0063805104408352666 0.00391304347826087
0 0.5849767981438515 0.7547826086956522 0.00580046403712297 0.014782608695652174
0 0.30031902552204176 0.6181521739130434 0.014791183294663572 0.012826086956521739
0 0.32047563805104406 0.5929347826086957 0.010440835266821345 0.011521739130434782
6 0.3794953596287703 0.5681521739130435 0.007250580046403712 0.005
1 0.646606728538283 0.2658695652173913 0.008410672853828306 0.005652173913043478
6 0.3531032482598608 0.1333695652173913 0.008410672853828306 0.005
0 0.6712587006960556 0.5628260869565217 0.01943155452436195 0.01956521739130435
1 0.8422273781902552 0.5539130434782609 0.00580046403712297 0.0034782608695652175
1 0.8428074245939675 0.5482608695652174 0.004640371229698376 0.003043478260869565
1 0.8381670533642691 0.5606521739130435 0.004640371229698376 0.0026086956521739132
1 0.8307714617169374 0.5652173913043478 0.0031902552204176333 0.0026086956521739132
1 0.8238109048723898 0.605108695652174 0.006090487238979118 0.004130434782608695
8 0.8855858468677494 0.6020652173913044 0.01537122969837587 0.014565217391304348
1 0.863254060324826 0.782608695652174 0.008410672853828306 0.00782608695652174
8 0.20127610208816704 0.8333695652173913 0.011020881670533642 0.01108695652173913
8 0.1384860788863109 0.795 0.014791183294663572 0.01217391304347826
8 0.07555104408352668 0.6425 0.014211136890951276 0.016739130434782607
0 0.5163863109048724 0.7239130434782609 0.008410672853828306 0.006521739130434782
0 0.515661252900232 0.7325 0.0069605568445475635 0.007608695652173913
8 0.3407772621809745 0.14456521739130435 0.025522041763341066 0.021304347826086957
0 0.9135730858468677 0.6429347826086956 0.016241299303944315 0.02326086956521739
2 0.4879640371229698 0.9141304347826087 0.018851508120649653 0.00608695652173913
1 0.23622389791183296 0.8683695652173913 0.0031902552204176333 0.002391304347826087
1 0.07946635730858469 0.7465217391304347 0.0034802784222737818 0.004782608695652174
0 0.12021461716937355 0.6422826086956521 0.0031902552204176333 0.008913043478260869
0 0.7415893271461717 0.5847826086956521 0.01160092807424594 0.00608695652173913