7 0.765516241299304 0.28608695652173916 0.03567285382830626 0.024782608695652172
1 0.8313515081206496 0.4777173913043478 0.0095707656612529 0.008478260869565218
3 0.884715777262181 0.5031521739130435 0.0095707656612529 0.007608695652173913
3 0.8739849187935035 0.4756521739130435 0.008410672853828306 0.009565217391304347
3 0.9127030162412993 0.47141304347826085 0.009280742459396751 0.011521739130434782
3 0.8884860788863109 0.49880434782608696 0.004350348027842227 0.0036956521739130435
3 0.919953596287703 0.5025 0.004060324825986079 0.004565217391304348
3 0.9015371229698376 0.513804347826087 0.006670533642691415 0.008478260869565218
3 0.9272041763341067 0.5073913043478261 0.004060324825986079 0.004347826086956522
3 0.892691415313225 0.5208695652173913 0.017981438515081206 0.00826086956521739
1 0.9032772621809745 0.5470652173913043 0.008990719257540603 0.007173913043478261
0 0.8635440835266821 0.5621739130434783 0.012470997679814385 0.028695652173913042
3 0.9196635730858469 0.5268478260869566 0.008120649651972157 0.008913043478260869
3 0.8278712296983759 0.49521739130434783 0.021751740139211138 0.015217391304347827
6 0.818445475638051 0.47456521739130436 0.005220417633410673 0.00391304347826087
1 0.8127900232018561 0.5285869565217391 0.005510440835266821 0.004130434782608695
1 0.831931554524362 0.5232608695652174 0.004350348027842227 0.003043478260869565
1 0.7766821345707656 0.5398913043478261 0.0069605568445475635 0.004565217391304348
2 0.5626450116009281 0.8801086956521739 0.03074245939675174 0.009782608695652175
3 0.695330626450116 0.7083695652173913 0.010150812064965197 0.006739130434782609
3 0.5654002320185615 0.5877173913043479 0.008990719257540603 0.010217391304347826
3 0.6590777262180975 0.639891304347826 0.01537122969837587 0.012826086956521739
3 0.421838747099768 0.43826086956521737 0.008410672853828306 0.004347826086956522
3 0.39051624129930396 0.5063043478260869 0.0095707656612529 0.00826086956521739
1 0.33019141531322505 0.5385869565217392 0.006670533642691415 0.005434782608695652
3 0.13645591647331787 0.46141304347826084 0.017111368909512762 0.015
7 0.07874129930394431 0.4558695652173913 0.007830626450116009 0.01
3 0.10368329466357308 0.48054347826086957 0.007830626450116009 0.006304347826086957
3 0.11281902552204176 0.5090217391304348 0.013921113689095127 0.024565217391304347
3 0.09817285382830626 0.4910869565217391 0.008990719257540603 0.009565217391304347
3 0.07410092807424594 0.4990217391304348 0.0095707656612529 0.005434782608695652
3 0.061339907192575406 0.5375 0.004930394431554524 0.006739130434782609
3 0.0675754060324826 0.5459782608695652 0.009860788863109048 0.008478260869565218
3 0.15516241299303946 0.5064130434782609 0.020301624129930394 0.009782608695652175
1 0.18648491879350348 0.548804347826087 0.01160092807424594 0.007173913043478261
1 0.6448665893271461 0.5304347826086957 0.008990719257540603 0.006521739130434782
3 0.5397331786542924 0.4708695652173913 0.01160092807424594 0.00826086956521739
0 0.4388051044083527 0.5848913043478261 0.012180974477958236 0.015434782608695652
3 0.1519721577726218 0.5745652173913044 0.017981438515081206 0.010869565217391304
3 0.12079466357308585 0.5706521739130435 0.01537122969837587 0.012608695652173913
1 0.2955336426914153 0.5471739130434783 0.008700696055684454 0.006521739130434782
0 0.30974477958236657 0.648804347826087 0.016241299303944315 0.008913043478260869
0 0.3375870069605568 0.7307608695652174 0.011020881670533642 0.007173913043478261
3 0.11006380510440836 0.6148913043478261 0.0095707656612529 0.013260869565217392
3 0.08903712296983758 0.611304347826087 0.008120649651972157 0.009565217391304347
0 0.7827726218097448 0.6203260869565217 0.011020881670533642 0.011956521739130435
0 0.7663863109048724 0.6271739130434782 0.018271461716937356 0.016956521739130436
7 0.5224767981438515 0.7019565217391305 0.03219257540603248 0.02782608695652174
1 0.3715197215777262 0.8993478260869565 0.004060324825986079 0.0034782608695652175
0 0.3248259860788863 0.6647826086956522 0.0075406032482598605 0.01217391304347826
7 0.824245939675174 0.6721739130434783 0.015661252900232018 0.01391304347826087
1 0.8174303944315545 0.1817391304347826 0.007830626450116009 0.005652173913043478
1 0.19272041763341066 0.5679347826086957 0.005510440835266821 0.004130434782608695
8 0.31656032482598606 0.7522826086956522 0.01943155452436195 0.016304347826086956
0 0.5591647331786543 0.6789130434782609 0.015081206496519721 0.007391304347826087
0 0.7426044083526682 0.6330434782608696 0.011890951276102088 0.00608695652173913
1 0.8283062645011601 0.5764130434782608 0.008120649651972157 0.005869565217391304
0 0.4363399071925754 0.2942391304347826 0.010150812064965197 0.009782608695652175
0 0.42691415313225056 0.3585869565217391 0.008120649651972157 0.007173913043478261
0 0.541038283062645 0.3101086956521739 0.008990719257540603 0.007608695652173913
0 0.08860208816705337 0.42945652173913046 0.012470997679814385 0.013695652173913043
1 0.52334686774942 0.4905434782608696 0.004350348027842227 0.0036956521739130435
1 0.8604988399071926 0.5360869565217391 0.0063805104408352666 0.00608695652173913
1 0.830191415313225 0.5496739130434782 0.006090487238979118 0.005
1 0.8010440835266821 0.5659782608695653 0.008700696055684454 0.006304347826086957
0 0.15907772621809746 0.7292391304347826 0.006090487238979118 0.008478260869565218
8 0.6560324825986079 0.8344565217391304 0.009860788863109048 0.007608695652173913
1 0.7437645011600929 0.7267391304347826 0.0037703016241299302 0.00391304347826087
0 0.6331206496519721 0.616304347826087 0.01160092807424594 0.013043478260869565
0 0.6532772621809745 0.5757608695652174 0.017111368909512762 0.010652173913043479
1 0.863399071925754 0.5892391304347826 0.0069605568445475635 0.0036956521739130435
0 0.5446635730858469 0.2852173913043478 0.00580046403712297 0.009565217391304347
0 0.4759280742459397 0.37923913043478263 0.009860788863109048 0.009347826086956522
0 0.4443155452436195 0.528804347826087 0.009860788863109048 0.008478260869565218