4 0.19127030162412992 0.19434782608695653 0.01131090487238979 0.011739130434782608
4 0.15211716937354988 0.28130434782608693 0.013051044083526682 0.01391304347826087
4 0.6421113689095128 0.8379347826086957 0.008700696055684454 0.010652173913043479
4 0.04234338747099768 0.47445652173913044 0.011020881670533642 0.008478260869565218
1 0.6944605568445475 0.1540217391304348 0.007830626450116009 0.007608695652173913
0 0.6825696055684455 0.827391304347826 0.008990719257540603 0.00608695652173913
3 0.8444025522041764 0.4890217391304348 0.011890951276102088 0.014565217391304348
3 0.8564385150812065 0.46891304347826085 0.011020881670533642 0.011304347826086957
3 0.8832656612529002 0.42880434782608695 0.013631090487238979 0.013260869565217392
2 0.7758120649651972 0.10619565217391304 0.029002320185614848 0.021956521739130434
3 0.4464907192575406 0.4255434782608696 0.013631090487238979 0.010217391304347826
7 0.40893271461716935 0.4468478260869565 0.016241299303944315 0.014565217391304348
9 0.4431554524361949 0.5740217391304347 0.008120649651972157 0.005434782608695652
9 0.412122969837587 0.6729347826086957 0.01160092807424594 0.007173913043478261
3 0.8893561484918794 0.3939130434782609 0.013631090487238979 0.01565217391304348
3 0.8758700696055685 0.39065217391304347 0.009860788863109048 0.011304347826086957
3 0.07859628770301624 0.45565217391304347 0.025522041763341066 0.017391304347826087
3 0.10469837587006961 0.4373913043478261 0.010440835266821345 0.01565217391304348
3 0.17198375870069604 0.7608695652173914 0.023781902552204175 0.021304347826086957
8 0.29306844547563804 0.9293478260869565 0.017111368909512762 0.01391304347826087
3 0.15574245939675174 0.6846739130434782 0.015661252900232018 0.010652173913043479
0 0.07105568445475638 0.601195652173913 0.016241299303944315 0.014130434782608696
9 0.37296983758700697 0.5654347826086956 0.010440835266821345 0.014782608695652174
0 0.0872969837587007 0.7218478260869565 0.014501160092807424 0.03108695652173913
6 0.8429524361948956 0.7153260869565218 0.008410672853828306 0.006304347826086957
0 0.23303364269141533 0.21184782608695651 0.04031322505800464 0.02891304347826087
0 0.3517981438515081 0.9134782608695652 0.022041763341067284 0.02
1 0.708961716937355 0.7096739130434783 0.012470997679814385 0.008478260869565218
8 0.2162122969837587 0.6296739130434783 0.030452436194895592 0.018043478260869564
1 0.24912993039443154 0.16184782608695653 0.0063805104408352666 0.005
0 0.6613979118329466 0.24304347826086956 0.01769141531322506 0.012608695652173913
0 0.1970707656612529 0.16793478260869565 0.02291183294663573 0.01934782608695652
2 0.49245939675174016 0.5675 0.06496519721577726 0.023695652173913045
2 0.5475638051044084 0.591195652173913 0.02088167053364269 0.016304347826086956
2 0.45171113689095127 0.55 0.017111368909512762 0.01565217391304348
4 0.5346577726218097 0.6832608695652174 0.01943155452436195 0.010869565217391304
0 0.5890371229698376 0.6077173913043479 0.024361948955916472 0.04543478260869565
4 0.5336426914153132 0.7726086956521739 0.015661252900232018 0.009130434782608696
3 0.13616589327146172 0.4681521739130435 0.01769141531322506 0.013260869565217392
3 0.11948955916473318 0.5185869565217391 0.014501160092807424 0.010217391304347826
3 0.08149651972157773 0.42945652173913046 0.010440835266821345 0.008043478260869565
3 0.07816125290023201 0.41456521739130436 0.010730858468677494 0.011304347826086957
8 0.6935904872389791 0.8194565217391304 0.017111368909512762 0.01717391304347826
1 0.685614849187935 0.19032608695652173 0.0063805104408352666 0.006304347826086957
1 0.617314385150812 0.07815217391304348 0.005510440835266821 0.004565217391304348
8 0.791038283062645 0.7866304347826087 0.010730858468677494 0.008478260869565218
5 0.6779292343387471 0.8894565217391305 0.037412993039443156 0.03152173913043478
8 0.2672563805104408 0.7563043478260869 0.01131090487238979 0.011739130434782608
1 0.2513051044083527 0.7623913043478261 0.007250580046403712 0.0052173913043478265
6 0.49854988399071926 0.5501086956521739 0.004640371229698376 0.002826086956521739
1 0.6219547563805105 0.8504347826086956 0.004930394431554524 0.0034782608695652175
1 0.5901972157772621 0.04576086956521739 0.0069605568445475635 0.0036956521739130435
1 0.7325986078886311 0.20369565217391306 0.005220417633410673 0.0034782608695652175
5 0.7220127610208816 0.851304347826087 0.04495359628770302 0.029130434782608697
0 0.41574825986078884 0.5943478260869566 0.014211136890951276 0.030434782608695653
8 0.742314385150812 0.8816304347826087 0.01943155452436195 0.013695652173913043
8 0.2826276102088167 0.8496739130434783 0.02291183294663573 0.01847826086956522
0 0.45591647331786544 0.561304347826087 0.015661252900232018 0.024782608695652172
