4 0.21675191815856779 0.5801965955406377 0.010230179028132993 0.01006952769120115
0 0.2937979539641944 0.5492687604890913 0.012148337595907928 0.005274514504914889
9 0.1635230179028133 0.6962359146487653 0.012468030690537084 0.009110525053943897
4 0.1793478260869565 0.7993286981539199 0.005754475703324808 0.008151522416686647
8 0.4752237851662404 0.9135698873171901 0.015025575447570333 0.008870774394629586
8 0.7615089514066496 0.8058019659554064 0.02557544757033248 0.02301606329417406
9 0.7822890025575447 0.7029489331095661 0.013427109974424553 0.010549029009829777
9 0.787883631713555 0.6929992807480221 0.01118925831202046 0.008870774394629586
0 0.26278772378516624 0.5297290817549748 0.04283887468030691 0.02948933109566051
0 0.7738171355498721 0.5997362742747543 0.01118925831202046 0.013665787580915847
0 0.7993925831202046 0.5783984655957803 0.03740409207161125 0.017501798129944856
8 0.7578324808184144 0.9011028530328459 0.027813299232736573 0.026132821865260128
8 0.7274616368286445 0.9405418364900503 0.02014066496163683 0.022057060656916806
9 0.3962595907928389 0.03344521697434668 0.009910485933503837 0.006473267801486454
1 0.6636828644501279 0.1004555262526972 0.010869565217391304 0.007672021098058019
4 0.9296675191815856 0.2765523855190602 0.00639386189258312 0.008870774394629586
7 0.8478260869565217 0.09314313114361064 0.00639386189258312 0.005993766482857828
4 0.08679667519181586 0.31107648046032127 0.006713554987212276 0.005993766482857828
1 0.31218030690537085 0.12023495564612803 0.007352941176470588 0.005993766482857828
1 0.28724424552429667 0.6080076720210981 0.006713554987212276 0.006233517142172141
0 0.5364450127877238 0.7644449772236873 0.010869565217391304 0.008391273076000958
1 0.6475383631713555 0.9218412850635339 0.009271099744245524 0.007672021098058019
1 0.6197250639386189 0.9334691920402781 0.00479539641943734 0.004075761208343323
1 0.6299552429667519 0.9123711340206185 0.00479539641943734 0.004075761208343323
0 0.14370204603580564 0.5736034524094942 0.012468030690537084 0.011268280987772716
8 0.07464833759590793 0.6095660513066411 0.008631713554987212 0.010309278350515464
8 0.1118925831202046 0.596499640374011 0.010869565217391304 0.011987532965715655
8 0.19197570332480818 0.7602493406856868 0.022698209718670075 0.026372572524574443
1 0.0719309462915601 0.2187724766243107 0.00319693094629156 0.0026372572524574443
9 0.8773976982097187 0.6083672980100695 0.007352941176470588 0.005993766482857828
8 0.9581202046035806 0.5686885638935507 0.008951406649616368 0.016303044833373293
1 0.3508631713554987 0.21673459602013906 0.006074168797953964 0.005754015823543515
0 0.12020460358056266 0.6418125149844162 0.0370843989769821 0.037401102853032844
1 0.9092071611253197 0.6480460321265884 0.008312020460358057 0.006233517142172141
1 0.31921355498721227 0.13126348597458642 0.006713554987212276 0.007432270438743707
1 0.6580882352941176 0.2005514265164229 0.005434782608695652 0.004075761208343323
8 0.9458120204603581 0.35243346919204027 0.013746803069053709 0.021577559338288182
8 0.8419117647058824 0.7528170702469432 0.019501278772378516 0.014385039558858786
8 0.7842071611253197 0.8704147686406137 0.015345268542199489 0.013186286262287222
2 0.49248721227621484 0.8990649724286742 0.018222506393861894 0.009590026372572525
5 0.12803708439897699 0.7295612562934548 0.03676470588235294 0.04699112922560537
6 0.17902813299232737 0.7168544713497962 0.011508951406649617 0.009590026372572525
1 0.12020460358056266 0.539798609446176 0.005115089514066497 0.004555262526971949
6 0.3601342710997442 0.6183169503716135 0.00479539641943734 0.0028770079117717575
1 0.31345907928388744 0.16770558619036202 0.0041560102301790285 0.0031167585710860706
9 0.6451406649616368 0.33565092304003835 0.005754475703324808 0.004315511867657636
1 0.5837595907928389 0.35303284584032607 0.00319693094629156 0.0031167585710860706
1 0.5751278772378516 0.35303284584032607 0.00319693094629156 0.0031167585710860706
1 0.060421994884910485 0.5021577559338288 0.004475703324808184 0.005034763845600575
0 0.204923273657289 0.5441141213138336 0.013427109974424553 0.005514265164229201
0 0.11029411764705882 0.611004555262527 0.01278772378516624 0.016542795492687605
0 0.15361253196930946 0.6353392471829298 0.01118925831202046 0.016782546152001917
1 0.7472826086956522 0.8583073603452409 0.009910485933503837 0.006713018460800768
1 0.7105179028132992 0.9230400383601055 0.0079923273657289 0.007672021098058019
6 0.7492007672634271 0.6335411172380724 0.006074168797953964 0.006473267801486454
0 0.6847826086956522 0.584991608726924 0.014066496163682864 0.008151522416686647
0 0.8021099744245525 0.5661711819707504 0.008951406649616368 0.005993766482857828
0 0.7367327365728901 0.6479261567969312 0.006074168797953964 0.005514265164229201
0 0.2237851662404092 0.6695037161352194 0.021099744245524295 0.01846080076720211
0 0.2042838874680307 0.5921841285063534 0.01918158567774936 0.009110525053943897
0 0.212116368286445 0.615559817789499 0.008631713554987212 0.013665787580915847