3 0.6200696055684455 0.5434782608695652 0.009860788863109048 0.010869565217391304
4 0.7830626450116009 0.46891304347826085 0.011020881670533642 0.006521739130434782
4 0.857453596287703 0.38108695652173913 0.005510440835266821 0.0052173913043478265
8 0.6725638051044084 0.155 0.030162412993039442 0.017391304347826087
3 0.11397911832946636 0.38858695652173914 0.009860788863109048 0.010652173913043479
3 0.11629930394431555 0.5551086956521739 0.02320185614849188 0.01847826086956522
9 0.6616879350348028 0.8380434782608696 0.02349187935034803 0.019130434782608695
2 0.5304524361948956 0.9017391304347826 0.023781902552204175 0.01217391304347826
2 0.4953596287703016 0.8864130434782609 0.034222737819025524 0.010652173913043479
2 0.4775232018561485 0.9243478260869565 0.020591647331786544 0.00826086956521739
0 0.4251740139211137 0.9203260869565217 0.010440835266821345 0.004130434782608695
2 0.40356728538283065 0.9141304347826087 0.022331786542923435 0.009130434782608696
3 0.8761600928074246 0.4965217391304348 0.013921113689095127 0.012608695652173913
3 0.5466937354988399 0.44532608695652176 0.0075406032482598605 0.01108695652173913
3 0.5909222737819025 0.47630434782608694 0.013631090487238979 0.022608695652173914
3 0.556699535962877 0.47282608695652173 0.007830626450116009 0.011304347826086957
8 0.6571925754060325 0.9105434782608696 0.023781902552204175 0.01934782608695652
8 0.8374419953596288 0.7326086956521739 0.01131090487238979 0.011739130434782608
4 0.6480568445475638 0.6896739130434782 0.013051044083526682 0.009782608695652175
4 0.8982018561484919 0.6428260869565218 0.004640371229698376 0.00608695652173913
1 0.3831206496519722 0.14097826086956522 0.015081206496519721 0.010217391304347826
3 0.13109048723897912 0.4898913043478261 0.008120649651972157 0.008043478260869565
3 0.1447215777262181 0.4917391304347826 0.008700696055684454 0.010434782608695653
4 0.02972737819025522 0.5051086956521739 0.0031902552204176333 0.004565217391304348
3 0.09048723897911833 0.5264130434782609 0.014501160092807424 0.016304347826086956
3 0.0732308584686775 0.4942391304347826 0.0095707656612529 0.012826086956521739
6 0.3854408352668213 0.6067391304347826 0.004060324825986079 0.00391304347826087
3 0.7397041763341067 0.5145652173913043 0.08903712296983758 0.03782608695652174
3 0.890661252900232 0.43956521739130433 0.005220417633410673 0.0052173913043478265
1 0.6721287703016241 0.6340217391304348 0.008990719257540603 0.006739130434782609
2 0.4918793503480278 0.9011956521739131 0.0382830626450116 0.010652173913043479
3 0.142546403712297 0.7079347826086957 0.012470997679814385 0.013695652173913043
3 0.16705336426914152 0.5408695652173913 0.008120649651972157 0.00782608695652174
8 0.38297563805104406 0.7763043478260869 0.011890951276102088 0.01
8 0.6319605568445475 0.8660869565217392 0.03248259860788863 0.021304347826086957
0 0.6706786542923434 0.22434782608695653 0.010150812064965197 0.007391304347826087
2 0.30930974477958234 0.9077173913043478 0.017111368909512762 0.005869565217391304
0 0.5568445475638051 0.39206521739130434 0.019721577726218097 0.012826086956521739
6 0.42879930394431554 0.7081521739130435 0.004350348027842227 0.004565217391304348
6 0.35716357308584684 0.7345652173913043 0.006670533642691415 0.005652173913043478