6 0.8274361948955916 0.6083695652173913 0.01334106728538283 0.010217391304347826
1 0.21244199535962877 0.6230434782608696 0.010730858468677494 0.010434782608695653
4 0.07250580046403712 0.3006521739130435 0.0075406032482598605 0.010434782608695653
0 0.404292343387471 0.03228260869565217 0.029002320185614848 0.010217391304347826
8 0.816415313225058 0.15880434782608696 0.01160092807424594 0.012391304347826086
4 0.0990429234338747 0.5447826086956522 0.015951276102088168 0.011739130434782608
4 0.9556264501160093 0.5115217391304347 0.004640371229698376 0.007391304347826087
4 0.8720997679814385 0.5373913043478261 0.010440835266821345 0.008695652173913044
4 0.7220127610208816 0.8059782608695653 0.010150812064965197 0.006739130434782609
7 0.4361948955916473 0.8536956521739131 0.031322505800464036 0.02
0 0.12587006960556846 0.15945652173913044 0.0388631090487239 0.03326086956521739
0 0.11905452436194895 0.6644565217391304 0.007250580046403712 0.007608695652173913
0 0.19866589327146172 0.6369565217391304 0.009280742459396751 0.00826086956521739
4 0.3140951276102088 0.7377173913043479 0.0069605568445475635 0.006739130434782609
1 0.18662993039443154 0.6194565217391305 0.005510440835266821 0.004130434782608695
8 0.0675754060324826 0.6135869565217391 0.009280742459396751 0.014130434782608696
4 0.0738109048723898 0.5333695652173913 0.005510440835266821 0.005434782608695652
1 0.7536252900232019 0.508804347826087 0.004930394431554524 0.004130434782608695
0 0.8410672853828306 0.6010869565217392 0.012180974477958236 0.007391304347826087
1 0.9274941995359629 0.6445652173913043 0.0063805104408352666 0.00608695652173913
8 0.9404002320185615 0.5898913043478261 0.013051044083526682 0.021521739130434783
1 0.968677494199536 0.4966304347826087 0.004060324825986079 0.007173913043478261
1 0.824245939675174 0.17141304347826086 0.009280742459396751 0.009347826086956522
0 0.896461716937355 0.5693478260869566 0.005220417633410673 0.005652173913043478
0 0.9057424593967517 0.5936956521739131 0.0069605568445475635 0.00608695652173913
1 0.7080916473317865 0.6926086956521739 0.006090487238979118 0.005652173913043478
8 0.6977958236658933 0.841195652173913 0.021461716937354988 0.014130434782608696
8 0.6661832946635731 0.5916304347826087 0.010440835266821345 0.008043478260869565
0 0.7704466357308585 0.5808695652173913 0.0095707656612529 0.005652173913043478
0 0.7666763341067285 0.5885869565217391 0.008990719257540603 0.006304347826086957
0 0.7327436194895591 0.5672826086956522 0.007250580046403712 0.007173913043478261
0 0.7233178654292344 0.5691304347826087 0.0069605568445475635 0.005652173913043478
0 0.6956206496519721 0.5721739130434783 0.011890951276102088 0.00782608695652174
1 0.7353538283062645 0.5886956521739131 0.007250580046403712 0.0052173913043478265
0 0.20577146171693736 0.5605434782608696 0.015951276102088168 0.007173913043478261
0 0.19678074245939675 0.5947826086956521 0.0095707656612529 0.008695652173913044
0 0.25362529002320183 0.613804347826087 0.01769141531322506 0.006739130434782609
8 0.04944895591647332 0.5670652173913043 0.008990719257540603 0.01108695652173913
8 0.04756380510440835 0.6332608695652174 0.011020881670533642 0.015217391304347827
0 0.2459396751740139 0.6422826086956521 0.0191415313225058 0.009782608695652175
3 0.22897331786542924 0.4985869565217391 0.013051044083526682 0.008478260869565218
1 0.964762180974478 0.41641304347826086 0.007250580046403712 0.008913043478260869
6 0.5031902552204176 0.8747826086956522 0.010440835266821345 0.00608695652173913
6 0.45127610208816704 0.6572826086956521 0.0069605568445475635 0.005434782608695652
6 0.5923723897911833 0.6770652173913043 0.006090487238979118 0.004565217391304348
6 0.44779582366589327 0.6634782608695652 0.00580046403712297 0.004782608695652174
6 0.46954756380510443 0.6585869565217392 0.0063805104408352666 0.005
6 0.4622969837587007 0.6610869565217391 0.005220417633410673 0.004782608695652174
0 0.45533642691415316 0.6722826086956522 0.00580046403712297 0.006739130434782609
3 0.1638631090487239 0.4616304347826087 0.017981438515081206 0.009347826086956522
3 0.06917053364269142 0.47880434782608694 0.013631090487238979 0.01108695652173913
8 0.93372969837587 0.2373913043478261 0.01131090487238979 0.01391304347826087
8 0.6274651972157773 0.9204347826086956 0.01537122969837587 0.013478260869565217
8 0.5004350348027842 0.6976086956521739 0.007830626450116009 0.00608695652173913
8 0.012906032482598608 0.44369565217391305 0.007830626450116009 0.012608695652173913
8 0.9643271461716937 0.3268478260869565 0.009280742459396751 0.011956521739130435
1 0.5849767981438515 0.6944565217391304 0.008700696055684454 0.006304347826086957
6 0.517546403712297 0.7007608695652174 0.007250580046403712 0.005434782608695652
6 0.46824245939675174 0.6523913043478261 0.006670533642691415 0.004347826086956522
1 0.4534512761020882 0.4717391304347826 0.0031902552204176333 0.0026086956521739132
1 0.41589327146171695 0.4602173913043478 0.004640371229698376 0.0034782608695652175
6 0.5365429234338747 0.5482608695652174 0.00580046403712297 0.00391304347826087
0 0.5466937354988399 0.5276086956521739 0.008120649651972157 0.007391304347826087
0 0.5475638051044084 0.5383695652173913 0.008120649651972157 0.009347826086956522
1 0.19837587006960558 0.6755434782608696 0.004060324825986079 0.004565217391304348
8 0.11165893271461717 0.6026086956521739 0.01160092807424594 0.011304347826086957