1 0.23292824074074073 0.2800925925925926 0.01273148148148148 0.009645061728395061
1 0.23249421296296297 0.23939043209876543 0.014178240740740741 0.011188271604938271
1 0.20616319444444445 0.2586805555555556 0.014756944444444444 0.010802469135802469
1 0.23249421296296297 0.24971064814814814 0.014756944444444444 0.006751543209876543
6 0.24204282407407407 0.255883487654321 0.006076388888888889 0.004822530864197531
6 0.32566550925925924 0.2361111111111111 0.008969907407407407 0.005787037037037037
6 0.3346354166666667 0.2357253086419753 0.007233796296296296 0.004243827160493827
6 0.48828125 0.18875385802469136 0.008969907407407407 0.006751543209876543
6 0.48929398148148145 0.12856867283950618 0.009259259259259259 0.005208333333333333
6 0.4035011574074074 0.40055941358024694 0.011284722222222222 0.009066358024691358
6 0.4036458333333333 0.4168595679012346 0.010416666666666666 0.0073302469135802465
8 0.6059027777777778 0.3921682098765432 0.014467592592592593 0.009645061728395061
4 0.5827546296296297 0.5320216049382716 0.012152777777777778 0.010802469135802469
4 0.7945601851851852 0.5181327160493827 0.01273148148148148 0.008873456790123456
9 0.38527199074074076 0.8107638888888888 0.030381944444444444 0.013503086419753086
9 0.4205729166666667 0.8171296296296297 0.013020833333333334 0.008873456790123456
9 0.16999421296296297 0.8147183641975309 0.018229166666666668 0.013310185185185185
3 0.15248842592592593 0.5393518518518519 0.01273148148148148 0.009259259259259259
8 0.09751157407407407 0.5905671296296297 0.028935185185185185 0.02179783950617284
9 0.8247974537037037 0.8089313271604939 0.028645833333333332 0.028356481481481483
9 0.7860243055555556 0.8435570987654321 0.02228009259259259 0.018518518518518517
1 0.8030960648148148 0.2724729938271605 0.01244212962962963 0.011766975308641976
1 0.7390046296296297 0.22916666666666666 0.01099537037037037 0.006172839506172839
8 0.8826678240740741 0.32002314814814814 0.018229166666666668 0.011959876543209876
6 0.6866319444444444 0.27314814814814814 0.012152777777777778 0.008873456790123456
6 0.6572627314814815 0.2855902777777778 0.010127314814814815 0.00636574074074074
6 0.6919849537037037 0.19695216049382716 0.008391203703703705 0.006172839506172839
6 0.6442418981481481 0.21199845679012347 0.0078125 0.004243827160493827
6 0.6005497685185185 0.19309413580246915 0.006076388888888889 0.005015432098765432
6 0.5354456018518519 0.16203703703703703 0.006076388888888889 0.005015432098765432
8 0.5907118055555556 0.11786265432098765 0.018229166666666668 0.009645061728395061
6 0.7199074074074074 0.19955632716049382 0.012152777777777778 0.00636574074074074
1 0.2204861111111111 0.21875 0.017361111111111112 0.01273148148148148
1 0.17447916666666666 0.23958333333333334 0.017361111111111112 0.01427469135802469
1 0.3250868055555556 0.28337191358024694 0.019965277777777776 0.013117283950617283
1 0.31061921296296297 0.16637731481481483 0.014178240740740741 0.007908950617283951
8 0.20326967592592593 0.18200231481481483 0.024016203703703703 0.01408179012345679
1 0.14293981481481483 0.2732445987654321 0.016203703703703703 0.013695987654320988
4 0.9296875 0.5829475308641975 0.010416666666666666 0.013117283950617283
6 0.8065682870370371 0.6047453703703703 0.014756944444444444 0.006944444444444444
6 0.7771990740740741 0.6277006172839507 0.012152777777777778 0.008487654320987654
6 0.7379918981481481 0.6781442901234568 0.015335648148148149 0.009837962962962963
6 0.8111979166666666 0.6422646604938271 0.009548611111111112 0.006751543209876543
8 0.3467881944444444 0.8763503086419753 0.018229166666666668 0.020061728395061727
8 0.20008680555555555 0.8025655864197531 0.01765046296296296 0.015239197530864198
8 0.234375 0.8373842592592593 0.03356481481481482 0.022762345679012346
8 0.2259837962962963 0.8603395061728395 0.030671296296296297 0.01890432098765432
1 0.30960648148148145 0.7034143518518519 0.009259259259259259 0.008294753086419753
6 0.3645833333333333 0.7276234567901234 0.005787037037037037 0.003472222222222222
6 0.3683449074074074 0.6707175925925926 0.008101851851851851 0.006558641975308642
1 0.15436921296296297 0.6860532407407407 0.015335648148148149 0.011381172839506173
6 0.40827546296296297 0.8347800925925926 0.006944444444444444 0.004436728395061728
6 0.44545717592592593 0.22608024691358025 0.007233796296296296 0.004629629629629629
6 0.3684895833333333 0.19135802469135801 0.007233796296296296 0.005015432098765432
6 0.44039351851851855 0.17004243827160495 0.007523148148148148 0.004050925925925926
6 0.4735243055555556 0.18682484567901234 0.009548611111111112 0.005208333333333333
1 0.7090567129629629 0.14168595679012347 0.011863425925925927 0.009837962962962963
1 0.6961805555555556 0.13879243827160495 0.011574074074074073 0.007523148148148148
8 0.8504050925925926 0.7061149691358025 0.037037037037037035 0.02797067901234568
8 0.9157986111111112 0.6833526234567902 0.023148148148148147 0.02642746913580247
8 0.9068287037037037 0.7257908950617284 0.017361111111111112 0.021026234567901234
8 0.7905092592592593 0.7868441358024691 0.016203703703703703 0.013503086419753086
8 0.7960069444444444 0.7956211419753086 0.01678240740740741 0.012924382716049383
8 0.8078703703703703 0.7748842592592593 0.02025462962962963 0.017746913580246913
8 0.7960069444444444 0.8200231481481481 0.02199074074074074 0.01890432098765432
8 0.7018229166666666 0.8408564814814815 0.030381944444444444 0.030864197530864196
8 0.7301793981481481 0.8465470679012346 0.01765046296296296 0.013310185185185185
6 0.5253182870370371 0.1482445987654321 0.006076388888888889 0.0036651234567901233
6 0.3368055555555556 0.13483796296296297 0.008680555555555556 0.005015432098765432
1 0.7106481481481481 0.6712962962962963 0.010416666666666666 0.006558641975308642
0 0.7057291666666666 0.7516396604938271 0.013310185185185185 0.014853395061728395
1 0.3667534722222222 0.17563657407407407 0.010127314814814815 0.005208333333333333
1 0.2552083333333333 0.21325231481481483 0.010416666666666666 0.009066358024691358
6 0.8396990740740741 0.5978009259259259 0.009837962962962963 0.006172839506172839
8 0.8420138888888888 0.6108217592592593 0.016203703703703703 0.010609567901234568
0 0.7024016203703703 0.7107445987654321 0.011284722222222222 0.007137345679012345
0 0.6383101851851852 0.7201967592592593 0.009259259259259259 0.006751543209876543
0 0.6644965277777778 0.7229938271604939 0.008391203703703705 0.005787037037037037
0 0.8845486111111112 0.2906057098765432 0.020833333333333332 0.01408179012345679
6 0.15436921296296297 0.6710069444444444 0.008969907407407407 0.00636574074074074
6 0.16102430555555555 0.6482445987654321 0.006076388888888889 0.0055941358024691355
3 0.2611400462962963 0.5118634259259259 0.016493055555555556 0.008680555555555556
1 0.3415798611111111 0.16888503086419754 0.01070601851851852 0.008294753086419753
6 0.41695601851851855 0.1413966049382716 0.007523148148148148 0.004243827160493827
1 0.2712673611111111 0.2684220679012346 0.009548611111111112 0.0055941358024691355
6 0.23640046296296297 0.3203125 0.01099537037037037 0.005979938271604938
3 0.13425925925925927 0.5141782407407407 0.015046296296296295 0.008680555555555556
6 0.15335648148148148 0.6135223765432098 0.009259259259259259 0.005208333333333333
6 0.17679398148148148 0.7105516975308642 0.00636574074074074 0.005208333333333333
8 0.4891493055555556 0.8344907407407407 0.01765046296296296 0.010030864197530864
8 0.65234375 0.861304012345679 0.03732638888888889 0.02700617283950617
8 0.6827256944444444 0.8592785493827161 0.019386574074074073 0.015625
6 0.7200520833333334 0.8028549382716049 0.011284722222222222 0.006172839506172839
1 0.7436342592592593 0.7815393518518519 0.011574074074074073 0.007908950617283951
1 0.8017939814814815 0.6912615740740741 0.010416666666666666 0.00636574074074074
6 0.7550636574074074 0.5447530864197531 0.008969907407407407 0.005401234567901234
0 0.7129629629629629 0.5277777777777778 0.01273148148148148 0.006558641975308642
6 0.6176215277777778 0.5375192901234568 0.008969907407407407 0.0055941358024691355
6 0.6294849537037037 0.5347222222222222 0.008391203703703705 0.006172839506172839
6 0.6202256944444444 0.5448495370370371 0.010127314814814815 0.007908950617283951
6 0.6236979166666666 0.5285493827160493 0.006655092592592593 0.004629629629629629
6 0.6176215277777778 0.5172646604938271 0.009548611111111112 0.005979938271604938
6 0.5319733796296297 0.2585841049382716 0.006076388888888889 0.0036651234567901233
6 0.7352430555555556 0.5849729938271605 0.010416666666666666 0.005979938271604938
8 0.9526909722222222 0.605420524691358 0.014756944444444444 0.012152777777777778
8 0.8538773148148148 0.8264853395061729 0.023148148148148147 0.01986882716049383
8 0.8158275462962963 0.8365162037037037 0.026331018518518517 0.02179783950617284
8 0.8998842592592593 0.714795524691358 0.015046296296296295 0.01099537037037037
8 0.8849826388888888 0.7540509259259259 0.019965277777777776 0.020833333333333332
8 0.8563368055555556 0.7408371913580247 0.01880787037037037 0.016010802469135804
3 0.8103298611111112 0.5373263888888888 0.015914351851851853 0.010609567901234568
8 0.8904803240740741 0.6369598765432098 0.01880787037037037 0.013503086419753086
0 0.8712384259259259 0.7032214506172839 0.012152777777777778 0.012924382716049383
6 0.3754340277777778 0.10985725308641975 0.004340277777777778 0.002507716049382716
8 0.3615451388888889 0.8433641975308642 0.010127314814814815 0.006558641975308642
1 0.26851851851851855 0.7679398148148148 0.00636574074074074 0.004243827160493827
8 0.20066550925925927 0.6782407407407407 0.015335648148148149 0.007716049382716049
0 0.38353587962962965 0.2212577160493827 0.009548611111111112 0.006558641975308642
8 0.18561921296296297 0.8054591049382716 0.030960648148148147 0.028356481481481483
1 0.09172453703703703 0.5634645061728395 0.004629629629629629 0.0038580246913580245
0 0.4184027777777778 0.6847029320987654 0.014467592592592593 0.00945216049382716
0 0.7572337962962963 0.6713927469135802 0.023148148148148147 0.025655864197530864
8 0.3528645833333333 0.37027391975308643 0.021701388888888888 0.01099537037037037
8 0.6724537037037037 0.8272569444444444 0.01678240740740741 0.012152777777777778
6 0.3140914351851852 0.6354166666666666 0.007233796296296296 0.003472222222222222
1 0.8518518518518519 0.6279899691358025 0.008101851851851851 0.004822530864197531
1 0.2566550925925926 0.2804783950617284 0.007523148148148148 0.005787037037037037
1 0.39207175925925924 0.47685185185185186 0.007523148148148148 0.004629629629629629
9 0.18127893518518517 0.8465470679012346 0.015335648148148149 0.01253858024691358
6 0.6653645833333334 0.25125385802469136 0.006655092592592593 0.004050925925925926
8 0.8424479166666666 0.2787422839506173 0.009548611111111112 0.006558641975308642
8 0.7996238425925926 0.1640625 0.01707175925925926 0.01253858024691358
8 0.7854456018518519 0.1697530864197531 0.008969907407407407 0.005787037037037037
8 0.9146412037037037 0.2177854938271605 0.01273148148148148 0.013117283950617283
8 0.9147858796296297 0.25298996913580246 0.013599537037037037 0.008294753086419753
1 0.9212962962962963 0.29012345679012347 0.005208333333333333 0.004629629629629629
0 0.9006076388888888 0.29928626543209874 0.009548611111111112 0.011766975308641976
1 0.9469039351851852 0.42669753086419754 0.004340277777777778 0.0038580246913580245
1 0.9412615740740741 0.37017746913580246 0.006944444444444444 0.005015432098765432
1 0.9665798611111112 0.5636574074074074 0.0078125 0.006172839506172839
6 0.6348379629629629 0.828125 0.00636574074074074 0.004243827160493827
8 0.6218171296296297 0.8301504629629629 0.012152777777777778 0.009837962962962963
8 0.6436631944444444 0.8349729938271605 0.015335648148148149 0.011766975308641976
8 0.3148148148148148 0.8806905864197531 0.015625 0.014853395061728395
1 0.24421296296296297 0.8025655864197531 0.007523148148148148 0.004050925925925926
8 0.1228298611111111 0.7016782407407407 0.010127314814814815 0.008294753086419753
1 0.05931712962962963 0.6325231481481481 0.005787037037037037 0.005787037037037037
1 0.06380208333333333 0.6485339506172839 0.004340277777777778 0.004629629629629629
8 0.08130787037037036 0.6198881172839507 0.005208333333333333 0.004822530864197531
8 0.3771701388888889 0.6994598765432098 0.01070601851851852 0.009259259259259259
1 0.23524305555555555 0.2113233024691358 0.011574074074074073 0.007523148148148148
8 0.1814236111111111 0.10812114197530864 0.010416666666666666 0.008294753086419753
6 0.6375868055555556 0.29475308641975306 0.006655092592592593 0.005401234567901234
8 0.9701967592592593 0.45447530864197533 0.007523148148148148 0.007716049382716049
1 0.7877604166666666 0.7041859567901234 0.014178240740740741 0.007908950617283951
1 0.7578125 0.7994791666666666 0.006944444444444444 0.005979938271604938
6 0.7209201388888888 0.7346643518518519 0.003761574074074074 0.0036651234567901233
6 0.4408275462962963 0.8631365740740741 0.004340277777777778 0.003279320987654321
1 0.37528935185185186 0.8458719135802469 0.008680555555555556 0.005787037037037037
8 0.13049768518518517 0.7938850308641975 0.012152777777777778 0.010223765432098766
8 0.14322916666666666 0.806616512345679 0.012152777777777778 0.009837962962962963
8 0.15234375 0.7079475308641975 0.011284722222222222 0.010030864197530864
6 0.3072916666666667 0.16068672839506173 0.005787037037037037 0.0038580246913580245
1 0.7848668981481481 0.2065972222222222 0.005497685185185185 0.0030864197530864196
1 0.9322916666666666 0.39130015432098764 0.006944444444444444 0.0036651234567901233
8 0.9596354166666666 0.5913387345679012 0.004340277777777778 0.004050925925925926
8 0.9346064814814815 0.6449652777777778 0.008680555555555556 0.007137345679012345
1 0.2554976851851852 0.8384452160493827 0.007523148148148148 0.004436728395061728
6 0.31843171296296297 0.5580632716049383 0.004340277777777778 0.0030864197530864196
1 0.4312789351851852 0.4426118827160494 0.008969907407407407 0.006751543209876543
0 0.2087673611111111 0.6299189814814815 0.038483796296296294 0.016010802469135804
1 0.9421296296296297 0.6266396604938271 0.008680555555555556 0.0055941358024691355
1 0.9147858796296297 0.6582754629629629 0.010127314814814815 0.007137345679012345
1 0.7517361111111112 0.8330439814814815 0.011574074074074073 0.006751543209876543
6 0.4201388888888889 0.4200424382716049 0.006944444444444444 0.004822530864197531
1 0.7436342592592593 0.1804591049382716 0.010416666666666666 0.007137345679012345
