0 0.48607888631090485 0.47097826086956524 0.010440835266821345 0.005869565217391304
8 0.3078596287703016 0.7136956521739131 0.01131090487238979 0.007391304347826087
8 0.33802204176334105 0.7132608695652174 0.011890951276102088 0.006521739130434782
8 0.43372969837587005 0.7577173913043478 0.024071925754060326 0.020652173913043477
8 0.6487819025522041 0.7834782608695652 0.01740139211136891 0.014347826086956521
9 0.7394141531322506 0.8118478260869565 0.016531322505800465 0.010652173913043479
8 0.7431844547563805 0.8006521739130434 0.020591647331786544 0.012608695652173913
8 0.7534802784222738 0.7920652173913043 0.017981438515081206 0.010217391304347826
8 0.7469547563805105 0.7816304347826087 0.02349187935034803 0.01847826086956522
8 0.41357308584686775 0.8903260869565217 0.037703016241299306 0.020217391304347826
9 0.5087006960556845 0.13402173913043477 0.017981438515081206 0.011521739130434782
9 0.751885150812065 0.11271739130434782 0.013631090487238979 0.010652173913043479
1 0.5941125290023201 0.16065217391304348 0.005510440835266821 0.004782608695652174
1 0.6206496519721578 0.29434782608695653 0.008120649651972157 0.005652173913043478
6 0.49245939675174016 0.2532608695652174 0.009280742459396751 0.0052173913043478265
8 0.35237819025522044 0.3095652173913043 0.027262180974477957 0.016956521739130436
8 0.40443735498839906 0.29380434782608694 0.014211136890951276 0.009347826086956522
1 0.3522331786542923 0.38032608695652176 0.007830626450116009 0.006304347826086957
8 0.6634280742459396 0.14467391304347826 0.015951276102088168 0.009347826086956522
8 0.23970417633410673 0.23923913043478262 0.02349187935034803 0.012826086956521739
8 0.22027262180974477 0.22054347826086956 0.02117169373549884 0.019782608695652175
8 0.18024941995359628 0.2766304347826087 0.02349187935034803 0.012391304347826086
8 0.18097447795823665 0.26608695652173914 0.01740139211136891 0.01217391304347826
1 0.7038863109048724 0.18728260869565216 0.009280742459396751 0.005434782608695652
8 0.16690835266821347 0.665 0.021751740139211138 0.01565217391304348
0 0.35324825986078884 0.6456521739130435 0.008120649651972157 0.006956521739130435
8 0.933584686774942 0.4031521739130435 0.024361948955916472 0.023695652173913045
0 0.47737819025522044 0.26663043478260867 0.010440835266821345 0.007173913043478261
1 0.5580046403712297 0.18445652173913044 0.010440835266821345 0.006739130434782609
6 0.3918213457076566 0.12836956521739132 0.00580046403712297 0.004130434782608695
8 0.15269721577726217 0.2625 0.020591647331786544 0.013260869565217392
8 0.21737238979118328 0.1358695652173913 0.015951276102088168 0.011304347826086957
1 0.58584686774942 0.42869565217391303 0.010440835266821345 0.00826086956521739
8 0.8370069605568445 0.3790217391304348 0.01740139211136891 0.010217391304347826
0 0.37587006960556846 0.23152173913043478 0.013921113689095127 0.011304347826086957
1 0.482453596287703 0.17326086956521738 0.006090487238979118 0.004782608695652174
8 0.515516241299304 0.15532608695652175 0.013631090487238979 0.009782608695652175
1 0.6189095127610209 0.2023913043478261 0.005220417633410673 0.004347826086956522
1 0.5677204176334106 0.21684782608695652 0.004930394431554524 0.0036956521739130435
8 0.5166763341067285 0.09684782608695652 0.01537122969837587 0.008478260869565218
8 0.5172563805104409 0.10608695652173913 0.01943155452436195 0.010434782608695653
6 0.42372389791183296 0.5406521739130434 0.0063805104408352666 0.005652173913043478
1 0.6344257540603249 0.5647826086956522 0.006670533642691415 0.004782608695652174
1 0.6360208816705336 0.5703260869565218 0.00580046403712297 0.004130434782608695
8 0.3909512761020882 0.6034782608695652 0.009860788863109048 0.007391304347826087
8 0.6864849187935035 0.6746739130434782 0.01160092807424594 0.008043478260869565
0 0.7565255220417634 0.6753260869565217 0.007830626450116009 0.005869565217391304
8 0.7848027842227379 0.6363043478260869 0.01334106728538283 0.01
1 0.7817575406032483 0.6140217391304348 0.005510440835266821 0.004565217391304348
1 0.548723897911833 0.36184782608695654 0.0075406032482598605 0.005434782608695652
0 0.5349477958236659 0.3357608695652174 0.007830626450116009 0.006304347826086957
8 0.1290603248259861 0.40619565217391307 0.014501160092807424 0.009347826086956522
9 0.06293503480278423 0.38380434782608697 0.009860788863109048 0.008043478260869565
3 0.12122969837587007 0.5003260869565217 0.010440835266821345 0.008913043478260869
3 0.1648781902552204 0.5083695652173913 0.013631090487238979 0.007608695652173913
3 0.11339907192575406 0.49130434782608695 0.014501160092807424 0.009565217391304347
8 0.023781902552204175 0.691195652173913 0.014501160092807424 0.014130434782608696
8 0.010150812064965197 0.6569565217391304 0.011020881670533642 0.018260869565217393
0 0.24187935034802785 0.7001086956521739 0.00580046403712297 0.004565217391304348
1 0.330046403712297 0.5183695652173913 0.008120649651972157 0.006739130434782609
8 0.2837877030162413 0.8268478260869565 0.02349187935034803 0.012826086956521739
1 0.34817285382830626 0.7659782608695652 0.011890951276102088 0.010217391304347826
1 0.34614269141531323 0.7743478260869565 0.008990719257540603 0.00782608695652174
1 0.28117749419953597 0.8069565217391305 0.008410672853828306 0.005652173913043478
8 0.328161252900232 0.8468478260869565 0.020011600928074247 0.01108695652173913
8 0.1537122969837587 0.8931521739130435 0.014501160092807424 0.010652173913043479
8 0.5374129930394431 0.8716304347826087 0.031322505800464036 0.011521739130434782
4 0.747969837587007 0.8997826086956522 0.016241299303944315 0.01
1 0.8254060324825986 0.758695652173913 0.0063805104408352666 0.004782608695652174
8 0.6574825986078886 0.8089130434782609 0.009280742459396751 0.008695652173913044
8 0.5758410672853829 0.7176086956521739 0.016531322505800465 0.012608695652173913
1 0.35266821345707655 0.8776086956521739 0.0069605568445475635 0.004347826086956522
1 0.35919373549883993 0.8720652173913044 0.008990719257540603 0.006304347826086957
1 0.3478828306264501 0.8735869565217391 0.007250580046403712 0.005
3 0.8435324825986079 0.5254347826086957 0.010150812064965197 0.006956521739130435
8 0.9372099767981439 0.36032608695652174 0.008410672853828306 0.013695652173913043
8 0.9379350348027842 0.3446739130434783 0.010440835266821345 0.011956521739130435
1 0.6892401392111369 0.11847826086956521 0.007250580046403712 0.005652173913043478
1 0.23158352668213458 0.16891304347826086 0.012470997679814385 0.00826086956521739
8 0.32018561484918795 0.8783695652173913 0.012180974477958236 0.009347826086956522
6 0.6574825986078886 0.7215217391304348 0.00580046403712297 0.004347826086956522
1 0.662122969837587 0.7159782608695652 0.004640371229698376 0.002391304347826087
0 0.8564385150812065 0.697391304347826 0.00580046403712297 0.00608695652173913
4 0.8968967517401392 0.6696739130434782 0.005510440835266821 0.005869565217391304
6 0.42720417633410673 0.5282608695652173 0.004060324825986079 0.003043478260869565
6 0.4055974477958237 0.556304347826087 0.0037703016241299302 0.003043478260869565
0 0.5366879350348028 0.586304347826087 0.0095707656612529 0.00826086956521739
0 0.843677494199536 0.6273913043478261 0.009860788863109048 0.00608695652173913
4 0.3734048723897912 0.9159782608695652 0.004350348027842227 0.004130434782608695
6 0.5281322505800464 0.3229347826086956 0.008120649651972157 0.005434782608695652
0 0.025812064965197216 0.3596739130434783 0.0075406032482598605 0.009347826086956522
0 0.14907192575406034 0.18456521739130435 0.060324825986078884 0.04869565217391304
0 0.26841647331786544 0.13402173913043477 0.10237819025522042 0.075
0 0.49361948955916474 0.20804347826086955 0.022041763341067284 0.03956521739130435
0 0.8560034802784223 0.2598913043478261 0.03915313225058004 0.03282608695652174
0 0.07946635730858469 0.2823913043478261 0.07250580046403712 0.07739130434782608
0 0.804669373549884 0.40195652173913043 0.02349187935034803 0.02391304347826087
8 0.0287122969837587 0.3105434782608696 0.009860788863109048 0.009782608695652175
8 0.24419953596287702 0.2559782608695652 0.011020881670533642 0.005869565217391304
8 0.2624709976798144 0.21663043478260868 0.018561484918793503 0.012391304347826086
5 0.27842227378190254 0.18880434782608696 0.04640371229698376 0.03152173913043478
1 0.6844547563805105 0.11130434782608696 0.016241299303944315 0.008695652173913044
8 0.7855278422273781 0.1775 0.01131090487238979 0.008043478260869565
8 0.9127030162412993 0.2458695652173913 0.012761020881670533 0.007391304347826087
8 0.564385150812065 0.3914130434782609 0.014501160092807424 0.010217391304347826
8 0.4508410672853828 0.3214130434782609 0.010730858468677494 0.009782608695652175
6 0.4499709976798144 0.3391304347826087 0.006090487238979118 0.004782608695652174
0 0.5713457076566125 0.3322826086956522 0.00580046403712297 0.007173913043478261
6 0.5026102088167054 0.5115217391304347 0.004640371229698376 0.004347826086956522
6 0.5131960556844548 0.5309782608695652 0.007250580046403712 0.005434782608695652
8 0.578016241299304 0.6239130434782608 0.02088167053364269 0.017826086956521738
0 0.5533642691415314 0.6485869565217391 0.0075406032482598605 0.006304347826086957
0 0.5622099767981439 0.6442391304347826 0.005510440835266821 0.004565217391304348
8 0.3548433874709977 0.6420652173913044 0.008990719257540603 0.005434782608695652
1 0.3357018561484919 0.6977173913043478 0.004350348027842227 0.003260869565217391
0 0.1993909512761021 0.7094565217391304 0.015951276102088168 0.015869565217391305
0 0.175754060324826 0.7522826086956522 0.01160092807424594 0.005434782608695652
6 0.3802204176334107 0.7425 0.008700696055684454 0.005869565217391304
8 0.7153422273781903 0.8906521739130435 0.01537122969837587 0.009565217391304347
1 0.6782192575406032 0.9204347826086956 0.004350348027842227 0.00391304347826087
1 0.14965197215777262 0.21608695652173912 0.0069605568445475635 0.00608695652173913
8 0.39269141531322505 0.3581521739130435 0.015081206496519721 0.01717391304347826
0 0.5152262180974478 0.2821739130434783 0.006670533642691415 0.009565217391304347
0 0.5572795823665894 0.27869565217391307 0.018851508120649653 0.01391304347826087
6 0.7341937354988399 0.2592391304347826 0.006670533642691415 0.005434782608695652
1 0.7378190255220418 0.28054347826086956 0.0075406032482598605 0.007608695652173913
6 0.44388051044083526 0.5829347826086957 0.006670533642691415 0.005869565217391304
6 0.4263341067285383 0.6541304347826087 0.00580046403712297 0.004782608695652174
1 0.503915313225058 0.5511956521739131 0.004930394431554524 0.0036956521739130435
1 0.33019141531322505 0.12010869565217391 0.007830626450116009 0.006304347826086957
0 0.40501740139211134 0.09815217391304348 0.018851508120649653 0.01108695652173913
1 0.3446925754060325 0.0875 0.010150812064965197 0.006304347826086957
0 0.04770881670533643 0.33641304347826084 0.0095707656612529 0.014130434782608696
0 0.04147331786542923 0.35380434782608694 0.010440835266821345 0.012391304347826086
8 0.8510730858468677 0.17326086956521738 0.010730858468677494 0.010434782608695653
0 0.822215777262181 0.7508695652173913 0.018561484918793503 0.00782608695652174
8 0.8529582366589327 0.7901086956521739 0.01740139211136891 0.015869565217391305
0 0.9166183294663574 0.6771739130434783 0.020591647331786544 0.02
1 0.6566125290023201 0.7054347826086956 0.004640371229698376 0.003043478260869565
