6 0.49594907407407407 0.2017746913580247 0.005787037037037037 0.0038580246913580245
6 0.5732060185185185 0.2259837962962963 0.004050925925925926 0.0036651234567901233
6 0.5999710648148148 0.22569444444444445 0.004918981481481482 0.0038580246913580245
6 0.5681423611111112 0.2107445987654321 0.003761574074074074 0.002507716049382716
6 0.6348379629629629 0.23939043209876543 0.004050925925925926 0.0038580246913580245
6 0.6563946759259259 0.2263695987654321 0.005497685185185185 0.004050925925925926
6 0.6896701388888888 0.22077546296296297 0.003761574074074074 0.0028935185185185184
6 0.6500289351851852 0.22289737654320987 0.004340277777777778 0.0021219135802469135
6 0.5283564814814815 0.2193287037037037 0.00636574074074074 0.004629629629629629
6 0.9134837962962963 0.2730516975308642 0.004050925925925926 0.0036651234567901233
6 0.6276041666666666 0.1880787037037037 0.006944444444444444 0.004629629629629629
6 0.48857060185185186 0.23620756172839505 0.004918981481481482 0.004436728395061728
6 0.28891782407407407 0.2259837962962963 0.006655092592592593 0.0036651234567901233
6 0.33058449074074076 0.22376543209876543 0.004918981481481482 0.003472222222222222
6 0.9497974537037037 0.4967206790123457 0.004918981481481482 0.005401234567901234
6 0.9461805555555556 0.4904513888888889 0.00636574074074074 0.005208333333333333
6 0.9541377314814815 0.4896797839506173 0.004918981481481482 0.0036651234567901233
6 0.9049479166666666 0.48427854938271603 0.003761574074074074 0.004050925925925926
6 0.8346354166666666 0.49508101851851855 0.004918981481481482 0.004050925925925926
6 0.8521412037037037 0.49527391975308643 0.004629629629629629 0.003279320987654321
6 0.9678819444444444 0.44068287037037035 0.004050925925925926 0.0036651234567901233
6 0.9639756944444444 0.4488811728395062 0.004340277777777778 0.004243827160493827
6 0.9764178240740741 0.5 0.003761574074074074 0.005015432098765432
6 0.9646990740740741 0.47646604938271603 0.003472222222222222 0.0038580246913580245
6 0.9674479166666666 0.4972993827160494 0.003761574074074074 0.0038580246913580245
6 0.9046585648148148 0.5197723765432098 0.004340277777777778 0.004050925925925926
6 0.93359375 0.5404128086419753 0.004918981481481482 0.004822530864197531
6 0.9408275462962963 0.5528549382716049 0.003761574074074074 0.004243827160493827
6 0.9360532407407407 0.5451388888888888 0.003472222222222222 0.0030864197530864196
6 0.9143518518518519 0.5992476851851852 0.004629629629629629 0.004822530864197531
6 0.8848379629629629 0.5812114197530864 0.003472222222222222 0.0030864197530864196
6 0.9144965277777778 0.5740740740740741 0.004918981481481482 0.0038580246913580245
6 0.8567708333333334 0.5807291666666666 0.004629629629629629 0.004050925925925926
6 0.8378182870370371 0.5788001543209876 0.003761574074074074 0.0028935185185185184
6 0.8855613425925926 0.6040702160493827 0.004340277777777778 0.004050925925925926
6 0.875 0.6248070987654321 0.004629629629629629 0.004629629629629629
6 0.9074074074074074 0.6204668209876543 0.004050925925925926 0.0028935185185185184
6 0.8100405092592593 0.6717785493827161 0.004340277777777778 0.0036651234567901233
6 0.7818287037037037 0.691358024691358 0.005787037037037037 0.0038580246913580245
6 0.8156828703703703 0.6663773148148148 0.004050925925925926 0.003279320987654321
6 0.8340567129629629 0.6828703703703703 0.004918981481481482 0.0030864197530864196
6 0.7476851851851852 0.8068094135802469 0.007523148148148148 0.00636574074074074
6 0.8295717592592593 0.8003472222222222 0.00636574074074074 0.006558641975308642
6 0.6537905092592593 0.8521412037037037 0.004340277777777778 0.003279320987654321
6 0.6529224537037037 0.8566743827160493 0.003761574074074074 0.002700617283950617
6 0.6192129629629629 0.8812692901234568 0.00636574074074074 0.003279320987654321
6 0.5831886574074074 0.8830054012345679 0.006655092592592593 0.004050925925925926
6 0.7808159722222222 0.7470100308641975 0.004340277777777778 0.004822530864197531
6 0.7832754629629629 0.7392939814814815 0.005787037037037037 0.004050925925925926
6 0.7868923611111112 0.7279128086419753 0.004340277777777778 0.0036651234567901233
6 0.8010706018518519 0.7560763888888888 0.004918981481481482 0.004050925925925926
6 0.7450810185185185 0.7944637345679012 0.005787037037037037 0.005208333333333333
6 0.6753472222222222 0.7823109567901234 0.005208333333333333 0.004822530864197531
6 0.8043981481481481 0.6997492283950617 0.007523148148148148 0.004436728395061728
6 0.8564814814814815 0.6675347222222222 0.007523148148148148 0.005208333333333333
6 0.8907696759259259 0.640625 0.004918981481481482 0.002700617283950617
6 0.8977141203703703 0.6009837962962963 0.004918981481481482 0.0036651234567901233
6 0.8645833333333334 0.6018518518518519 0.005208333333333333 0.004243827160493827
6 0.8534432870370371 0.5904706790123457 0.004918981481481482 0.0038580246913580245
6 0.9071180555555556 0.5502507716049383 0.005787037037037037 0.005208333333333333
6 0.8917824074074074 0.5526620370370371 0.005208333333333333 0.004243827160493827
6 0.7502893518518519 0.5822723765432098 0.00636574074074074 0.004822530864197531
6 0.9493634259259259 0.5794753086419753 0.00636574074074074 0.005015432098765432
6 0.9554398148148148 0.5510223765432098 0.004050925925925926 0.004436728395061728
6 0.9610821759259259 0.5501543209876543 0.00318287037037037 0.004243827160493827
6 0.9720775462962963 0.5292245370370371 0.005497685185185185 0.004436728395061728
6 0.8968460648148148 0.5853587962962963 0.004918981481481482 0.003279320987654321
6 0.9237557870370371 0.6469907407407407 0.004340277777777778 0.006944444444444444
6 0.9199942129629629 0.6343557098765432 0.005497685185185185 0.004436728395061728
6 0.9013310185185185 0.6198881172839507 0.004050925925925926 0.003279320987654321
6 0.6474247685185185 0.7698688271604939 0.005497685185185185 0.005401234567901234
6 0.3298611111111111 0.8842592592592593 0.00636574074074074 0.004243827160493827
6 0.40379050925925924 0.8600501543209876 0.007233796296296296 0.004050925925925926
6 0.22410300925925927 0.8177083333333334 0.006076388888888889 0.004243827160493827
6 0.1584201388888889 0.7002314814814815 0.009548611111111112 0.006172839506172839
6 0.24710648148148148 0.6411072530864198 0.007523148148148148 0.0036651234567901233
6 0.1875 0.6600115740740741 0.003472222222222222 0.0028935185185185184
6 0.20558449074074073 0.6396604938271605 0.006076388888888889 0.002700617283950617
6 0.2035590277777778 0.636670524691358 0.005497685185185185 0.0028935185185185184
6 0.1752025462962963 0.6315586419753086 0.006655092592592593 0.0038580246913580245
6 0.12876157407407407 0.6451581790123457 0.00636574074074074 0.004050925925925926
6 0.16174768518518517 0.6039737654320988 0.00636574074074074 0.004243827160493827
6 0.12254050925925926 0.6108217592592593 0.005497685185185185 0.003279320987654321
6 0.19458912037037038 0.5733989197530864 0.007233796296296296 0.0055941358024691355
6 0.26461226851851855 0.5553626543209876 0.005497685185185185 0.004243827160493827
6 0.20847800925925927 0.5607638888888888 0.007233796296296296 0.0038580246913580245
6 0.19343171296296297 0.5612461419753086 0.006655092592592593 0.004436728395061728
6 0.16652199074074073 0.5677083333333334 0.005497685185185185 0.003472222222222222
6 0.15813078703703703 0.5336612654320988 0.005497685185185185 0.004050925925925926
6 0.14366319444444445 0.5219907407407407 0.005497685185185185 0.003472222222222222
6 0.14265046296296297 0.511670524691358 0.005787037037037037 0.004822530864197531
6 0.12427662037037036 0.5144675925925926 0.007233796296296296 0.004243827160493827
6 0.11197916666666667 0.5103202160493827 0.005787037037037037 0.004050925925925926
6 0.10850694444444445 0.5480324074074074 0.00636574074074074 0.005015432098765432
6 0.10112847222222222 0.535108024691358 0.007233796296296296 0.004243827160493827
6 0.08868634259259259 0.5652006172839507 0.007233796296296296 0.005015432098765432
6 0.07899305555555555 0.5867091049382716 0.008101851851851851 0.004822530864197531
6 0.07682291666666667 0.5317322530864198 0.005497685185185185 0.0036651234567901233
6 0.0802951388888889 0.5188078703703703 0.0078125 0.0036651234567901233
6 0.08130787037037036 0.5416666666666666 0.005787037037037037 0.0038580246913580245
6 0.05222800925925926 0.5297067901234568 0.004340277777777778 0.003472222222222222
6 0.04586226851851852 0.5356867283950617 0.004918981481481482 0.006944444444444444
6 0.0859375 0.5811149691358025 0.00636574074074074 0.004822530864197531
6 0.08969907407407407 0.5981867283950617 0.007523148148148148 0.0038580246913580245
6 0.1613136574074074 0.6158371913580247 0.008391203703703705 0.0055941358024691355
6 0.11516203703703703 0.6091820987654321 0.005787037037037037 0.004243827160493827
6 0.07581018518518519 0.46730324074074076 0.007523148148148148 0.005208333333333333
6 0.08015046296296297 0.4593942901234568 0.005208333333333333 0.0036651234567901233
9 0.4586226851851852 0.06876929012345678 0.007523148148148148 0.004436728395061728
9 0.5787037037037037 0.40499614197530864 0.00636574074074074 0.004822530864197531
9 0.5782696759259259 0.43894675925925924 0.006076388888888889 0.004436728395061728
9 0.35532407407407407 0.8049768518518519 0.005787037037037037 0.0038580246913580245
9 0.4593460648148148 0.8448109567901234 0.0078125 0.0055941358024691355
9 0.7799479166666666 0.5967399691358025 0.007233796296296296 0.004050925925925926
9 0.6208043981481481 0.8083526234567902 0.006076388888888889 0.004050925925925926
1 0.49898726851851855 0.5569058641975309 0.008391203703703705 0.005401234567901234
1 0.17274305555555555 0.2166280864197531 0.005208333333333333 0.0038580246913580245
1 0.8153935185185185 0.15219907407407407 0.009837962962962963 0.004243827160493827
1 0.28544560185185186 0.14602623456790123 0.0078125 0.006172839506172839
1 0.06568287037037036 0.404320987654321 0.008101851851851851 0.0073302469135802465
1 0.05295138888888889 0.42592592592592593 0.005787037037037037 0.006558641975308642
1 0.05613425925925926 0.45794753086419754 0.009837962962962963 0.006172839506172839
1 0.7184606481481481 0.8333333333333334 0.007523148148148148 0.006172839506172839
1 0.7010995370370371 0.8491512345679012 0.008680555555555556 0.006172839506172839
1 0.7149884259259259 0.8622685185185185 0.008680555555555556 0.007716049382716049
1 0.6821469907407407 0.8812692901234568 0.0078125 0.004822530864197531
1 0.9483506944444444 0.4447337962962963 0.006655092592592593 0.0055941358024691355
8 0.9225983796296297 0.2934027777777778 0.011863425925925927 0.016589506172839507
8 0.9367766203703703 0.5789930555555556 0.01244212962962963 0.014467592592592593
8 0.7977430555555556 0.6044560185185185 0.022569444444444444 0.015239197530864198
8 0.8807870370370371 0.6831597222222222 0.01099537037037037 0.013695987654320988
8 0.8865740740740741 0.7138310185185185 0.009837962962962963 0.008294753086419753
8 0.9069733796296297 0.6861496913580247 0.007233796296296296 0.009259259259259259
8 0.7019675925925926 0.8874421296296297 0.020833333333333332 0.011766975308641976
8 0.2433449074074074 0.7945601851851852 0.011574074074074073 0.010802469135802469
8 0.06987847222222222 0.5614390432098766 0.007233796296296296 0.009837962962962963
1 0.5101273148148148 0.35204475308641975 0.010416666666666666 0.008101851851851851
0 0.18981481481481483 0.6248070987654321 0.011574074074074073 0.008101851851851851
0 0.2087673611111111 0.6327160493827161 0.007233796296296296 0.005401234567901234
0 0.19560185185185186 0.6549961419753086 0.005208333333333333 0.004050925925925926
0 0.19632523148148148 0.6471836419753086 0.006655092592592593 0.005401234567901234
0 0.1232638888888889 0.6373456790123457 0.008680555555555556 0.008487654320987654
0 0.15234375 0.6740933641975309 0.010127314814814815 0.010609567901234568
0 0.09244791666666667 0.623070987654321 0.01244212962962963 0.018132716049382717
0 0.8647280092592593 0.623070987654321 0.025752314814814815 0.017361111111111112
8 0.7893518518518519 0.8032407407407407 0.015046296296296295 0.01273148148148148
4 0.8534432870370371 0.4312307098765432 0.021701388888888888 0.01253858024691358
4 0.18388310185185186 0.22762345679012347 0.010127314814814815 0.006558641975308642
4 0.359375 0.44666280864197533 0.008101851851851851 0.0055941358024691355
3 0.3159722222222222 0.46334876543209874 0.01099537037037037 0.008487654320987654
0 0.1701388888888889 0.7327353395061729 0.011574074074074073 0.015625
0 0.18561921296296297 0.7521219135802469 0.013020833333333334 0.018132716049382717
0 0.81640625 0.6281828703703703 0.008391203703703705 0.008680555555555556
0 0.9133391203703703 0.6666666666666666 0.015335648148148149 0.019290123456790122
0 0.8793402777777778 0.6548996913580247 0.013888888888888888 0.008101851851851851
0 0.8561921296296297 0.6423611111111112 0.016203703703703703 0.011188271604938271
5 0.9398148148148148 0.3285108024691358 0.027199074074074073 0.05092592592592592
6 0.47265625 0.22511574074074073 0.007233796296296296 0.0038580246913580245
3 0.10749421296296297 0.44222608024691357 0.009548611111111112 0.007137345679012345
0 0.2042824074074074 0.6223958333333334 0.008101851851851851 0.005979938271604938
0 0.17679398148148148 0.6511381172839507 0.006944444444444444 0.008680555555555556
6 0.7050057870370371 0.22530864197530864 0.004918981481481482 0.0038580246913580245
2 0.5072337962962963 0.8159722222222222 0.01678240740740741 0.010802469135802469
6 0.4464699074074074 0.19810956790123457 0.004050925925925926 0.0023148148148148147
6 0.8291377314814815 0.3446180555555556 0.004918981481481482 0.003279320987654321
8 0.9684606481481481 0.5124421296296297 0.008680555555555556 0.007908950617283951
8 0.9587673611111112 0.5849729938271605 0.006655092592592593 0.009066358024691358
8 0.8812210648148148 0.5689621913580247 0.008969907407407407 0.00636574074074074
0 0.8262442129629629 0.5818865740740741 0.01244212962962963 0.00945216049382716
0 0.7974537037037037 0.6187307098765432 0.01099537037037037 0.007137345679012345
0 0.7677951388888888 0.609375 0.0078125 0.005401234567901234
0 0.7754629629629629 0.5730131172839507 0.008101851851851851 0.005979938271604938
0 0.7809606481481481 0.6155478395061729 0.008101851851851851 0.004243827160493827
8 0.7510127314814815 0.6236496913580247 0.010127314814814815 0.006944444444444444
8 0.14814814814814814 0.6451581790123457 0.014467592592592593 0.011381172839506173
0 0.22424768518518517 0.6182484567901234 0.017939814814814815 0.013117283950617283
9 0.20992476851851852 0.5938464506172839 0.005497685185185185 0.004050925925925926
0 0.2293113425925926 0.5972222222222222 0.014178240740740741 0.006944444444444444
0 0.20008680555555555 0.5914351851851852 0.008969907407407407 0.008101851851851851
0 0.16333912037037038 0.5883487654320988 0.009548611111111112 0.006172839506172839
0 0.15813078703703703 0.5579668209876543 0.006076388888888889 0.005208333333333333
8 0.09172453703703703 0.5476466049382716 0.009837962962962963 0.008873456790123456
8 0.07508680555555555 0.3505979938271605 0.009548611111111112 0.011381172839506173
8 0.06785300925925926 0.48234953703703703 0.008969907407407407 0.008294753086419753
1 0.06799768518518519 0.5033757716049383 0.005787037037037037 0.004822530864197531
8 0.04976851851851852 0.5122492283950617 0.007523148148148148 0.008294753086419753
0 0.22497106481481483 0.6313657407407407 0.0078125 0.007716049382716049
6 0.2686631944444444 0.6294367283950617 0.005497685185185185 0.0030864197530864196
8 0.12196180555555555 0.6781442901234568 0.016493055555555556 0.015239197530864198
0 0.11950231481481481 0.6544174382716049 0.008680555555555556 0.01408179012345679
8 0.2708333333333333 0.8645833333333334 0.007523148148148148 0.008487654320987654
2 0.5523726851851852 0.7959104938271605 0.013310185185185185 0.007716049382716049
1 0.4547164351851852 0.47820216049382713 0.008969907407407407 0.005401234567901234
6 0.7599826388888888 0.8460648148148148 0.004340277777777778 0.003472222222222222
6 0.6274594907407407 0.2092013888888889 0.004340277777777778 0.0028935185185185184
6 0.6040219907407407 0.2101658950617284 0.003761574074074074 0.002507716049382716
6 0.8337673611111112 0.24836033950617284 0.00318287037037037 0.0021219135802469135
6 0.7934027777777778 0.5860339506172839 0.007523148148148148 0.005015432098765432
0 0.8589409722222222 0.5692515432098766 0.016493055555555556 0.008873456790123456
9 0.1193576388888889 0.6153549382716049 0.008969907407407407 0.006558641975308642
8 0.1763599537037037 0.5731095679012346 0.007233796296296296 0.005401234567901234
8 0.04079861111111111 0.48389274691358025 0.00636574074074074 0.007523148148148148