4 0.23477378190255221 0.10673913043478261 0.01131090487238979 0.006521739130434782
1 0.10049303944315545 0.26282608695652177 0.013631090487238979 0.012608695652173913
8 0.4417053364269142 0.4325 0.02262180974477958 0.017608695652173913
5 0.09643271461716937 0.7368478260869565 0.06409512761020882 0.10804347826086956
5 0.16038283062645012 0.7694565217391305 0.0388631090487239 0.08413043478260869
5 0.7782772621809745 0.8128260869565217 0.046113689095127613 0.11391304347826087
5 0.9216937354988399 0.6559782608695652 0.04814385150812065 0.07891304347826086
5 0.033932714617169374 0.5510869565217391 0.0388631090487239 0.10173913043478261
3 0.8786252900232019 0.42206521739130437 0.027552204176334107 0.01891304347826087
5 0.9585266821345708 0.5814130434782608 0.017981438515081206 0.0758695652173913
9 0.33120649651972156 0.19510869565217392 0.015661252900232018 0.013260869565217392
0 0.400377030162413 0.1291304347826087 0.016531322505800465 0.006521739130434782
0 0.45127610208816704 0.19206521739130436 0.016241299303944315 0.009782608695652175
0 0.4460556844547564 0.2075 0.011020881670533642 0.009782608695652175
0 0.42212877030162416 0.2093478260869565 0.01537122969837587 0.009565217391304347
0 0.4263341067285383 0.2026086956521739 0.015661252900232018 0.00608695652173913
0 0.4245939675174014 0.21978260869565217 0.0069605568445475635 0.005652173913043478
0 0.3226508120649652 0.5019565217391304 0.01769141531322506 0.014347826086956521
6 0.18198955916473317 0.545 0.011890951276102088 0.009565217391304347
5 0.034657772621809746 0.7168478260869565 0.03915313225058004 0.08021739130434782
8 0.1993909512761021 0.7654347826086957 0.02697215777262181 0.025652173913043478
8 0.24738979118329466 0.8 0.0382830626450116 0.03434782608695652
8 0.2659512761020882 0.8993478260869565 0.037122969837587005 0.02217391304347826
8 0.640661252900232 0.8921739130434783 0.03306264501160093 0.030434782608695653
8 0.7415893271461717 0.8931521739130435 0.03538283062645012 0.03239130434782609
0 0.7919083526682135 0.6273913043478261 0.02291183294663573 0.024782608695652172
0 0.7526102088167054 0.6135869565217391 0.019721577726218097 0.014565217391304348
0 0.7649361948955916 0.6441304347826087 0.01131090487238979 0.014347826086956521
0 0.7713167053364269 0.6335869565217391 0.010150812064965197 0.011521739130434782
8 0.7475348027842227 0.6817391304347826 0.013051044083526682 0.010869565217391304
0 0.8043793503480279 0.6807608695652174 0.01537122969837587 0.013695652173913043
0 0.8322215777262181 0.6617391304347826 0.02349187935034803 0.023478260869565216
0 0.8481728538283063 0.6567391304347826 0.013051044083526682 0.011739130434782608
0 0.8204756380510441 0.6493478260869565 0.011020881670533642 0.014782608695652174
8 0.8619489559164734 0.6777173913043478 0.020301624129930394 0.02108695652173913
0 0.8296113689095128 0.7223913043478261 0.008990719257540603 0.02
0 0.728538283062645 0.5603260869565218 0.016821345707656612 0.009782608695652175
0 0.845707656612529 0.537608695652174 0.09164733178654293 0.034782608695652174
0 0.847737819025522 0.5172826086956521 0.0075406032482598605 0.004565217391304348
1 0.8000290023201856 0.4589130434782609 0.010150812064965197 0.006956521739130435
3 0.6664733178654292 0.4656521739130435 0.013921113689095127 0.009565217391304347
0 0.544808584686775 0.1822826086956522 0.008990719257540603 0.006739130434782609
0 0.5475638051044084 0.19684782608695653 0.0063805104408352666 0.0036956521739130435
0 0.5466937354988399 0.2115217391304348 0.009860788863109048 0.004782608695652174
0 0.5301624129930395 0.21945652173913044 0.0063805104408352666 0.005869565217391304
0 0.5013051044083526 0.23793478260869566 0.007250580046403712 0.004565217391304348
0 0.4031322505800464 0.2333695652173913 0.009860788863109048 0.006304347826086957
0 0.36049883990719256 0.1917391304347826 0.010440835266821345 0.00826086956521739
0 0.36513921113689096 0.21239130434782608 0.008700696055684454 0.011304347826086957
0 0.35600348027842227 0.21108695652173914 0.008990719257540603 0.0052173913043478265
1 0.05408932714617169 0.42228260869565215 0.016531322505800465 0.013695652173913043
1 0.02218677494199536 0.4053260869565217 0.010730858468677494 0.012826086956521739
0 0.8883410672853829 0.3403260869565217 0.0191415313225058 0.028043478260869566
8 0.38935614849187933 0.5485869565217392 0.014211136890951276 0.011956521739130435
7 0.12978538283062646 0.4539130434782609 0.017111368909512762 0.01
1 0.17227378190255221 0.44358695652173913 0.009280742459396751 0.007608695652173913
3 0.09918793503480279 0.45315217391304347 0.0962877030162413 0.04543478260869565
2 0.39733178654292345 0.8875 0.02320185614849188 0.015
2 0.5990429234338747 0.8879347826086956 0.01943155452436195 0.018043478260869564
0 0.490284222737819 0.6976086956521739 0.010730858468677494 0.012608695652173913
0 0.12195475638051044 0.6325 0.031612529002320186 0.02326086956521739
9 0.738254060324826 0.7297826086956521 0.01131090487238979 0.01
8 0.8051044083526682 0.7527173913043478 0.016241299303944315 0.015434782608695652
0 0.9084976798143851 0.5114130434782609 0.015951276102088168 0.029782608695652173
7 0.13268561484918792 0.4852173913043478 0.01769141531322506 0.012608695652173913
0 0.12456496519721577 0.6954347826086956 0.018851508120649653 0.023043478260869565
0 0.13819605568445475 0.13858695652173914 0.018271461716937356 0.015
0 0.660237819025522 0.19402173913043477 0.010730858468677494 0.005869565217391304
0 0.6232598607888631 0.20228260869565218 0.008700696055684454 0.005434782608695652
0 0.6097737819025522 0.22282608695652173 0.01131090487238979 0.009565217391304347
0 0.6502320185614849 0.22239130434782609 0.0075406032482598605 0.006521739130434782
0 0.6051334106728539 0.2107608695652174 0.006670533642691415 0.005869565217391304
0 0.5568445475638051 0.20815217391304347 0.00580046403712297 0.005
0 0.6115139211136891 0.14532608695652174 0.006090487238979118 0.006304347826086957
4 0.8546983758700696 0.4476086956521739 0.0069605568445475635 0.004347826086956522
4 0.8819605568445475 0.4082608695652174 0.004640371229698376 0.003043478260869565
4 0.882830626450116 0.38619565217391305 0.002320185614849188 0.001956521739130435
1 0.9390951276102089 0.42184782608695653 0.008120649651972157 0.008913043478260869
1 0.9441705336426914 0.4108695652173913 0.006090487238979118 0.006956521739130435
1 0.9269141531322506 0.4433695652173913 0.0075406032482598605 0.005434782608695652
0 0.9360498839907193 0.46695652173913044 0.02291183294663573 0.029565217391304348
0 0.8800754060324826 0.6292391304347826 0.033932714617169374 0.030217391304347824
0 0.7573955916473318 0.6606521739130434 0.0095707656612529 0.006956521739130435
8 0.8665893271461717 0.6052173913043478 0.018561484918793503 0.016956521739130436
0 0.834106728538283 0.7068478260869565 0.011020881670533642 0.009782608695652175
0 0.06656032482598608 0.5683695652173913 0.020011600928074247 0.015434782608695652
6 0.5010150812064965 0.2775 0.007830626450116009 0.004565217391304348
1 0.15675754060324826 0.2033695652173913 0.007250580046403712 0.005
0 0.4290893271461717 0.15641304347826088 0.008990719257540603 0.004130434782608695
0 0.46041183294663574 0.2539130434782609 0.013631090487238979 0.01
0 0.4947795823665893 0.2568478260869565 0.008700696055684454 0.006304347826086957
0 0.46244199535962877 0.4931521739130435 0.013051044083526682 0.008478260869565218
0 0.5375580046403712 0.5328260869565218 0.0095707656612529 0.00782608695652174
0 0.05075406032482599 0.5468478260869565 0.009280742459396751 0.010652173913043479
0 0.060614849187935034 0.3925 0.023781902552204175 0.021521739130434783
0 0.14704176334106728 0.6257608695652174 0.012180974477958236 0.010652173913043479
0 0.14849187935034802 0.6722826086956522 0.027262180974477957 0.030217391304347824
0 0.17183874709976799 0.7132608695652174 0.015951276102088168 0.01608695652173913
0 0.17589907192575405 0.6989130434782609 0.01769141531322506 0.010869565217391304
0 0.1716937354988399 0.6761956521739131 0.01740139211136891 0.012391304347826086
0 0.2038863109048724 0.6703260869565217 0.008120649651972157 0.007173913043478261
0 0.1915603248259861 0.6771739130434783 0.0095707656612529 0.009565217391304347
0 0.24289443155452436 0.6880434782608695 0.006670533642691415 0.007391304347826087
0 0.16574825986078887 0.845108695652174 0.027552204176334107 0.016739130434782607
0 0.1851798143851508 0.8309782608695652 0.010150812064965197 0.013695652173913043
0 0.19518561484918792 0.8505434782608695 0.009280742459396751 0.011521739130434782
8 0.2178074245939675 0.9197826086956522 0.016241299303944315 0.013043478260869565
8 0.29756380510440833 0.8759782608695652 0.016821345707656612 0.014565217391304348
4 0.26435614849187933 0.8746739130434783 0.016531322505800465 0.016739130434782607
6 0.29828886310904873 0.8441304347826087 0.004930394431554524 0.004347826086956522
8 0.6664733178654292 0.8460869565217392 0.014501160092807424 0.009130434782608696
0 0.6632830626450116 0.8017391304347826 0.014501160092807424 0.010434782608695653
8 0.6892401392111369 0.8061956521739131 0.011890951276102088 0.009347826086956522
8 0.6960556844547564 0.8370652173913044 0.009860788863109048 0.007608695652173913
0 0.7015661252900232 0.8647826086956522 0.02088167053364269 0.022608695652173914
8 0.7252030162412993 0.8333695652173913 0.007830626450116009 0.006304347826086957
6 0.73042343387471 0.7859782608695652 0.006670533642691415 0.004565217391304348
1 0.8562935034802784 0.837391304347826 0.011890951276102088 0.009565217391304347
0 0.8877610208816705 0.7959782608695652 0.010440835266821345 0.014130434782608696
0 0.7794373549883991 0.7336956521739131 0.010150812064965197 0.008695652173913044
0 0.8097447795823666 0.6943478260869566 0.011020881670533642 0.009130434782608696
0 0.783207656612529 0.6956521739130435 0.013631090487238979 0.010869565217391304
0 0.7817575406032483 0.7030434782608695 0.012470997679814385 0.01
0 0.8110498839907193 0.7056521739130435 0.012470997679814385 0.01217391304347826
0 0.8000290023201856 0.7042391304347826 0.007250580046403712 0.006739130434782609
6 0.7370939675174014 0.6314130434782609 0.005510440835266821 0.004565217391304348
2 0.8971867749419954 0.6283695652173913 0.024071925754060326 0.035869565217391305
0 0.9026972157772621 0.5975 0.010730858468677494 0.010217391304347826
0 0.9221287703016241 0.5932608695652174 0.008990719257540603 0.00782608695652174
0 0.8857308584686775 0.5598913043478261 0.010440835266821345 0.008478260869565218
1 0.7198375870069605 0.1133695652173913 0.008700696055684454 0.006739130434782609
8 0.95707656612529 0.4746739130434783 0.015081206496519721 0.021521739130434783
9 0.6400812064965197 0.6417391304347826 0.012180974477958236 0.00782608695652174
0 0.8077146171693735 0.7167391304347827 0.013921113689095127 0.009565217391304347
0 0.777262180974478 0.7257608695652173 0.008120649651972157 0.008043478260869565
0 0.6963457076566125 0.6391304347826087 0.011020881670533642 0.00608695652173913
0 0.16705336426914152 0.6359782608695652 0.023781902552204175 0.02108695652173913
0 0.18996519721577726 0.65 0.011020881670533642 0.006521739130434782
0 0.21142691415313225 0.6561956521739131 0.017981438515081206 0.010652173913043479
9 0.318300464037123 0.8079347826086957 0.006090487238979118 0.004130434782608695
0 0.18155452436194897 0.6148913043478261 0.012180974477958236 0.014565217391304348
0 0.5593097447795824 0.12554347826086956 0.016531322505800465 0.007173913043478261
0 0.5756960556844548 0.06815217391304348 0.012180974477958236 0.007173913043478261
8 0.9029872389791184 0.3123913043478261 0.008990719257540603 0.010869565217391304
0 0.9235788863109049 0.3868478260869565 0.014211136890951276 0.015869565217391305
0 0.9116879350348028 0.5766304347826087 0.014211136890951276 0.026304347826086958
8 0.6442865429234339 0.7535869565217391 0.008990719257540603 0.008043478260869565
0 0.4886890951276102 0.8694565217391305 0.009860788863109048 0.005869565217391304
0 0.5520591647331786 0.9072826086956521 0.006090487238979118 0.008043478260869565
0 0.26841647331786544 0.7917391304347826 0.010730858468677494 0.009565217391304347
0 0.26551624129930396 0.8356521739130435 0.007830626450116009 0.00608695652173913
0 0.26537122969837584 0.8444565217391304 0.009860788863109048 0.006739130434782609
0 0.1795243619489559 0.7273913043478261 0.008700696055684454 0.00826086956521739
0 0.19214037122969838 0.73 0.010150812064965197 0.006956521739130435
0 0.199245939675174 0.7053260869565218 0.016241299303944315 0.015434782608695652
0 0.21766241299303946 0.6938043478260869 0.015951276102088168 0.014565217391304348
0 0.2398491879350348 0.6804347826086956 0.01334106728538283 0.010869565217391304
0 0.1435614849187935 0.6425 0.009860788863109048 0.008043478260869565
0 0.13529582366589327 0.6083695652173913 0.010150812064965197 0.008043478260869565
0 0.043068445475638054 0.6265217391304347 0.014791183294663572 0.03
0 0.597592807424594 0.11728260869565217 0.008410672853828306 0.006304347826086957
0 0.6284802784222738 0.11956521739130435 0.0063805104408352666 0.006521739130434782
8 0.9390951276102089 0.5826086956521739 0.014501160092807424 0.015217391304347827
0 0.376885150812065 0.9141304347826087 0.029292343387470998 0.017391304347826087
1 0.24956496519721577 0.4808695652173913 0.0037703016241299302 0.0034782608695652175