1 0.3133680555555556 0.16589506172839505 0.009837962962962963 0.006944444444444444
7 0.44994212962962965 0.15885416666666666 0.023726851851851853 0.01253858024691358
7 0.6228298611111112 0.18981481481481483 0.014178240740740741 0.011574074074074073
7 0.5279224537037037 0.07359182098765432 0.020543981481481483 0.007137345679012345
1 0.2829861111111111 0.498070987654321 0.013310185185185185 0.007716049382716049
1 0.2981770833333333 0.5110918209876543 0.010127314814814815 0.006751543209876543
0 0.18258101851851852 0.6079282407407407 0.015625 0.01099537037037037
4 0.11183449074074074 0.4834104938271605 0.009548611111111112 0.008101851851851851
3 0.0720486111111111 0.4220679012345679 0.010416666666666666 0.0073302469135802465
3 0.0763888888888889 0.4878472222222222 0.006944444444444444 0.006558641975308642
3 0.06380208333333333 0.4974922839506173 0.005497685185185185 0.006944444444444444
3 0.10026041666666667 0.47588734567901236 0.018229166666666668 0.010416666666666666
3 0.8735532407407407 0.5202546296296297 0.00636574074074074 0.0038580246913580245
3 0.8703703703703703 0.5105131172839507 0.005208333333333333 0.004050925925925926
3 0.8825231481481481 0.48138503086419754 0.013310185185185185 0.008680555555555556
3 0.9194155092592593 0.49893904320987653 0.006076388888888889 0.004822530864197531
3 0.9375 0.5355902777777778 0.008101851851851851 0.008294753086419753
8 0.8676215277777778 0.7207754629629629 0.013599537037037037 0.011766975308641976
8 0.4322916666666667 0.8523341049382716 0.01273148148148148 0.008294753086419753
1 0.2589699074074074 0.6061921296296297 0.010416666666666666 0.00636574074074074
1 0.34273726851851855 0.6730324074074074 0.011863425925925927 0.008487654320987654
1 0.3098958333333333 0.6907793209876543 0.01099537037037037 0.007716049382716049
3 0.8939525462962963 0.4913194444444444 0.018229166666666668 0.015817901234567902
0 0.7400173611111112 0.5903742283950617 0.01244212962962963 0.011381172839506173
7 0.2505787037037037 0.11844135802469136 0.017361111111111112 0.013117283950617283
0 0.2254050925925926 0.5924961419753086 0.011574074074074073 0.011766975308641976
3 0.9223090277777778 0.28771219135802467 0.008969907407407407 0.013695987654320988
1 0.3936631944444444 0.390625 0.006076388888888889 0.0038580246913580245
1 0.36689814814814814 0.39265046296296297 0.004629629629629629 0.0028935185185185184
7 0.3359375 0.09558256172839506 0.08854166666666667 0.02141203703703704
1 0.7877604166666666 0.8396026234567902 0.006655092592592593 0.005208333333333333
0 0.25491898148148145 0.5700231481481481 0.013310185185185185 0.007716049382716049
0 0.2730034722222222 0.6320408950617284 0.016493055555555556 0.005979938271604938
1 0.7165798611111112 0.13956404320987653 0.005497685185185185 0.004822530864197531
1 0.7128182870370371 0.1574074074074074 0.008391203703703705 0.006558641975308642
0 0.7790798611111112 0.6181520061728395 0.011863425925925927 0.00945216049382716
1 0.2667824074074074 0.7878086419753086 0.00636574074074074 0.005015432098765432
8 0.062065972222222224 0.6369598765432098 0.006655092592592593 0.008487654320987654
8 0.11443865740740741 0.5568094135802469 0.010127314814814815 0.005208333333333333