8 0.17473897911832947 0.6184782608695653 0.011890951276102088 0.009130434782608696
8 0.1379060324825986 0.6514130434782609 0.022331786542923435 0.016304347826086956
8 0.09875290023201856 0.6186956521739131 0.02117169373549884 0.019130434782608695
8 0.18706496519721577 0.705 0.017981438515081206 0.014782608695652174
6 0.23013341067285384 0.6610869565217391 0.008990719257540603 0.006956521739130435
6 0.20533642691415313 0.5916304347826087 0.009280742459396751 0.005869565217391304
0 0.19881090487238978 0.5844565217391304 0.02349187935034803 0.015869565217391305
0 0.1622679814385151 0.5734782608695652 0.015951276102088168 0.009565217391304347
0 0.23665893271461716 0.6496739130434782 0.017981438515081206 0.015
8 0.2591357308584687 0.7177173913043479 0.028132250580046404 0.019782608695652175
8 0.22433294663573086 0.7120652173913044 0.016531322505800465 0.014565217391304348
8 0.22259280742459397 0.8190217391304347 0.014791183294663572 0.010217391304347826
2 0.2727668213457077 0.9354347826086956 0.01131090487238979 0.007391304347826087
2 0.39037122969837584 0.8607608695652174 0.01740139211136891 0.007173913043478261
2 0.4285092807424594 0.8680434782608696 0.014211136890951276 0.009130434782608696
8 0.5165313225058005 0.8622826086956522 0.03306264501160093 0.025
9 0.7218677494199536 0.8876086956521739 0.01160092807424594 0.009565217391304347
9 0.7027262180974478 0.9341304347826087 0.010440835266821345 0.01
9 0.7272331786542924 0.8118478260869565 0.017111368909512762 0.011521739130434782
1 0.7717517401392111 0.8342391304347826 0.0063805104408352666 0.004565217391304348
1 0.7662412993039444 0.8333695652173913 0.004640371229698376 0.0036956521739130435
9 0.7814675174013921 0.7768478260869566 0.016531322505800465 0.014130434782608696
8 0.8000290023201856 0.7122826086956522 0.015951276102088168 0.011956521739130435
8 0.8272911832946636 0.7188043478260869 0.014211136890951276 0.011521739130434782
1 0.6203596287703016 0.9166304347826087 0.008700696055684454 0.006304347826086957
0 0.4915893271461717 0.7218478260869565 0.01160092807424594 0.010652173913043479
0 0.5458236658932715 0.6644565217391304 0.0075406032482598605 0.006739130434782609
1 0.7958236658932715 0.6165217391304347 0.008700696055684454 0.00608695652173913
0 0.7819025522041764 0.6380434782608696 0.0075406032482598605 0.007391304347826087
0 0.8156902552204176 0.638804347826087 0.03451276102088167 0.013260869565217392
0 0.845707656612529 0.6303260869565217 0.012180974477958236 0.015869565217391305
5 0.859483758700696 0.6547826086956522 0.04089327146171694 0.049130434782608694
6 0.7668213457076566 0.5980434782608696 0.004060324825986079 0.003043478260869565
6 0.7391241299303944 0.6195652173913043 0.005510440835266821 0.004782608695652174
6 0.7385440835266821 0.5745652173913044 0.0037703016241299302 0.003043478260869565
2 0.07801624129930394 0.5802173913043478 0.012761020881670533 0.011739130434782608
8 0.06598027842227379 0.615 0.020011600928074247 0.02434782608695652
8 0.10411832946635731 0.6907608695652174 0.012761020881670533 0.01108695652173913
8 0.10165313225058005 0.667608695652174 0.0037703016241299302 0.0034782608695652175
0 0.11180394431554525 0.5978260869565217 0.011890951276102088 0.00826086956521739
8 0.10136310904872389 0.7253260869565218 0.011890951276102088 0.016739130434782607
0 0.1583526682134571 0.6410869565217391 0.014501160092807424 0.01391304347826087
0 0.16574825986078887 0.6356521739130435 0.008410672853828306 0.006521739130434782
4 0.8631090487238979 0.6018478260869565 0.008700696055684454 0.006739130434782609
1 0.8961716937354989 0.5664130434782608 0.008120649651972157 0.006304347826086957
1 0.921838747099768 0.26717391304347826 0.007250580046403712 0.006521739130434782
1 0.91792343387471 0.1991304347826087 0.0063805104408352666 0.005652173913043478
1 0.7861078886310905 0.19054347826086956 0.01131090487238979 0.007173913043478261
4 0.31496519721577726 0.16869565217391305 0.01334106728538283 0.006521739130434782
1 0.21998259860788863 0.16858695652173913 0.008410672853828306 0.006304347826086957
1 0.06830046403712298 0.21989130434782608 0.007830626450116009 0.008913043478260869
1 0.04408352668213457 0.5605434782608696 0.008700696055684454 0.009782608695652175
1 0.0810614849187935 0.5558695652173913 0.011890951276102088 0.009130434782608696
0 0.13094547563805103 0.6081521739130434 0.007250580046403712 0.006304347826086957
3 0.21650232018561485 0.5360869565217391 0.010730858468677494 0.006521739130434782
6 0.5323375870069605 0.3883695652173913 0.0095707656612529 0.007608695652173913
3 0.6334106728538283 0.6015217391304348 0.008120649651972157 0.010434782608695653
6 0.7102668213457076 0.6881521739130435 0.009280742459396751 0.005434782608695652
6 0.7196925754060325 0.7047826086956521 0.005510440835266821 0.004782608695652174
1 0.6692285382830626 0.6968478260869565 0.007830626450116009 0.005869565217391304
8 0.6525522041763341 0.7202173913043478 0.010440835266821345 0.009130434782608696
0 0.5611948955916474 0.6689130434782609 0.011020881670533642 0.01217391304347826
8 0.9509860788863109 0.3685869565217391 0.008700696055684454 0.024130434782608696
5 0.9592517401392111 0.2990217391304348 0.01769141531322506 0.04934782608695652
6 0.13935614849187936 0.7116304347826087 0.013051044083526682 0.012391304347826086
1 0.11716937354988399 0.7184782608695652 0.008120649651972157 0.009565217391304347
1 0.1273201856148492 0.7410869565217392 0.009280742459396751 0.011304347826086957
8 0.8111948955916474 0.6948913043478261 0.015661252900232018 0.010652173913043479
0 0.8351218097447796 0.6184782608695653 0.007830626450116009 0.00782608695652174
0 0.8209106728538283 0.6259782608695652 0.007250580046403712 0.008043478260869565
8 0.6860498839907193 0.8348913043478261 0.01131090487238979 0.008913043478260869
8 0.697360788863109 0.8289130434782609 0.007250580046403712 0.006521739130434782
1 0.6450116009280742 0.9281521739130435 0.0063805104408352666 0.004130434782608695
4 0.18604988399071926 0.23728260869565218 0.008410672853828306 0.006739130434782609
0 0.9215487238979119 0.2554347826086957 0.010150812064965197 0.017391304347826087
0 0.5651102088167054 0.23695652173913043 0.017111368909512762 0.011739130434782608
0 0.8915313225058005 0.6046739130434783 0.01160092807424594 0.012391304347826086
1 0.3069895591647332 0.20108695652173914 0.005510440835266821 0.00391304347826087
0 0.49970997679814383 0.2408695652173913 0.011020881670533642 0.00782608695652174
0 0.5204466357308585 0.31956521739130433 0.007830626450116009 0.006956521739130435
6 0.5862819025522041 0.34445652173913044 0.006670533642691415 0.004130434782608695
0 0.8110498839907193 0.585 0.01537122969837587 0.011304347826086957
0 0.849622969837587 0.5986956521739131 0.010730858468677494 0.010869565217391304
0 0.8670243619489559 0.5969565217391304 0.010150812064965197 0.009130434782608696
0 0.8884860788863109 0.5871739130434782 0.006090487238979118 0.00608695652173913
0 0.8628190255220418 0.623804347826087 0.009860788863109048 0.010217391304347826
0 0.8725348027842227 0.6170652173913044 0.01943155452436195 0.010652173913043479
0 0.8267111368909513 0.6496739130434782 0.010150812064965197 0.010652173913043479
0 0.8312064965197216 0.6301086956521739 0.008700696055684454 0.010217391304347826
8 0.6583526682134571 0.8029347826086957 0.01160092807424594 0.010652173913043479
6 0.36731438515081205 0.745 0.007250580046403712 0.00608695652173913
8 0.3111948955916473 0.9327173913043478 0.01334106728538283 0.010217391304347826
8 0.25203016241299303 0.7446739130434783 0.0191415313225058 0.014130434782608696
0 0.5043503480278422 0.22130434782608696 0.009280742459396751 0.00826086956521739
8 0.9598317865429234 0.41489130434782606 0.007830626450116009 0.014565217391304348
6 0.6252900232018561 0.3353260869565217 0.009280742459396751 0.005434782608695652
1 0.9343097447795824 0.5341304347826087 0.006090487238979118 0.00826086956521739
8 0.7572505800464037 0.8961956521739131 0.019721577726218097 0.013260869565217392
8 0.26667633410672853 0.6770652173913043 0.01131090487238979 0.006304347826086957
1 0.9169083526682135 0.21891304347826088 0.0037703016241299302 0.00391304347826087
1 0.914008120649652 0.24913043478260868 0.004350348027842227 0.005652173913043478
0 0.03915313225058004 0.3297826086956522 0.010440835266821345 0.018695652173913044
0 0.806699535962877 0.6705434782608696 0.0095707656612529 0.006739130434782609
0 0.8503480278422274 0.6645652173913044 0.010440835266821345 0.010434782608695653
0 0.8032192575406032 0.7260869565217392 0.01131090487238979 0.00782608695652174
8 0.783207656612529 0.7235869565217391 0.010150812064965197 0.007608695652173913
0 0.7199825986078886 0.6339130434782608 0.007250580046403712 0.004347826086956522
1 0.7924883990719258 0.5608695652173913 0.0031902552204176333 0.002173913043478261
8 0.888776102088167 0.6984782608695652 0.013631090487238979 0.019130434782608695
8 0.8986368909512761 0.6666304347826087 0.011890951276102088 0.030217391304347824