9 0.30814965197215777 0.04793478260869565 0.007250580046403712 0.005434782608695652
9 0.3349767981438515 0.0633695652173913 0.011020881670533642 0.008478260869565218
9 0.3033642691415313 0.07173913043478261 0.009280742459396751 0.007391304347826087
9 0.2849477958236659 0.11239130434782608 0.01537122969837587 0.013043478260869565
9 0.3304814385150812 0.08771739130434783 0.018271461716937356 0.011521739130434782
9 0.367169373549884 0.08076086956521739 0.008700696055684454 0.005869565217391304
9 0.4741879350348028 0.12782608695652173 0.013921113689095127 0.01
9 0.5698955916473318 0.12978260869565217 0.009860788863109048 0.00608695652173913
9 0.6721287703016241 0.08739130434782609 0.008990719257540603 0.0052173913043478265
9 0.03958816705336427 0.3656521739130435 0.010150812064965197 0.009130434782608696
9 0.9937645011600929 0.4042391304347826 0.006670533642691415 0.008043478260869565
9 0.911977958236659 0.6095652173913043 0.010730858468677494 0.010434782608695653
9 0.9060324825986079 0.578695652173913 0.015081206496519721 0.01608695652173913
9 0.8296113689095128 0.535 0.01131090487238979 0.010869565217391304
9 0.7901682134570766 0.5251086956521739 0.007830626450116009 0.006739130434782609
9 0.8097447795823666 0.7366304347826087 0.011020881670533642 0.009782608695652175
9 0.7717517401392111 0.7898913043478261 0.014501160092807424 0.010652173913043479
9 0.769431554524362 0.7665217391304348 0.011020881670533642 0.009130434782608696
9 0.7698665893271461 0.84 0.017111368909512762 0.013478260869565217
9 0.8722447795823666 0.8570652173913044 0.010150812064965197 0.013695652173913043
9 0.5052204176334106 0.6793478260869565 0.013921113689095127 0.009130434782608696
9 0.1834396751740139 0.8326086956521739 0.014211136890951276 0.010434782608695653
9 0.19214037122969838 0.6627173913043478 0.010730858468677494 0.007608695652173913
6 0.11673433874709976 0.19315217391304348 0.0095707656612529 0.005869565217391304
6 0.26421113689095127 0.12836956521739132 0.008120649651972157 0.006304347826086957
6 0.2247679814385151 0.08282608695652174 0.01160092807424594 0.007391304347826087
6 0.22273781902552203 0.07217391304347825 0.009860788863109048 0.005652173913043478
6 0.22114269141531323 0.06619565217391304 0.007830626450116009 0.005
6 0.2672563805104408 0.08108695652173913 0.0095707656612529 0.00608695652173913
6 0.2921983758700696 0.09456521739130434 0.0095707656612529 0.007391304347826087
6 0.28204756380510443 0.13228260869565217 0.007830626450116009 0.005434782608695652
6 0.31569025522041766 0.16119565217391305 0.007830626450116009 0.005869565217391304
6 0.3197505800464037 0.16706521739130434 0.008410672853828306 0.005869565217391304
6 0.31177494199535966 0.22 0.0069605568445475635 0.004782608695652174
6 0.3069895591647332 0.23847826086956522 0.007250580046403712 0.0052173913043478265
6 0.30104408352668216 0.058586956521739134 0.00580046403712297 0.004565217391304348
6 0.32018561484918795 0.07184782608695651 0.008700696055684454 0.005
6 0.37195475638051045 0.05434782608695652 0.005510440835266821 0.00391304347826087
6 0.388631090487239 0.06902173913043479 0.004060324825986079 0.003260869565217391
6 0.4095127610208817 0.05326086956521739 0.004060324825986079 0.0034782608695652175
6 0.44678074245939675 0.07293478260869565 0.004930394431554524 0.003260869565217391
6 0.3880510440835267 0.11869565217391305 0.002900232018561485 0.003043478260869565
6 0.4293793503480278 0.18554347826086956 0.004350348027842227 0.003260869565217391
6 0.4508410672853828 0.1757608695652174 0.004930394431554524 0.002826086956521739
6 0.46360208816705334 0.09097826086956522 0.0031902552204176333 0.003260869565217391
6 0.4206786542923434 0.07510869565217392 0.0037703016241299302 0.002826086956521739
6 0.4865139211136891 0.04652173913043478 0.0031902552204176333 0.003043478260869565
6 0.4976798143851508 0.07326086956521739 0.004060324825986079 0.003043478260869565
6 0.4504060324825986 0.0891304347826087 0.004060324825986079 0.00391304347826087
6 0.5458236658932715 0.09793478260869565 0.005220417633410673 0.003260869565217391
6 0.3558584686774942 0.035869565217391305 0.004060324825986079 0.003043478260869565
6 0.6686484918793504 0.10728260869565218 0.007830626450116009 0.005
6 0.6911252900232019 0.11239130434782608 0.00580046403712297 0.004347826086956522
6 0.7073665893271461 0.06989130434782609 0.004640371229698376 0.002826086956521739
6 0.7524651972157773 0.05271739130434783 0.005510440835266821 0.004565217391304348
6 0.7529002320185615 0.1608695652173913 0.00580046403712297 0.004347826086956522
6 0.7325986078886311 0.14521739130434783 0.004060324825986079 0.0034782608695652175
6 0.8035092807424594 0.15413043478260868 0.004350348027842227 0.00391304347826087
9 0.42821925754060325 0.3558695652173913 0.008410672853828306 0.006521739130434782
6 0.5539443155452436 0.5516304347826086 0.00580046403712297 0.005
6 0.5014501160092807 0.5213043478260869 0.00580046403712297 0.00391304347826087
6 0.7768271461716937 0.8322826086956522 0.008990719257540603 0.005869565217391304
6 0.3035092807424594 0.9347826086956522 0.005510440835266821 0.007391304347826087
6 0.14791183294663574 0.8115217391304348 0.0063805104408352666 0.004782608695652174
6 0.17357888631090487 0.7802173913043479 0.005510440835266821 0.004782608695652174
9 0.11963457076566125 0.6690217391304348 0.006090487238979118 0.005
8 0.0884570765661253 0.1832608695652174 0.022041763341067284 0.02391304347826087
8 0.0923723897911833 0.1627173913043478 0.01537122969837587 0.015
8 0.1806844547563805 0.12206521739130435 0.011020881670533642 0.007173913043478261
8 0.10005800464037123 0.12532608695652173 0.017981438515081206 0.010652173913043479
0 0.22114269141531323 0.10521739130434783 0.03509280742459397 0.024782608695652172
6 0.22592807424593966 0.05521739130434783 0.0075406032482598605 0.0052173913043478265
0 0.16632830626450115 0.08815217391304347 0.02349187935034803 0.015869565217391305
5 0.03277262180974478 0.29934782608695654 0.025522041763341066 0.03782608695652174
5 0.07308584686774942 0.2559782608695652 0.034222737819025524 0.050217391304347825
0 0.03552784222737819 0.23891304347826087 0.03103248259860789 0.06652173913043478
8 0.13616589327146172 0.3377173913043478 0.013051044083526682 0.008913043478260869
4 0.21041183294663574 0.35695652173913045 0.0095707656612529 0.006521739130434782
9 0.010295823665893272 0.3318478260869565 0.006090487238979118 0.006739130434782609
4 0.054959396751740136 0.4206521739130435 0.004930394431554524 0.006521739130434782
4 0.6882250580046404 0.29097826086956524 0.009280742459396751 0.006739130434782609
4 0.06017981438515081 0.7215217391304348 0.008410672853828306 0.010869565217391304
4 0.42995939675174016 0.5820652173913043 0.007250580046403712 0.005434782608695652
4 0.4475058004640371 0.43673913043478263 0.01160092807424594 0.008695652173913044
3 0.6964907192575406 0.07152173913043479 0.013631090487238979 0.006521739130434782
3 0.7176624129930395 0.16108695652173913 0.010150812064965197 0.007391304347826087
3 0.636745939675174 0.13456521739130434 0.01131090487238979 0.009565217391304347
8 0.6657482598607889 0.14782608695652175 0.013051044083526682 0.010434782608695653
8 0.7742169373549884 0.11434782608695652 0.02349187935034803 0.014782608695652174
5 0.7882830626450116 0.08141304347826087 0.04582366589327146 0.036304347826086956
8 0.8322215777262181 0.06978260869565217 0.01769141531322506 0.012608695652173913
0 0.859338747099768 0.1822826086956522 0.017981438515081206 0.007608695652173913
0 0.880800464037123 0.18195652173913043 0.016821345707656612 0.009130434782608696
0 0.910237819025522 0.15739130434782608 0.01537122969837587 0.014782608695652174
8 0.781322505800464 0.19434782608695653 0.008120649651972157 0.00608695652173913
8 0.8365719257540604 0.20891304347826087 0.0095707656612529 0.00826086956521739
0 0.935469837587007 0.21456521739130435 0.014211136890951276 0.02608695652173913
0 0.8971867749419954 0.22641304347826086 0.015951276102088168 0.014565217391304348
0 0.9177784222737819 0.22608695652173913 0.014211136890951276 0.014782608695652174
0 0.9595417633410673 0.23076086956521738 0.007830626450116009 0.014130434782608696
0 0.9596867749419954 0.2808695652173913 0.015661252900232018 0.035217391304347825
0 0.9672273781902552 0.26119565217391305 0.008120649651972157 0.018043478260869564
5 0.951276102088167 0.33315217391304347 0.05278422273781903 0.08978260869565217
8 0.8586136890951276 0.31771739130434784 0.014211136890951276 0.008913043478260869
8 0.8600638051044084 0.30043478260869566 0.012470997679814385 0.007391304347826087
2 0.9847737819025522 0.3322826086956522 0.0095707656612529 0.04586956521739131
0 0.976508120649652 0.3857608695652174 0.005220417633410673 0.019782608695652175
0 0.9795533642691415 0.5318478260869566 0.0095707656612529 0.03804347826086957
1 0.8011890951276102 0.5867391304347827 0.007830626450116009 0.007391304347826087
1 0.8823955916473318 0.5553260869565217 0.008410672853828306 0.006739130434782609
1 0.7192575406032483 0.5320652173913043 0.0075406032482598605 0.006739130434782609
1 0.7784222737819025 0.6134782608695653 0.008120649651972157 0.007391304347826087
4 0.7991589327146171 0.6545652173913044 0.006670533642691415 0.008695652173913044
8 0.591792343387471 0.5016304347826087 0.011890951276102088 0.011521739130434782
6 0.6415313225058005 0.5404347826086957 0.0069605568445475635 0.006521739130434782
3 0.6087587006960556 0.46358695652173915 0.012761020881670533 0.015434782608695652
0 0.9554814385150812 0.600108695652174 0.037412993039443156 0.08369565217391305
2 0.9582366589327146 0.6345652173913043 0.015081206496519721 0.04
8 0.9182134570765661 0.7417391304347826 0.016241299303944315 0.017826086956521738
6 0.7756670533642691 0.7145652173913043 0.008410672853828306 0.0052173913043478265
9 0.7943735498839907 0.7581521739130435 0.0075406032482598605 0.005434782608695652
9 0.8288863109048724 0.7577173913043478 0.005220417633410673 0.005
9 0.8513631090487239 0.7047826086956521 0.005510440835266821 0.0052173913043478265
8 0.8520881670533643 0.8639130434782609 0.012180974477958236 0.015217391304347827
8 0.8536832946635731 0.8706521739130435 0.014211136890951276 0.01
5 0.841792343387471 0.9008695652173913 0.04437354988399072 0.030869565217391304
9 0.7315835266821346 0.8741304347826087 0.008410672853828306 0.009130434782608696
6 0.7141821345707656 0.9168478260869565 0.008410672853828306 0.007173913043478261
0 0.8348317865429234 0.8536956521739131 0.018271461716937356 0.029130434782608697
0 0.8351218097447796 0.81 0.01943155452436195 0.021739130434782608
5 0.1306554524361949 0.8827173913043478 0.037412993039443156 0.03369565217391304
8 0.1998259860788863 0.883695652173913 0.012761020881670533 0.01391304347826087
6 0.1531322505800464 0.8642391304347826 0.008120649651972157 0.005869565217391304
9 0.1177494199535963 0.8572826086956522 0.008700696055684454 0.007173913043478261
8 0.3349767981438515 0.8768478260869565 0.012180974477958236 0.008043478260869565
8 0.18416473317865428 0.6977173913043478 0.017981438515081206 0.01717391304347826
0 0.15574245939675174 0.6752173913043479 0.029582366589327145 0.03304347826086956
0 0.06046983758700696 0.6672826086956521 0.03857308584686775 0.07804347826086956
8 0.12412993039443156 0.733804347826087 0.016241299303944315 0.013260869565217392
0 0.03871809744779582 0.7026086956521739 0.010150812064965197 0.014782608695652174
8 0.19286542923433875 0.565 0.014501160092807424 0.014347826086956521
8 0.07526102088167054 0.575 0.012470997679814385 0.012608695652173913
8 0.05655452436194896 0.5658695652173913 0.0075406032482598605 0.008695652173913044
9 0.07163573085846868 0.5917391304347827 0.008700696055684454 0.006521739130434782
8 0.2336136890951276 0.5408695652173913 0.01131090487238979 0.009565217391304347
8 0.15443735498839908 0.5518478260869565 0.010730858468677494 0.008478260869565218
0 0.1711136890951276 0.5926086956521739 0.010440835266821345 0.01391304347826087
0 0.02595707656612529 0.3416304347826087 0.011890951276102088 0.03673913043478261
7 0.5691705336426914 0.8770652173913044 0.006670533642691415 0.004130434782608695
7 0.6872099767981439 0.8625 0.007830626450116009 0.004565217391304348
7 0.7001160092807425 0.8353260869565218 0.004640371229698376 0.0036956521739130435
7 0.7044663573085846 0.8780434782608696 0.004640371229698376 0.004347826086956522
7 0.6700986078886311 0.8783695652173913 0.005510440835266821 0.003260869565217391
6 0.5852668213457076 0.7290217391304348 0.0063805104408352666 0.005
9 0.42009860788863107 0.7340217391304348 0.006670533642691415 0.005869565217391304
6 0.35890371229698376 0.7628260869565218 0.005510440835266821 0.004782608695652174
3 0.37775522041763343 0.5023913043478261 0.008410672853828306 0.009130434782608696
3 0.3138051044083527 0.5006521739130435 0.008120649651972157 0.00782608695652174
3 0.44185034802784223 0.39358695652173914 0.008990719257540603 0.009782608695652175
3 0.43430974477958234 0.40706521739130436 0.006090487238979118 0.004565217391304348
3 0.42662412993039445 0.4292391304347826 0.0075406032482598605 0.007608695652173913
3 0.6009280742459396 0.4127173913043478 0.0069605568445475635 0.004565217391304348
3 0.7745069605568445 0.5009782608695652 0.008990719257540603 0.007173913043478261
3 0.9150232018561485 0.38760869565217393 0.0063805104408352666 0.00608695652173913
1 0.8583236658932715 0.4696739130434783 0.004930394431554524 0.0036956521739130435
3 0.5497389791183295 0.43815217391304345 0.004930394431554524 0.004565217391304348
3 0.5240719257540604 0.4608695652173913 0.01160092807424594 0.01
0 0.4914443155452436 0.5184782608695652 0.013631090487238979 0.00608695652173913
3 0.08338167053364269 0.4543478260869565 0.007830626450116009 0.005652173913043478
7 0.10063805104408352 0.4597826086956522 0.008700696055684454 0.00608695652173913
3 0.03784802784222738 0.44206521739130433 0.007830626450116009 0.006739130434782609
1 0.18314965197215777 0.18369565217391304 0.007250580046403712 0.005652173913043478
1 0.2581206496519722 0.13869565217391305 0.008700696055684454 0.006956521739130435
6 0.6345707656612529 0.07195652173913043 0.004640371229698376 0.00391304347826087
6 0.6345707656612529 0.08434782608695653 0.004060324825986079 0.003043478260869565
6 0.6207946635730859 0.0825 0.004350348027842227 0.002826086956521739
6 0.5646751740139211 0.10945652173913044 0.0034802784222737818 0.002826086956521739
0 0.556554524361949 0.052282608695652176 0.0075406032482598605 0.004130434782608695
3 0.502030162412993 0.41097826086956524 0.008700696055684454 0.005
8 0.958961716937355 0.4384782608695652 0.007250580046403712 0.009565217391304347
8 0.1851798143851508 0.2133695652173913 0.006670533642691415 0.005
1 0.14167633410672853 0.16402173913043477 0.005510440835266821 0.004565217391304348
0 0.17778422273781902 0.7897826086956522 0.08642691415313225 0.04826086956521739
0 0.04944895591647332 0.18989130434782608 0.020591647331786544 0.02282608695652174
0 0.3728248259860789 0.10728260869565218 0.012470997679814385 0.007173913043478261
8 0.49622969837587005 0.22130434782608696 0.014501160092807424 0.008695652173913044
8 0.8748549883990719 0.6715217391304348 0.010730858468677494 0.010869565217391304
8 0.9251740139211136 0.7157608695652173 0.009860788863109048 0.012391304347826086
4 0.8678944315545244 0.7291304347826087 0.008990719257540603 0.008695652173913044
1 0.8094547563805105 0.7101086956521739 0.004060324825986079 0.003260869565217391
1 0.7514501160092807 0.7739130434782608 0.0069605568445475635 0.00608695652173913
1 0.744054524361949 0.7504347826086957 0.005510440835266821 0.004347826086956522
8 0.8071345707656613 0.7834782608695652 0.01160092807424594 0.00782608695652174
8 0.9108178654292344 0.8295652173913044 0.013631090487238979 0.01565217391304348
8 0.7096867749419954 0.8573913043478261 0.02668213457076566 0.021739130434782608
8 0.30945475638051045 0.8596739130434783 0.01740139211136891 0.009782608695652175
8 0.2588457076566125 0.8530434782608696 0.013631090487238979 0.01
8 0.228538283062645 0.8381521739130435 0.009280742459396751 0.007608695652173913
8 0.25043503480278423 0.8959782608695652 0.012470997679814385 0.010217391304347826
8 0.1671983758700696 0.8668478260869565 0.018271461716937356 0.021521739130434783
8 0.16951856148491878 0.9028260869565218 0.020591647331786544 0.029130434782608697
4 0.12761020881670534 0.7883695652173913 0.012761020881670533 0.009782608695652175
8 0.04422853828306265 0.7247826086956521 0.008410672853828306 0.010869565217391304
8 0.11557424593967518 0.7072826086956522 0.010730858468677494 0.011956521739130435
0 0.30553944315545245 0.7520652173913044 0.008410672853828306 0.009782608695652175
1 0.1002030162412993 0.5995652173913043 0.004350348027842227 0.003043478260869565
6 0.5063805104408353 0.5781521739130435 0.0063805104408352666 0.005434782608695652
8 0.4211136890951276 0.4696739130434783 0.011020881670533642 0.011521739130434782
1 0.21374709976798145 0.16304347826086957 0.005220417633410673 0.00391304347826087
1 0.23230858468677495 0.17782608695652175 0.0069605568445475635 0.0052173913043478265
1 0.25362529002320183 0.2051086956521739 0.006090487238979118 0.004130434782608695
8 0.5530742459396751 0.16826086956521738 0.012180974477958236 0.007391304347826087
6 0.52334686774942 0.1401086956521739 0.007830626450116009 0.005434782608695652
1 0.523491879350348 0.15717391304347825 0.00580046403712297 0.00391304347826087
6 0.5221867749419954 0.16369565217391305 0.008990719257540603 0.006521739130434782
6 0.7253480278422274 0.6269565217391304 0.0063805104408352666 0.004347826086956522
0 0.6879350348027842 0.9210869565217391 0.015081206496519721 0.02826086956521739
9 0.7314385150812065 0.9496739130434783 0.02320185614849188 0.023695652173913045
1 0.7307134570765661 0.8384782608695652 0.008990719257540603 0.00826086956521739
1 0.12659512761020883 0.4840217391304348 0.006090487238979118 0.004565217391304348
1 0.25275522041763343 0.11576086956521739 0.007250580046403712 0.004130434782608695
6 0.40110208816705334 0.14652173913043479 0.004060324825986079 0.0026086956521739132
1 0.8349767981438515 0.12902173913043477 0.0069605568445475635 0.004565217391304348
9 0.7824825986078886 0.1325 0.009860788863109048 0.007608695652173913
6 0.6822795823665894 0.5647826086956522 0.007830626450116009 0.005652173913043478
6 0.7064965197215777 0.5567391304347826 0.005220417633410673 0.00391304347826087
1 0.7920533642691415 0.6367391304347826 0.004640371229698376 0.0034782608695652175
1 0.7314385150812065 0.6946739130434783 0.0063805104408352666 0.005
0 0.14443155452436196 0.7129347826086957 0.029582366589327145 0.04021739130434782
0 0.5594547563805105 0.565 0.00580046403712297 0.00391304347826087
8 0.5988979118329466 0.711195652173913 0.010440835266821345 0.007608695652173913
8 0.589907192575406 0.7116304347826087 0.00580046403712297 0.005434782608695652
6 0.4741879350348028 0.5401086956521739 0.00580046403712297 0.004130434782608695
0 0.5674303944315545 0.08489130434782609 0.006670533642691415 0.009347826086956522
1 0.7017111368909513 0.15445652173913044 0.005510440835266821 0.004130434782608695
1 0.7898781902552204 0.2033695652173913 0.006090487238979118 0.005434782608695652
1 0.3171403712296984 0.9182608695652174 0.008410672853828306 0.006521739130434782
8 0.07352088167053364 0.8308695652173913 0.013051044083526682 0.01391304347826087
0 0.4611368909512761 0.18489130434782608 0.0191415313225058 0.007608695652173913
0 0.9546113689095128 0.3655434782608696 0.013051044083526682 0.03108695652173913
