4 0.43156828703703703 0.6886574074074074 0.010127314814814815 0.006172839506172839
4 0.6074942129629629 0.7169174382716049 0.014756944444444444 0.009837962962962963
4 0.19820601851851852 0.8334297839506173 0.017361111111111112 0.01253858024691358
4 0.7607060185185185 0.8217592592592593 0.015046296296296295 0.008873456790123456
4 0.859375 0.6744791666666666 0.022569444444444444 0.015625
4 0.15552662037037038 0.5353973765432098 0.015335648148148149 0.011381172839506173
1 0.3990162037037037 0.22347608024691357 0.007523148148148148 0.0055941358024691355
1 0.5101273148148148 0.2197145061728395 0.005787037037037037 0.003472222222222222
1 0.46773726851851855 0.23958333333333334 0.004918981481481482 0.003472222222222222
8 0.5941840277777778 0.275366512345679 0.014178240740740741 0.00945216049382716
8 0.8599537037037037 0.19270833333333334 0.014467592592592593 0.008873456790123456
8 0.76171875 0.14014274691358025 0.011863425925925927 0.007137345679012345
8 0.7899305555555556 0.20264274691358025 0.005208333333333333 0.0036651234567901233
8 0.25983796296296297 0.09760802469135803 0.00636574074074074 0.0038580246913580245
3 0.4441550925925926 0.5250771604938271 0.012152777777777778 0.011959876543209876
3 0.41550925925925924 0.49517746913580246 0.014467592592592593 0.009259259259259259
3 0.5538194444444444 0.49344135802469136 0.010416666666666666 0.008101851851851851
6 0.41999421296296297 0.3950617283950617 0.004918981481481482 0.003472222222222222
4 0.07971643518518519 0.37741126543209874 0.008969907407407407 0.011766975308641976
1 0.09881365740740741 0.39438657407407407 0.007233796296296296 0.004822530864197531
3 0.2751736111111111 0.3800154320987654 0.015046296296296295 0.006944444444444444
1 0.25419560185185186 0.43373842592592593 0.006076388888888889 0.004822530864197531
8 0.21006944444444445 0.6270254629629629 0.01099537037037037 0.005979938271604938
8 0.32219328703703703 0.6184413580246914 0.008969907407407407 0.006558641975308642
1 0.19907407407407407 0.23591820987654322 0.00636574074074074 0.005401234567901234
1 0.2806712962962963 0.2349537037037037 0.006944444444444444 0.005015432098765432
1 0.24797453703703703 0.21325231481481483 0.005787037037037037 0.004050925925925926
1 0.20413773148148148 0.2010030864197531 0.006655092592592593 0.004629629629629629
1 0.30931712962962965 0.14564043209876543 0.00636574074074074 0.004243827160493827
3 0.8686342592592593 0.4710648148148148 0.012152777777777778 0.006944444444444444
8 0.8833912037037037 0.5158179012345679 0.005208333333333333 0.0030864197530864196
8 0.8629918981481481 0.7188464506172839 0.013599537037037037 0.010609567901234568
8 0.8258101851851852 0.7740162037037037 0.01273148148148148 0.01253858024691358
8 0.8078703703703703 0.8134645061728395 0.014467592592592593 0.010416666666666666
8 0.69140625 0.8451003086419753 0.011863425925925927 0.0073302469135802465
1 0.2601273148148148 0.7333140432098766 0.005787037037037037 0.0036651234567901233
0 0.8505497685185185 0.5645254629629629 0.009548611111111112 0.006751543209876543
0 0.8373842592592593 0.5653935185185185 0.00636574074074074 0.004243827160493827
0 0.84765625 0.5755208333333334 0.006655092592592593 0.00636574074074074
3 0.9450231481481481 0.44598765432098764 0.012152777777777778 0.013888888888888888
3 0.9208622685185185 0.45688657407407407 0.008969907407407407 0.005979938271604938
8 0.8347800925925926 0.8053626543209876 0.008101851851851851 0.006558641975308642
4 0.6603009259259259 0.7847222222222222 0.008680555555555556 0.0073302469135802465
0 0.7922453703703703 0.5649112654320988 0.009837962962962963 0.00636574074074074
1 0.30541087962962965 0.7948495370370371 0.004340277777777778 0.0028935185185185184
3 0.1440972222222222 0.482445987654321 0.017939814814814815 0.008101851851851851
3 0.16203703703703703 0.486304012345679 0.013888888888888888 0.007716049382716049
3 0.12514467592592593 0.4695216049382716 0.007233796296296296 0.006944444444444444
1 0.4039351851851852 0.32523148148148145 0.008101851851851851 0.005787037037037037
6 0.5690104166666666 0.4028742283950617 0.005497685185185185 0.0036651234567901233
6 0.5473090277777778 0.4072145061728395 0.004918981481481482 0.003472222222222222
1 0.6873553240740741 0.5062692901234568 0.004918981481481482 0.003279320987654321
1 0.7981770833333334 0.3862847222222222 0.005497685185185185 0.0036651234567901233
1 0.5669849537037037 0.4702932098765432 0.005497685185185185 0.003472222222222222
6 0.4859664351851852 0.4419367283950617 0.00318287037037037 0.002700617283950617
3 0.9021990740740741 0.4302662037037037 0.010416666666666666 0.007137345679012345
3 0.8794849537037037 0.4777199074074074 0.011863425925925927 0.007137345679012345
0 0.5193865740740741 0.45109953703703703 0.004629629629629629 0.003279320987654321
0 0.7942708333333334 0.6645447530864198 0.015625 0.007716049382716049
1 0.7416087962962963 0.6589506172839507 0.004050925925925926 0.0030864197530864196
3 0.10474537037037036 0.47762345679012347 0.010416666666666666 0.0073302469135802465
3 0.11964699074074074 0.4818672839506173 0.021701388888888888 0.008101851851851851
3 0.09953703703703703 0.4963348765432099 0.008680555555555556 0.008101851851851851
3 0.11328125 0.5076195987654321 0.019386574074074073 0.025270061728395063
3 0.13990162037037038 0.5143711419753086 0.022858796296296297 0.010609567901234568
3 0.12094907407407407 0.5183256172839507 0.013888888888888888 0.015432098765432098
3 0.08506944444444445 0.5223765432098766 0.041087962962962965 0.027391975308641976
3 0.1293402777777778 0.5621141975308642 0.019675925925925927 0.009645061728395061
3 0.1589988425925926 0.6103395061728395 0.04311342592592592 0.030478395061728395
3 0.07740162037037036 0.5487075617283951 0.020543981481481483 0.029128086419753087
3 0.14525462962962962 0.5298032407407407 0.017939814814814815 0.011381172839506173
3 0.10069444444444445 0.5460069444444444 0.02662037037037037 0.023726851851851853
3 0.06626157407407407 0.5027006172839507 0.030671296296296297 0.028935185185185185
3 0.05758101851851852 0.5622106481481481 0.009837962962962963 0.012152777777777778
3 0.05613425925925926 0.5280671296296297 0.02141203703703704 0.010223765432098766
3 0.04846643518518518 0.5417631172839507 0.030381944444444444 0.014853395061728395
3 0.41825810185185186 0.4677854938271605 0.014178240740740741 0.016203703703703703
3 0.5057870370370371 0.49459876543209874 0.014467592592592593 0.008873456790123456
3 0.47251157407407407 0.5032793209876543 0.013310185185185185 0.011959876543209876
3 0.7052951388888888 0.5034722222222222 0.021122685185185185 0.013888888888888888
3 0.7235243055555556 0.5390625 0.014178240740740741 0.01253858024691358
3 0.7543402777777778 0.5482253086419753 0.013310185185185185 0.006944444444444444
0 0.8308738425925926 0.6109182098765432 0.01070601851851852 0.006558641975308642
3 0.9058159722222222 0.4549575617283951 0.014178240740740741 0.01253858024691358
3 0.8751446759259259 0.49990354938271603 0.04774305555555555 0.01716820987654321
3 0.8518518518518519 0.5499614197530864 0.03530092592592592 0.021219135802469136
6 0.8537326388888888 0.5128279320987654 0.004918981481481482 0.003279320987654321
3 0.8901909722222222 0.5188078703703703 0.019965277777777776 0.01253858024691358
3 0.9063946759259259 0.5246913580246914 0.013020833333333334 0.015046296296296295
3 0.8930844907407407 0.5416666666666666 0.048900462962962965 0.019290123456790122
3 0.9256365740740741 0.49778163580246915 0.009837962962962963 0.007908950617283951
3 0.9544270833333334 0.5224729938271605 0.007233796296296296 0.00945216049382716
3 0.9162326388888888 0.5584490740740741 0.02806712962962963 0.029320987654320986
3 0.9427083333333334 0.5384837962962963 0.01273148148148148 0.007523148148148148
3 0.9231770833333334 0.525366512345679 0.01765046296296296 0.023726851851851853
3 0.9321469907407407 0.5441743827160493 0.018229166666666668 0.017746913580246913
3 0.9576099537037037 0.5514081790123457 0.015335648148148149 0.027199074074074073
3 0.8817997685185185 0.5692515432098766 0.037905092592592594 0.023919753086419752
3 0.9293981481481481 0.43431712962962965 0.006944444444444444 0.005208333333333333
3 0.9581886574074074 0.46749614197530864 0.0078125 0.004822530864197531
3 0.9748263888888888 0.5029899691358025 0.008680555555555556 0.022569444444444444
6 0.8927951388888888 0.5866126543209876 0.006076388888888889 0.0038580246913580245
3 0.8517071759259259 0.6157407407407407 0.011863425925925927 0.009259259259259259
3 0.7689525462962963 0.6464120370370371 0.020543981481481483 0.015432098765432098
3 0.3528645833333333 0.5797646604938271 0.009548611111111112 0.009837962962962963
8 0.24739583333333334 0.2646604938271605 0.01099537037037037 0.008101851851851851
6 0.3971354166666667 0.11024305555555555 0.0078125 0.004050925925925926
1 0.20775462962962962 0.25395447530864196 0.01099537037037037 0.007908950617283951
0 0.16435185185185186 0.27903163580246915 0.003472222222222222 0.006751543209876543
3 0.1032986111111111 0.4601658950617284 0.010416666666666666 0.00945216049382716
3 0.08130787037037036 0.48312114197530864 0.015046296296296295 0.009066358024691358
3 0.06004050925925926 0.4763695987654321 0.01244212962962963 0.015239197530864198
3 0.05758101851851852 0.46402391975308643 0.007523148148148148 0.00945216049382716
3 0.09664351851851852 0.6341628086419753 0.010416666666666666 0.009837962962962963
6 0.19111689814814814 0.6867283950617284 0.007233796296296296 0.004629629629629629
3 0.9372106481481481 0.4045138888888889 0.010416666666666666 0.010030864197530864
3 0.9563078703703703 0.3949652777777778 0.01273148148148148 0.02141203703703704
3 0.9631076388888888 0.4168595679012346 0.0078125 0.02044753086419753
3 0.94140625 0.427758487654321 0.01244212962962963 0.014853395061728395
3 0.9280960648148148 0.4634452160493827 0.01070601851851852 0.007137345679012345
3 0.9453125 0.45949074074074076 0.00636574074074074 0.004243827160493827
3 0.9419849537037037 0.4755979938271605 0.010127314814814815 0.008294753086419753
3 0.7458043981481481 0.5092592592592593 0.018229166666666668 0.009259259259259259
3 0.5384837962962963 0.5067515432098766 0.008101851851851851 0.005787037037037037
3 0.5746527777777778 0.4799382716049383 0.01099537037037037 0.008101851851851851
3 0.6012731481481481 0.48505015432098764 0.018518518518518517 0.009066358024691358
3 0.5966435185185185 0.5569058641975309 0.01273148148148148 0.013117283950617283
3 0.5574363425925926 0.568383487654321 0.006655092592592593 0.007137345679012345
3 0.44892939814814814 0.5852623456790124 0.008969907407407407 0.006172839506172839
3 0.4136284722222222 0.5933641975308642 0.019965277777777776 0.018518518518518517
3 0.4014756944444444 0.6116898148148148 0.009548611111111112 0.009645061728395061
3 0.42549189814814814 0.597608024691358 0.008969907407407407 0.008101851851851851
3 0.4006076388888889 0.5467785493827161 0.015335648148148149 0.010609567901234568
3 0.5011574074074074 0.47646604938271603 0.03125 0.01427469135802469
3 0.4440104166666667 0.49517746913580246 0.01707175925925926 0.011574074074074073
3 0.47294560185185186 0.4740547839506173 0.015335648148148149 0.007908950617283951
3 0.5248842592592593 0.49054783950617287 0.023726851851851853 0.011959876543209876
3 0.1322337962962963 0.4034529320987654 0.00636574074074074 0.005208333333333333
3 0.13541666666666666 0.3904320987654321 0.006944444444444444 0.006558641975308642
3 0.054253472222222224 0.42235725308641975 0.008391203703703705 0.009066358024691358
3 0.1127025462962963 0.45100308641975306 0.008969907407407407 0.006172839506172839
3 0.06611689814814815 0.5537229938271605 0.013020833333333334 0.013695987654320988
8 0.6714409722222222 0.6774691358024691 0.007233796296296296 0.004629629629629629
1 0.1902488425925926 0.2368827160493827 0.008969907407407407 0.0073302469135802465
1 0.17057291666666666 0.25993441358024694 0.006076388888888889 0.004822530864197531
8 0.5525173611111112 0.10889274691358025 0.010127314814814815 0.00636574074074074
8 0.80859375 0.15962577160493827 0.014178240740740741 0.007908950617283951
8 0.9636863425925926 0.5939429012345679 0.009548611111111112 0.011188271604938271
8 0.9004629629629629 0.6795910493827161 0.01273148148148148 0.012345679012345678
8 0.8425925925925926 0.7553047839506173 0.019675925925925927 0.01986882716049383
8 0.32407407407407407 0.8517554012345679 0.008101851851851851 0.007137345679012345
8 0.3148148148148148 0.8695987654320988 0.009259259259259259 0.008873456790123456
8 0.3744212962962963 0.8575424382716049 0.01273148148148148 0.006751543209876543
1 0.1675347222222222 0.5780285493827161 0.005208333333333333 0.003279320987654321
8 0.06741898148148148 0.36159336419753085 0.008101851851851851 0.00945216049382716
8 0.11574074074074074 0.32175925925925924 0.008101851851851851 0.011188271604938271
0 0.16493055555555555 0.22743055555555555 0.029513888888888888 0.014660493827160493
1 0.2808159722222222 0.14650848765432098 0.006076388888888889 0.004822530864197531
1 0.2879050925925926 0.13638117283950618 0.007523148148148148 0.005015432098765432
1 0.3812210648148148 0.19261188271604937 0.008969907407407407 0.0055941358024691355
1 0.6699942129629629 0.21508487654320987 0.011863425925925927 0.0073302469135802465
1 0.7067418981481481 0.2587770061728395 0.015914351851851853 0.008680555555555556
8 0.9748263888888888 0.5715663580246914 0.009259259259259259 0.008101851851851851
8 0.9168113425925926 0.6886574074074074 0.008391203703703705 0.010802469135802469
8 0.8015046296296297 0.8374807098765432 0.01099537037037037 0.007523148148148148
8 0.7291666666666666 0.8147183641975309 0.011574074074074073 0.005208333333333333
1 0.2310474537037037 0.21846064814814814 0.003761574074074074 0.0028935185185185184
1 0.2980324074074074 0.2230902777777778 0.0028935185185185184 0.0021219135802469135
0 0.3211805555555556 0.19560185185185186 0.010416666666666666 0.008487654320987654
1 0.34389467592592593 0.25405092592592593 0.003761574074074074 0.002700617283950617
8 0.6155960648148148 0.24893904320987653 0.015335648148148149 0.010609567901234568
1 0.7133969907407407 0.27652391975308643 0.006655092592592593 0.004822530864197531
0 0.18590856481481483 0.6912615740740741 0.018229166666666668 0.011381172839506173
1 0.20515046296296297 0.2684220679012346 0.00636574074074074 0.0036651234567901233
8 0.9265046296296297 0.3669945987654321 0.007523148148148148 0.01099537037037037
1 0.3081597222222222 0.8943865740740741 0.004629629629629629 0.003279320987654321
1 0.29701967592592593 0.8940972222222222 0.006655092592592593 0.0038580246913580245
1 0.19068287037037038 0.8190586419753086 0.007523148148148148 0.005015432098765432
8 0.19936342592592593 0.7505787037037037 0.011574074074074073 0.008873456790123456
8 0.2790798611111111 0.707079475308642 0.009548611111111112 0.009066358024691358
8 0.27155671296296297 0.7294560185185185 0.006655092592592593 0.0055941358024691355
