3 0.125 0.4465217391304348 0.03944315545243619 0.02217391304347826
3 0.20954176334106728 0.4882608695652174 0.05365429234338747 0.016956521739130436
3 0.20316125290023201 0.505 0.03451276102088167 0.01652173913043478
3 0.23912412993039442 0.5009782608695652 0.04031322505800464 0.023695652173913045
3 0.08280162412993039 0.4225 0.013051044083526682 0.013695652173913043
3 0.08280162412993039 0.4544565217391304 0.014791183294663572 0.017608695652173913
3 0.08468677494199536 0.4718478260869565 0.026102088167053363 0.025
3 0.05669953596287703 0.47739130434782606 0.020591647331786544 0.02043478260869565
3 0.3760150812064965 0.5041304347826087 0.018271461716937356 0.011739130434782608
3 0.46273201856148494 0.4901086956521739 0.018851508120649653 0.015869565217391305
3 0.4359048723897912 0.4935869565217391 0.010440835266821345 0.012826086956521739
3 0.5706206496519721 0.483695652173913 0.010150812064965197 0.0052173913043478265
3 0.7138921113689095 0.5041304347826087 0.020591647331786544 0.017826086956521738
3 0.8284512761020881 0.4875 0.020591647331786544 0.012391304347826086
3 0.828161252900232 0.5019565217391304 0.01537122969837587 0.00782608695652174
1 0.8590487238979119 0.4930434782608696 0.0075406032482598605 0.0052173913043478265
0 0.7624709976798144 0.6263043478260869 0.010440835266821345 0.007391304347826087
0 0.8338167053364269 0.6215217391304347 0.016821345707656612 0.01956521739130435
0 0.18851508120649652 0.6093478260869565 0.029002320185614848 0.023043478260869565
0 0.2523201856148492 0.556304347826087 0.014501160092807424 0.01608695652173913
0 0.7921983758700696 0.6506521739130435 0.03509280742459397 0.027391304347826086
2 0.7037412993039444 0.8031521739130435 0.008990719257540603 0.010652173913043479
2 0.701131090487239 0.8330434782608696 0.012470997679814385 0.01217391304347826
2 0.5926624129930395 0.88 0.01131090487238979 0.00826086956521739
2 0.5790313225058005 0.8798913043478261 0.01131090487238979 0.009347826086956522
2 0.3000290023201856 0.8058695652173913 0.014211136890951276 0.012608695652173913
2 0.2888631090487239 0.8295652173913044 0.018561484918793503 0.02434782608695652
0 0.47839327146171695 0.5478260869565217 0.015951276102088168 0.012608695652173913
3 0.8942865429234339 0.4876086956521739 0.010730858468677494 0.010869565217391304
0 0.6337006960556845 0.18456521739130435 0.016821345707656612 0.013043478260869565
3 0.9092227378190255 0.44130434782608696 0.015081206496519721 0.020869565217391306
3 0.9185034802784223 0.4681521739130435 0.015081206496519721 0.010217391304347826
3 0.923868909512761 0.5018478260869565 0.005510440835266821 0.008478260869565218
3 0.9200986078886311 0.5272826086956521 0.006670533642691415 0.008913043478260869
1 0.9098027842227379 0.5870652173913044 0.004640371229698376 0.005434782608695652
0 0.18329466357308585 0.5751086956521739 0.008700696055684454 0.006739130434782609
8 0.6026682134570766 0.542608695652174 0.008700696055684454 0.00826086956521739
8 0.4170533642691415 0.16630434782608697 0.010440835266821345 0.010869565217391304
0 0.5562645011600929 0.3645652173913044 0.020301624129930394 0.012608695652173913
8 0.7652262180974478 0.2140217391304348 0.016531322505800465 0.010217391304347826
2 0.32076566125290024 0.8441304347826087 0.03944315545243619 0.023478260869565216
3 0.880800464037123 0.4542391304347826 0.02088167053364269 0.010652173913043479
0 0.41618329466357307 0.22793478260869565 0.008120649651972157 0.009782608695652175
1 0.552784222737819 0.2714130434782609 0.005220417633410673 0.004130434782608695
1 0.6809744779582366 0.1391304347826087 0.004640371229698376 0.00391304347826087
0 0.46824245939675174 0.31173913043478263 0.010730858468677494 0.01565217391304348
0 0.572215777262181 0.3532608695652174 0.012180974477958236 0.010434782608695653
0 0.744054524361949 0.5622826086956522 0.007250580046403712 0.004565217391304348
0 0.7761020881670534 0.5982608695652174 0.024361948955916472 0.02782608695652174
6 0.7623259860788864 0.5889130434782609 0.004350348027842227 0.004347826086956522
0 0.4656322505800464 0.3502173913043478 0.01537122969837587 0.01956521739130435
0 0.5875870069605569 0.2529347826086957 0.01160092807424594 0.008478260869565218
0 0.6096287703016241 0.20847826086956522 0.014501160092807424 0.009130434782608696
0 0.238254060324826 0.6541304347826087 0.018271461716937356 0.010869565217391304
2 0.5152262180974478 0.8857608695652174 0.018851508120649653 0.006739130434782609
0 0.14341647331786542 0.5979347826086957 0.030452436194895592 0.016304347826086956
0 0.7769721577726219 0.6189130434782608 0.008700696055684454 0.01
1 0.7672563805104409 0.5805434782608696 0.004930394431554524 0.0036956521739130435
0 0.06482018561484919 0.6280434782608696 0.0095707656612529 0.016956521739130436
0 0.12456496519721577 0.6120652173913044 0.0037703016241299302 0.004130434782608695
0 0.42981438515081205 0.2665217391304348 0.0075406032482598605 0.012608695652173913
0 0.42038863109048724 0.21043478260869566 0.004930394431554524 0.007391304347826087
6 0.2555104408352668 0.3789130434782609 0.005220417633410673 0.003043478260869565
