7 0.26957656612529 0.11652173913043479 0.1255800464037123 0.02043478260869565
0 0.2933584686774942 0.2248913043478261 0.008410672853828306 0.006739130434782609
0 0.1437064965197216 0.5278260869565218 0.024651972157772623 0.02608695652173913
0 0.14559164733178653 0.5986956521739131 0.014501160092807424 0.008695652173913044
0 0.23230858468677495 0.595 0.01334106728538283 0.010434782608695653
0 0.2488399071925754 0.5922826086956522 0.016241299303944315 0.009347826086956522
8 0.08860208816705337 0.6519565217391304 0.02117169373549884 0.025652173913043478
1 0.798723897911833 0.5895652173913043 0.011020881670533642 0.009565217391304347
0 0.826131090487239 0.6472826086956521 0.007250580046403712 0.008478260869565218
0 0.8419373549883991 0.6679347826086957 0.0063805104408352666 0.008913043478260869
8 0.8329466357308585 0.7377173913043479 0.025522041763341066 0.020217391304347826
3 0.3519431554524362 0.49380434782608695 0.010150812064965197 0.007608695652173913
8 0.26102088167053367 0.8372826086956522 0.016241299303944315 0.012391304347826086
8 0.28567285382830626 0.8185869565217392 0.012761020881670533 0.01108695652173913
8 0.15849767981438515 0.8192391304347826 0.0095707656612529 0.01108695652173913
0 0.47389791183294666 0.6984782608695652 0.0075406032482598605 0.009565217391304347
8 0.8435324825986079 0.7756521739130435 0.014791183294663572 0.01608695652173913
3 0.7846577726218097 0.5139130434782608 0.010150812064965197 0.006521739130434782
3 0.7958236658932715 0.37630434782608696 0.013921113689095127 0.01217391304347826
0 0.4612819025522042 0.5059782608695652 0.021751740139211138 0.021956521739130434
0 0.18590487238979117 0.6184782608695653 0.011020881670533642 0.009130434782608696
7 0.771606728538283 0.7472826086956522 0.054814385150812064 0.015434782608695652
0 0.8545533642691415 0.6652173913043479 0.006090487238979118 0.006956521739130435
1 0.7587006960556845 0.2475 0.012180974477958236 0.008913043478260869
0 0.49202436194895594 0.3872826086956522 0.007830626450116009 0.007608695652173913
8 0.05597447795823666 0.5952173913043478 0.009280742459396751 0.008695652173913044
0 0.10817865429234338 0.5295652173913044 0.009280742459396751 0.007391304347826087
0 0.17444895591647333 0.5680434782608695 0.013051044083526682 0.00826086956521739
0 0.45751160092807425 0.32130434782608697 0.008410672853828306 0.004347826086956522
0 0.4579466357308585 0.3333695652173913 0.004640371229698376 0.008478260869565218
0 0.4989849187935035 0.31380434782608696 0.010730858468677494 0.007608695652173913
0 0.5210266821345708 0.2940217391304348 0.006670533642691415 0.012391304347826086
0 0.19895591647331787 0.653695652173913 0.015661252900232018 0.00826086956521739
0 0.1779292343387471 0.6901086956521739 0.010150812064965197 0.006739130434782609
8 0.10368329466357308 0.7782608695652173 0.02291183294663573 0.025217391304347827
2 0.4691125290023202 0.8589130434782609 0.036832946635730855 0.02
0 0.7517401392111369 0.5892391304347826 0.013921113689095127 0.01108695652173913
0 0.7185324825986079 0.6073913043478261 0.010150812064965197 0.010434782608695653
0 0.7492749419953596 0.6526086956521739 0.008990719257540603 0.00782608695652174
0 0.75377030162413 0.7 0.012180974477958236 0.00782608695652174
6 0.4702726218097448 0.3051086956521739 0.006090487238979118 0.005
6 0.45359628770301624 0.3066304347826087 0.008120649651972157 0.005
1 0.41821345707656615 0.3005434782608696 0.008700696055684454 0.005
0 0.7278132250580046 0.6558695652173913 0.008410672853828306 0.008695652173913044
0 0.8036542923433875 0.6358695652173914 0.02262180974477958 0.015217391304347827
1 0.8771751740139211 0.6931521739130435 0.01131090487238979 0.008478260869565218
0 0.8812354988399071 0.7089130434782609 0.011890951276102088 0.014347826086956521
0 0.48897911832946633 0.2432608695652174 0.009280742459396751 0.004347826086956522
1 0.33120649651972156 0.15586956521739131 0.004640371229698376 0.0034782608695652175
0 0.5867169373549884 0.2642391304347826 0.0191415313225058 0.012391304347826086
0 0.6364559164733179 0.2548913043478261 0.010730858468677494 0.01108695652173913
0 0.6300754060324826 0.22228260869565217 0.008990719257540603 0.005869565217391304
0 0.6087587006960556 0.17043478260869566 0.012761020881670533 0.006521739130434782
0 0.4502610208816705 0.5498913043478261 0.012470997679814385 0.013695652173913043
0 0.5181264501160093 0.5606521739130435 0.013051044083526682 0.009130434782608696
0 0.32627610208816704 0.5458695652173913 0.009860788863109048 0.009130434782608696
8 0.8741299303944315 0.7518478260869565 0.012761020881670533 0.015434782608695652
0 0.7652262180974478 0.6901086956521739 0.010150812064965197 0.008478260869565218
0 0.7633410672853829 0.7086956521739131 0.01160092807424594 0.005652173913043478
0 0.7952436194895591 0.676304347826087 0.011020881670533642 0.0052173913043478265
0 0.8127900232018561 0.6741304347826087 0.006670533642691415 0.007391304347826087
0 0.8090197215777262 0.6829347826086957 0.010730858468677494 0.005869565217391304
0 0.7778422273781903 0.6746739130434782 0.00580046403712297 0.004565217391304348
0 0.7398491879350348 0.6657608695652174 0.015661252900232018 0.007608695652173913
0 0.472592807424594 0.20869565217391303 0.008410672853828306 0.008695652173913044
0 0.44779582366589327 0.2678260869565217 0.012180974477958236 0.00826086956521739
0 0.4898491879350348 0.2907608695652174 0.014501160092807424 0.01108695652173913
