8 0.4554398148148148 0.34934413580246915 0.027199074074074073 0.015046296296296295
7 0.3181423611111111 0.46412037037037035 0.01880787037037037 0.013117283950617283
0 0.7832754629629629 0.6437114197530864 0.02025462962962963 0.01427469135802469
8 0.30483217592592593 0.634741512345679 0.006655092592592593 0.005979938271604938
4 0.8637152777777778 0.31105324074074076 0.01273148148148148 0.00945216049382716
8 0.9280960648148148 0.33304398148148145 0.010127314814814815 0.019483024691358024
1 0.9159432870370371 0.44936342592592593 0.008391203703703705 0.0055941358024691355
0 0.7806712962962963 0.6623263888888888 0.019675925925925927 0.017554012345679014
4 0.8718171296296297 0.6806520061728395 0.009837962962962963 0.010223765432098766
8 0.36820023148148145 0.8520447530864198 0.020543981481481483 0.01427469135802469
6 0.7365451388888888 0.6976273148148148 0.004918981481481482 0.003279320987654321
2 0.5325520833333334 0.8328510802469136 0.037905092592592594 0.007908950617283951
2 0.5506365740740741 0.8269675925925926 0.019675925925925927 0.006172839506172839
2 0.4969618055555556 0.8270640432098766 0.03211805555555555 0.005979938271604938
2 0.4660011574074074 0.8249421296296297 0.02922453703703704 0.009837962962962963
2 0.5760995370370371 0.8353587962962963 0.012152777777777778 0.004822530864197531
2 0.5209780092592593 0.8547453703703703 0.016493055555555556 0.005787037037037037
6 0.5044849537037037 0.4157986111111111 0.006076388888888889 0.0028935185185185184
8 0.10633680555555555 0.5549768518518519 0.02459490740740741 0.016203703703703703
0 0.1657986111111111 0.12962962962962962 0.026041666666666668 0.016203703703703703
8 0.07609953703703703 0.5687692901234568 0.02025462962962963 0.01678240740740741
0 0.14076967592592593 0.6530671296296297 0.039641203703703706 0.03568672839506173
0 0.09765625 0.619116512345679 0.044270833333333336 0.04841820987654321
0 0.26576967592592593 0.6318479938271605 0.025173611111111112 0.006751543209876543
6 0.21064814814814814 0.6579861111111112 0.008101851851851851 0.005015432098765432
6 0.7084780092592593 0.16637731481481483 0.008969907407407407 0.005208333333333333
6 0.41218171296296297 0.08188657407407407 0.008969907407407407 0.004822530864197531
4 0.9557291666666666 0.5536265432098766 0.008680555555555556 0.010802469135802469
4 0.4392361111111111 0.8229166666666666 0.012152777777777778 0.005787037037037037
1 0.7730034722222222 0.17428626543209877 0.01244212962962963 0.005979938271604938
1 0.7592592592592593 0.14390432098765432 0.01273148148148148 0.008101851851851851
6 0.6789641203703703 0.109375 0.008969907407407407 0.004629629629629629
6 0.34620949074074076 0.12268518518518519 0.0078125 0.005015432098765432
6 0.39771412037037035 0.15393518518518517 0.007233796296296296 0.004629629629629629
6 0.4212962962962963 0.2056327160493827 0.007523148148148148 0.0038580246913580245
8 0.5515046296296297 0.07619598765432099 0.012152777777777778 0.006172839506172839
3 0.8697916666666666 0.3777006172839506 0.005208333333333333 0.003472222222222222
3 0.9364872685185185 0.4411651234567901 0.008391203703703705 0.005787037037037037
4 0.9623842592592593 0.4449266975308642 0.003472222222222222 0.003279320987654321
2 0.2800925925925926 0.6295331790123457 0.01273148148148148 0.0055941358024691355
0 0.24768518518518517 0.6163194444444444 0.009837962962962963 0.010802469135802469
0 0.1701388888888889 0.5627893518518519 0.03125 0.017554012345679014
0 0.7777777777777778 0.6102430555555556 0.014467592592592593 0.013310185185185185
6 0.7378472222222222 0.11246141975308642 0.008680555555555556 0.005015432098765432
6 0.39742476851851855 0.11815200617283951 0.007233796296296296 0.004822530864197531
1 0.40263310185185186 0.11082175925925926 0.014178240740740741 0.007137345679012345
3 0.5947627314814815 0.4447337962962963 0.008391203703703705 0.007137345679012345
8 0.9660011574074074 0.5381944444444444 0.01244212962962963 0.023148148148148147
0 0.20153356481481483 0.6711998456790124 0.009548611111111112 0.006751543209876543
0 0.17896412037037038 0.6089891975308642 0.019965277777777776 0.010802469135802469
8 0.09577546296296297 0.234375 0.018518518518518517 0.020061728395061727
0 0.5188078703703703 0.2120949074074074 0.02199074074074074 0.016010802469135804
0 0.5020254629629629 0.18991126543209877 0.012152777777777778 0.007908950617283951
0 0.09375 0.38406635802469136 0.013310185185185185 0.013117283950617283
6 0.38570601851851855 0.1724537037037037 0.005208333333333333 0.005015432098765432
8 0.5112847222222222 0.2779706790123457 0.008101851851851851 0.005015432098765432
6 0.6961805555555556 0.2208719135802469 0.005208333333333333 0.0030864197530864196
1 0.24377893518518517 0.5100308641975309 0.005497685185185185 0.004243827160493827
6 0.42332175925925924 0.17505787037037038 0.004629629629629629 0.0028935185185185184
0 0.42983217592592593 0.20582561728395063 0.019965277777777776 0.013503086419753086
1 0.7567997685185185 0.21257716049382716 0.005497685185185185 0.003472222222222222
1 0.453125 0.8481867283950617 0.004629629629629629 0.003472222222222222
8 0.2533275462962963 0.8288001543209876 0.015914351851851853 0.010223765432098766
0 0.26634837962962965 0.6193094135802469 0.005497685185185185 0.004050925925925926
8 0.14539930555555555 0.07581018518518519 0.01880787037037037 0.012345679012345678
1 0.8039641203703703 0.15258487654320987 0.010127314814814815 0.006172839506172839
0 0.8682002314814815 0.2692901234567901 0.01765046296296296 0.015432098765432098
1 0.8993055555555556 0.2706404320987654 0.008680555555555556 0.006944444444444444
0 0.8815104166666666 0.7267554012345679 0.016493055555555556 0.014853395061728395
0 0.2569444444444444 0.6399498456790124 0.014467592592592593 0.010223765432098766
0 0.8748553240740741 0.2589699074074074 0.01070601851851852 0.00945216049382716
0 0.9295428240740741 0.2040895061728395 0.013020833333333334 0.01890432098765432
0 0.07450810185185185 0.21257716049382716 0.01707175925925926 0.019290123456790122
0 0.06322337962962964 0.5173611111111112 0.01707175925925926 0.019290123456790122
8 0.0681423611111111 0.38310185185185186 0.008391203703703705 0.013117283950617283
