8 0.7923433874709976 0.7306521739130435 0.029582366589327145 0.025652173913043478
8 0.7868329466357309 0.625 0.012761020881670533 0.010869565217391304
8 0.652407192575406 0.5716304347826087 0.012470997679814385 0.011956521739130435
6 0.3922563805104408 0.5695652173913044 0.008410672853828306 0.006521739130434782
7 0.36354408352668216 0.4930434782608696 0.013051044083526682 0.012608695652173913
3 0.05843967517401392 0.44619565217391305 0.016531322505800465 0.011956521739130435
3 0.061049883990719256 0.40402173913043476 0.006090487238979118 0.006739130434782609
8 0.06395011600928074 0.6707608695652174 0.020591647331786544 0.024565217391304347
6 0.15791763341067286 0.746195652173913 0.005510440835266821 0.005434782608695652
6 0.2144721577726218 0.721304347826087 0.008990719257540603 0.00608695652173913
8 0.24753480278422274 0.7086956521739131 0.013051044083526682 0.010434782608695653
8 0.14704176334106728 0.696304347826087 0.015081206496519721 0.013043478260869565
8 0.08193155452436195 0.6253260869565217 0.008990719257540603 0.012391304347826086
0 0.38268561484918795 0.18054347826086956 0.01131090487238979 0.009347826086956522
0 0.35716357308584684 0.20021739130434782 0.01131090487238979 0.008695652173913044
4 0.10614849187935035 0.24684782608695652 0.0063805104408352666 0.005434782608695652
9 0.23100348027842227 0.9009782608695652 0.017111368909512762 0.015
8 0.24245939675174014 0.9385869565217392 0.02088167053364269 0.01717391304347826
8 0.318300464037123 0.841195652173913 0.02117169373549884 0.015
8 0.4986948955916473 0.9329347826086957 0.014211136890951276 0.012826086956521739
9 0.6207946635730859 0.8871739130434783 0.021751740139211138 0.01652173913043478
4 0.7170823665893271 0.9439130434782609 0.012470997679814385 0.01
8 0.650522041763341 0.837391304347826 0.01334106728538283 0.013478260869565217
8 0.7859628770301624 0.8614130434782609 0.012761020881670533 0.010652173913043479
3 0.8400522041763341 0.4969565217391304 0.01537122969837587 0.011304347826086957
3 0.8718097447795824 0.48 0.02262180974477958 0.010869565217391304
3 0.8705046403712297 0.4998913043478261 0.015951276102088168 0.011956521739130435
3 0.9092227378190255 0.48054347826086957 0.0075406032482598605 0.007173913043478261
3 0.7829176334106729 0.4948913043478261 0.010150812064965197 0.005869565217391304
3 0.490284222737819 0.4792391304347826 0.01537122969837587 0.013260869565217392
5 0.07062064965197216 0.7375 0.020011600928074247 0.036304347826086956
4 0.39443155452436196 0.39358695652173914 0.0191415313225058 0.012826086956521739
0 0.16560324825986078 0.1191304347826087 0.02088167053364269 0.02217391304347826
0 0.18140951276102088 0.10630434782608696 0.008990719257540603 0.011304347826086957
0 0.1729988399071926 0.12967391304347825 0.020011600928074247 0.015
0 0.46273201856148494 0.16804347826086957 0.016531322505800465 0.009130434782608696
0 0.5345127610208816 0.13978260869565218 0.012761020881670533 0.011739130434782608
6 0.5591647331786543 0.1191304347826087 0.009860788863109048 0.006521739130434782
6 0.5916473317865429 0.08282608695652174 0.008120649651972157 0.00608695652173913
6 0.6377610208816705 0.1298913043478261 0.008120649651972157 0.005869565217391304
6 0.7257830626450116 0.09934782608695653 0.010150812064965197 0.006521739130434782
8 0.7823375870069605 0.10336956521739131 0.007830626450116009 0.007608695652173913
1 0.7037412993039444 0.21869565217391304 0.0095707656612529 0.00782608695652174
6 0.6921403712296984 0.2115217391304348 0.004930394431554524 0.004347826086956522
6 0.6154292343387471 0.2408695652173913 0.004060324825986079 0.00391304347826087
0 0.42691415313225056 0.2175 0.013921113689095127 0.014130434782608696
4 0.18590487238979117 0.8814130434782609 0.012180974477958236 0.011956521739130435
0 0.7749419953596288 0.677608695652174 0.020301624129930394 0.01
0 0.8860208816705336 0.6131521739130434 0.0069605568445475635 0.01108695652173913
3 0.873114849187935 0.4410869565217391 0.010730858468677494 0.008695652173913044
3 0.8744199535962877 0.4082608695652174 0.012761020881670533 0.010869565217391304
8 0.6954756380510441 0.9144565217391304 0.01740139211136891 0.011521739130434782
3 0.4479408352668213 0.35456521739130437 0.018271461716937356 0.009565217391304347
0 0.21534222737819025 0.6222826086956522 0.020591647331786544 0.01108695652173913
1 0.7588457076566125 0.5678260869565217 0.013631090487238979 0.010869565217391304
0 0.5111658932714617 0.677608695652174 0.011890951276102088 0.013043478260869565
0 0.5021751740139211 0.6932608695652174 0.01537122969837587 0.013478260869565217
0 0.48622389791183296 0.6996739130434783 0.010730858468677494 0.006304347826086957
0 0.48839907192575405 0.6910869565217391 0.008120649651972157 0.00826086956521739
0 0.4872389791183295 0.703695652173913 0.023781902552204175 0.009565217391304347
0 0.50377030162413 0.7048913043478261 0.01334106728538283 0.007173913043478261
0 0.4899941995359629 0.7145652173913043 0.018851508120649653 0.009565217391304347
0 0.5095707656612529 0.7130434782608696 0.027842227378190254 0.019130434782608695
0 0.41531322505800466 0.7118478260869565 0.01160092807424594 0.014565217391304348
0 0.4222737819025522 0.7202173913043478 0.009860788863109048 0.011304347826086957
8 0.3548433874709977 0.8743478260869565 0.01537122969837587 0.011304347826086957
0 0.8510730858468677 0.7763043478260869 0.02291183294663573 0.025217391304347827
0 0.785237819025522 0.639891304347826 0.008990719257540603 0.007608695652173913
1 0.16980858468677495 0.19434782608695653 0.007830626450116009 0.006521739130434782
1 0.5912122969837587 0.9175 0.007830626450116009 0.005869565217391304
8 0.6437064965197216 0.7076086956521739 0.01131090487238979 0.011304347826086957
8 0.7916183294663574 0.613804347826087 0.010150812064965197 0.009782608695652175
3 0.8895011600928074 0.4945652173913043 0.017981438515081206 0.011304347826086957
3 0.9099477958236659 0.445 0.022331786542923435 0.02782608695652174
3 0.9318445475638051 0.45293478260869563 0.02842227378190255 0.043695652173913045
3 0.9486658932714617 0.45695652173913043 0.012180974477958236 0.010434782608695653
7 0.10933874709976799 0.4007608695652174 0.0075406032482598605 0.005434782608695652
3 0.06264501160092807 0.485 0.015081206496519721 0.011304347826086957
3 0.0951276102088167 0.4846739130434783 0.008120649651972157 0.005434782608695652
3 0.11513921113689095 0.4867391304347826 0.009860788863109048 0.007391304347826087
3 0.09817285382830626 0.509891304347826 0.013051044083526682 0.011956521739130435
3 0.07294083526682135 0.4969565217391304 0.01943155452436195 0.01608695652173913
3 0.10005800464037123 0.4305434782608696 0.012180974477958236 0.007608695652173913
6 0.14095127610208816 0.7257608695652173 0.005220417633410673 0.004565217391304348
0 0.29350348027842227 0.1058695652173913 0.009280742459396751 0.006521739130434782
1 0.5875870069605569 0.10978260869565218 0.012761020881670533 0.00826086956521739
0 0.5832366589327146 0.09760869565217391 0.0063805104408352666 0.004347826086956522
0 0.5925174013921114 0.09630434782608696 0.00580046403712297 0.0034782608695652175
0 0.5498839907192575 0.09934782608695653 0.0063805104408352666 0.004347826086956522
1 0.7468097447795824 0.13271739130434781 0.008700696055684454 0.007608695652173913
1 0.7008410672853829 0.1909782608695652 0.010150812064965197 0.007173913043478261
1 0.7243329466357309 0.21 0.007250580046403712 0.004782608695652174
6 0.6635730858468677 0.2175 0.0069605568445475635 0.005434782608695652
1 0.7492749419953596 0.18695652173913044 0.007830626450116009 0.0052173913043478265
8 0.8072795823665894 0.1948913043478261 0.011890951276102088 0.009347826086956522
8 0.779292343387471 0.19456521739130433 0.012761020881670533 0.01
1 0.6654582366589327 0.14554347826086955 0.01131090487238979 0.009782608695652175
3 0.24521461716937354 0.4716304347826087 0.012470997679814385 0.005434782608695652
3 0.47041763341067283 0.46054347826086955 0.040023201856148494 0.015
3 0.41879350348027844 0.5076086956521739 0.015081206496519721 0.009565217391304347
3 0.4283642691415313 0.5110869565217391 0.015081206496519721 0.01
1 0.5907772621809745 0.4251086956521739 0.009280742459396751 0.006739130434782609
5 0.7437645011600929 0.9008695652173913 0.03799303944315545 0.027391304347826086
6 0.488254060324826 0.31282608695652175 0.004930394431554524 0.004782608695652174
6 0.49361948955916474 0.2608695652173913 0.00580046403712297 0.00391304347826087
6 0.482453596287703 0.22184782608695652 0.004350348027842227 0.0036956521739130435
6 0.38892111368909515 0.17217391304347826 0.004060324825986079 0.00391304347826087
0 0.5355278422273781 0.24021739130434783 0.015951276102088168 0.010869565217391304
6 0.6370359628770301 0.21065217391304347 0.005510440835266821 0.00391304347826087
6 0.7710266821345708 0.25206521739130433 0.006670533642691415 0.005434782608695652
0 0.23694895591647333 0.6751086956521739 0.015081206496519721 0.004565217391304348
0 0.3355568445475638 0.7642391304347826 0.01160092807424594 0.008043478260869565
8 0.8213457076566125 0.7897826086956522 0.012180974477958236 0.009130434782608696
8 0.8159802784222738 0.7198913043478261 0.013631090487238979 0.013260869565217392
5 0.8686194895591647 0.7031521739130435 0.03306264501160093 0.035434782608695654
6 0.7678364269141531 0.6972826086956522 0.007250580046403712 0.005434782608695652
6 0.8036542923433875 0.6997826086956521 0.0069605568445475635 0.004347826086956522
6 0.8101798143851509 0.7122826086956522 0.005510440835266821 0.0036956521739130435
0 0.8449825986078886 0.6584782608695652 0.013631090487238979 0.011304347826086957
0 0.9084976798143851 0.6572826086956521 0.007830626450116009 0.016739130434782607
1 0.9250290023201856 0.6295652173913043 0.008410672853828306 0.007391304347826087
6 0.550754060324826 0.5829347826086957 0.005220417633410673 0.003260869565217391
0 0.27552204176334105 0.5865217391304348 0.010440835266821345 0.006956521739130435
0 0.19562064965197215 0.6091304347826086 0.007830626450116009 0.007391304347826087
8 0.17705916473317865 0.03358695652173913 0.015951276102088168 0.014565217391304348
2 0.513631090487239 0.9116304347826087 0.03654292343387471 0.014565217391304348
2 0.5349477958236659 0.8996739130434782 0.03103248259860789 0.012826086956521739
0 0.7262180974477959 0.6546739130434782 0.015661252900232018 0.007608695652173913
0 0.1915603248259861 0.6010869565217392 0.013051044083526682 0.009565217391304347
8 0.1740139211136891 0.758695652173913 0.012180974477958236 0.010434782608695653
8 0.2759570765661253 0.8281521739130435 0.016531322505800465 0.009782608695652175
6 0.2926334106728538 0.8459782608695652 0.005220417633410673 0.004130434782608695
1 0.5919373549883991 0.40456521739130435 0.0063805104408352666 0.0052173913043478265
0 0.6160092807424594 0.22391304347826088 0.012761020881670533 0.010869565217391304
0 0.1845997679814385 0.6859782608695653 0.011890951276102088 0.009782608695652175
0 0.2556554524361949 0.731195652173913 0.005510440835266821 0.005434782608695652
1 0.28915313225058004 0.20782608695652174 0.0075406032482598605 0.004347826086956522
0 0.33077146171693733 0.20271739130434782 0.007250580046403712 0.005
0 0.3103248259860789 0.2301086956521739 0.00580046403712297 0.004130434782608695
0 0.472592807424594 0.15858695652173913 0.0095707656612529 0.006739130434782609
0 0.45142111368909515 0.4140217391304348 0.008990719257540603 0.004565217391304348
5 0.6458816705336426 0.9321739130434783 0.029002320185614848 0.022608695652173914
