5 0.484338747099768 0.36184782608695654 0.08410672853828306 0.05369565217391304
8 0.17154872389791184 0.5885869565217391 0.03277262180974478 0.020217391304347826
9 0.1898201856148492 0.8102173913043478 0.014211136890951276 0.015217391304347827
9 0.6631380510440835 0.8609782608695652 0.018271461716937356 0.01847826086956522
8 0.2688515081206497 0.9408695652173913 0.02320185614849188 0.013478260869565217
8 0.9086426914153132 0.6619565217391304 0.015081206496519721 0.03304347826086956
8 0.681554524361949 0.2828260869565217 0.029002320185614848 0.01956521739130435
1 0.6708236658932715 0.14152173913043478 0.015081206496519721 0.011304347826086957
4 0.1857598607888631 0.17717391304347826 0.013631090487238979 0.00782608695652174
4 0.8051044083526682 0.3708695652173913 0.020301624129930394 0.015217391304347827
4 0.8734048723897911 0.5470652173913043 0.01131090487238979 0.008478260869565218
8 0.6408062645011601 0.9304347826086956 0.017111368909512762 0.015217391304347827
9 0.4753480278422274 0.24771739130434783 0.011020881670533642 0.008913043478260869
0 0.5317575406032483 0.2190217391304348 0.010730858468677494 0.010217391304347826
0 0.44895591647331784 0.7017391304347826 0.014501160092807424 0.0052173913043478265
0 0.5382830626450116 0.8907608695652174 0.00580046403712297 0.01108695652173913
2 0.3558584686774942 0.8902173913043478 0.026102088167053363 0.016956521739130436
2 0.37456496519721577 0.9042391304347827 0.026392111368909513 0.014130434782608696
2 0.4019721577726218 0.92 0.04176334106728538 0.013478260869565217
0 0.32961136890951276 0.2006521739130435 0.010730858468677494 0.007391304347826087
8 0.7633410672853829 0.21771739130434783 0.016241299303944315 0.013260869565217392
8 0.7381090487238979 0.1909782608695652 0.010440835266821345 0.008478260869565218
3 0.890516241299304 0.47532608695652173 0.015951276102088168 0.013260869565217392
3 0.857453596287703 0.46467391304347827 0.0095707656612529 0.007173913043478261
3 0.867169373549884 0.4707608695652174 0.0063805104408352666 0.008043478260869565
0 0.1666183294663573 0.6810869565217391 0.006090487238979118 0.00391304347826087
8 0.11383410672853829 0.8251086956521739 0.010730858468677494 0.009782608695652175
4 0.6470417633410673 0.6998913043478261 0.008700696055684454 0.006304347826086957
8 0.17923433874709976 0.11739130434782609 0.016821345707656612 0.011304347826086957
6 0.25638051044083526 0.6279347826086956 0.01160092807424594 0.007608695652173913
0 0.464907192575406 0.8819565217391304 0.011020881670533642 0.006521739130434782
0 0.4499709976798144 0.8856521739130435 0.007250580046403712 0.0052173913043478265
0 0.6126740139211136 0.12793478260869565 0.026392111368909513 0.01847826086956522
0 0.1031032482598608 0.20815217391304347 0.036832946635730855 0.029347826086956522
2 0.5910672853828306 0.8979347826086956 0.020301624129930394 0.010217391304347826
2 0.4437354988399072 0.9035869565217391 0.03306264501160093 0.018043478260869564
2 0.4947795823665893 0.9255434782608696 0.10324825986078887 0.029347826086956522
2 0.4521461716937355 0.8622826086956522 0.03538283062645012 0.01891304347826087
2 0.2853828306264501 0.8580434782608696 0.02088167053364269 0.013043478260869565
2 0.43314965197215777 0.9378260869565217 0.022331786542923435 0.01217391304347826
3 0.5735208816705336 0.48880434782608695 0.013051044083526682 0.009782608695652175
3 0.7302784222737819 0.566195652173913 0.012180974477958236 0.008043478260869565
3 0.6521171693735499 0.58 0.01537122969837587 0.01391304347826087
1 0.2685614849187935 0.12880434782608696 0.00580046403712297 0.004130434782608695
8 0.3987819025522042 0.23347826086956522 0.009860788863109048 0.00782608695652174
1 0.32511600928074247 0.17880434782608695 0.00580046403712297 0.005
1 0.47665313225058004 0.04804347826086956 0.010150812064965197 0.005652173913043478
0 0.595707656612529 0.20619565217391303 0.0191415313225058 0.009782608695652175
0 0.6341357308584686 0.1540217391304348 0.014791183294663572 0.009347826086956522
6 0.6197795823665894 0.21293478260869564 0.0063805104408352666 0.0036956521739130435
8 0.6470417633410673 0.22619565217391305 0.009860788863109048 0.007608695652173913
9 0.8912412993039444 0.30978260869565216 0.0075406032482598605 0.010434782608695653
0 0.911977958236659 0.3391304347826087 0.005510440835266821 0.013478260869565217
0 0.8993619489559165 0.3456521739130435 0.009280742459396751 0.015217391304347827
6 0.7720417633410673 0.5430434782608695 0.009280742459396751 0.00608695652173913
0 0.5256670533642691 0.5508695652173913 0.01131090487238979 0.008695652173913044
6 0.4934744779582367 0.5498913043478261 0.006090487238979118 0.004565217391304348
6 0.503915313225058 0.547608695652174 0.004350348027842227 0.0034782608695652175
6 0.5162412993039444 0.5660869565217391 0.0034802784222737818 0.0034782608695652175
8 0.034367749419953596 0.6414130434782609 0.008990719257540603 0.012826086956521739
8 0.19504060324825986 0.8596739130434783 0.01537122969837587 0.010217391304347826
2 0.39283642691415316 0.8830434782608696 0.011890951276102088 0.009130434782608696
2 0.5317575406032483 0.8883695652173913 0.013051044083526682 0.008043478260869565
8 0.7057714617169374 0.9167391304347826 0.01537122969837587 0.010869565217391304
0 0.910237819025522 0.5782608695652174 0.006670533642691415 0.011739130434782608
0 0.8995069605568445 0.5880434782608696 0.010150812064965197 0.008695652173913044
8 0.19489559164733178 0.6184782608695653 0.015661252900232018 0.01217391304347826
0 0.029437354988399073 0.35597826086956524 0.010730858468677494 0.024565217391304347
0 0.07134570765661252 0.29043478260869565 0.009860788863109048 0.014347826086956521
6 0.11064385150812064 0.35836956521739133 0.004350348027842227 0.002826086956521739
6 0.40574245939675174 0.08293478260869565 0.005220417633410673 0.003260869565217391
0 0.3590487238979118 0.23391304347826086 0.015661252900232018 0.014782608695652174
1 0.5941125290023201 0.07108695652173913 0.005510440835266821 0.0034782608695652175
1 0.6318155452436195 0.11673913043478261 0.006090487238979118 0.00391304347826087
0 0.6393561484918794 0.17652173913043478 0.021751740139211138 0.010869565217391304
8 0.6384860788863109 0.5654347826086956 0.01131090487238979 0.00826086956521739
8 0.2236078886310905 0.7289130434782609 0.008120649651972157 0.00608695652173913
8 0.20272621809744779 0.9044565217391304 0.031902552204176336 0.025869565217391303
6 0.5916473317865429 0.6578260869565218 0.004640371229698376 0.0034782608695652175
0 0.7472447795823666 0.6218478260869565 0.01769141531322506 0.028478260869565217
2 0.2517401392111369 0.8821739130434783 0.021461716937354988 0.014782608695652174
1 0.3684744779582367 0.3416304347826087 0.004930394431554524 0.003260869565217391
0 0.3968967517401392 0.28195652173913044 0.013051044083526682 0.01391304347826087