3 0.12920533642691415 0.3425 0.006670533642691415 0.009347826086956522
3 0.09164733178654293 0.4160869565217391 0.01160092807424594 0.014347826086956521
3 0.09208236658932714 0.4448913043478261 0.016531322505800465 0.015434782608695652
3 0.132830626450116 0.4359782608695652 0.042923433874709975 0.02717391304347826
3 0.06424013921113689 0.4706521739130435 0.02697215777262181 0.023043478260869565
3 0.09657772621809745 0.4633695652173913 0.012761020881670533 0.020217391304347826
3 0.23375870069605567 0.483695652173913 0.017981438515081206 0.011304347826086957
3 0.23332366589327147 0.49576086956521737 0.01537122969837587 0.012391304347826086
3 0.3193155452436195 0.4834782608695652 0.02494199535962877 0.01565217391304348
3 0.3810904872389791 0.4966304347826087 0.012761020881670533 0.008913043478260869
3 0.46142691415313225 0.48293478260869566 0.015081206496519721 0.01717391304347826
3 0.43793503480278423 0.48728260869565215 0.013921113689095127 0.010652173913043479
4 0.5962877030162413 0.3909782608695652 0.008120649651972157 0.006739130434782609
3 0.8271461716937355 0.4860869565217391 0.02262180974477958 0.014347826086956521
3 0.8288863109048724 0.5014130434782609 0.011020881670533642 0.006739130434782609
3 0.7122969837587007 0.5039130434782608 0.018561484918793503 0.018695652173913044
3 0.8229408352668214 0.4723913043478261 0.04263341067285383 0.02
1 0.8622389791183295 0.4915217391304348 0.0075406032482598605 0.005652173913043478
0 0.8336716937354989 0.6219565217391304 0.02349187935034803 0.020869565217391306
0 0.4733178654292343 0.5385869565217392 0.015661252900232018 0.013695652173913043
2 0.285092807424594 0.7928260869565218 0.01334106728538283 0.011739130434782608
2 0.27856728538283065 0.816195652173913 0.014211136890951276 0.02108695652173913
0 0.47433294663573083 0.30630434782608695 0.013631090487238979 0.017391304347826087
3 0.07482598607888631 0.3893478260869565 0.022041763341067284 0.01608695652173913
3 0.06902552204176333 0.42717391304347824 0.023781902552204175 0.016956521739130436
0 0.1435614849187935 0.5883695652173913 0.025522041763341066 0.018043478260869564
1 0.9261890951276102 0.5555434782608696 0.006670533642691415 0.007173913043478261
2 0.6998259860788864 0.7995652173913044 0.009860788863109048 0.013043478260869565
3 0.39994199535962877 0.45358695652173914 0.008120649651972157 0.005869565217391304
1 0.212877030162413 0.6120652173913044 0.004640371229698376 0.002826086956521739
1 0.3101798143851508 0.17119565217391305 0.010730858468677494 0.007173913043478261
3 0.11847447795823667 0.45369565217391306 0.016531322505800465 0.016956521739130436
0 0.195330626450116 0.591304347826087 0.007830626450116009 0.0052173913043478265
7 0.14704176334106728 0.44967391304347826 0.0063805104408352666 0.006304347826086957
0 0.1857598607888631 0.566195652173913 0.01131090487238979 0.01108695652173913
0 0.5764211136890951 0.34782608695652173 0.010150812064965197 0.009565217391304347
0 0.42430394431554525 0.2225 0.008120649651972157 0.010652173913043479
8 0.42923433874709976 0.16032608695652173 0.008120649651972157 0.009782608695652175
0 0.5308874709976799 0.3154347826086957 0.008990719257540603 0.009130434782608696
0 0.5063805104408353 0.28793478260869565 0.008700696055684454 0.006739130434782609
0 0.4910092807424594 0.3092391304347826 0.008120649651972157 0.004130434782608695
0 0.6431264501160093 0.18032608695652175 0.016531322505800465 0.011521739130434782
0 0.6193445475638051 0.20467391304347826 0.014211136890951276 0.009347826086956522
0 0.6731438515081206 0.2529347826086957 0.009280742459396751 0.010217391304347826
0 0.6873549883990719 0.7292391304347826 0.019721577726218097 0.029782608695652173
2 0.451131090487239 0.9114130434782609 0.020591647331786544 0.02326086956521739
8 0.36310904872389793 0.8808695652173913 0.009860788863109048 0.007391304347826087
0 0.20765661252900233 0.6635869565217392 0.012180974477958236 0.008478260869565218
0 0.20809164733178653 0.6717391304347826 0.014211136890951276 0.009130434782608696
0 0.2819025522041763 0.6459782608695652 0.016821345707656612 0.009347826086956522
0 0.18996519721577726 0.6018478260869565 0.016821345707656612 0.006739130434782609
0 0.166038283062645 0.6154347826086957 0.006090487238979118 0.004347826086956522
0 0.1644431554524362 0.6247826086956522 0.0075406032482598605 0.007391304347826087
1 0.1142691415313225 0.506195652173913 0.008120649651972157 0.007173913043478261
8 0.07453596287703017 0.5566304347826087 0.008120649651972157 0.009347826086956522
0 0.4712877030162413 0.34304347826086956 0.016241299303944315 0.01652173913043478
0 0.16763341067285384 0.6532608695652173 0.008700696055684454 0.00608695652173913
0 0.4949245939675174 0.6880434782608695 0.008410672853828306 0.010434782608695653
0 0.5549593967517401 0.5577173913043478 0.0095707656612529 0.008913043478260869
