4 0.578016241299304 0.021739130434782608 0.009280742459396751 0.005652173913043478
6 0.4847737819025522 0.08326086956521739 0.004350348027842227 0.0026086956521739132
8 0.8074245939675174 0.060108695652173916 0.01334106728538283 0.011521739130434782
1 0.8532482598607889 0.10510869565217391 0.004640371229698376 0.004565217391304348
0 0.771461716937355 0.21478260869565216 0.0075406032482598605 0.01608695652173913
4 0.8694895591647331 0.5045652173913043 0.0063805104408352666 0.00608695652173913
0 0.574245939675174 0.3254347826086956 0.04408352668213457 0.023043478260869565
9 0.5642401392111369 0.2604347826086956 0.007250580046403712 0.004782608695652174
9 0.4953596287703016 0.3035869565217391 0.012761020881670533 0.008913043478260869
0 0.5120359628770301 0.2659782608695652 0.017111368909512762 0.014565217391304348
2 0.14066125290023201 0.15793478260869565 0.02668213457076566 0.01717391304347826
1 0.48970417633410673 0.4482608695652174 0.006090487238979118 0.00608695652173913
4 0.5656902552204176 0.4310869565217391 0.008410672853828306 0.00826086956521739
1 0.5287122969837587 0.4008695652173913 0.00580046403712297 0.004347826086956522
6 0.5261020881670534 0.4633695652173913 0.0069605568445475635 0.005434782608695652
9 0.3676044083526682 0.5871739130434782 0.0095707656612529 0.010434782608695653
6 0.3138051044083527 0.5416304347826087 0.012180974477958236 0.006304347826086957
6 0.3271461716937355 0.5539130434782609 0.0069605568445475635 0.0052173913043478265
9 0.2897331786542923 0.5692391304347826 0.0063805104408352666 0.005
6 0.263631090487239 0.5968478260869565 0.008120649651972157 0.006739130434782609
6 0.2816125290023202 0.6140217391304348 0.009860788863109048 0.005869565217391304
6 0.5126160092807425 0.6152173913043478 0.005510440835266821 0.004782608695652174
1 0.49202436194895594 0.6068478260869565 0.006090487238979118 0.004130434782608695
8 0.6165893271461717 0.5523913043478261 0.02668213457076566 0.021739130434782608
6 0.597592807424594 0.5746739130434783 0.004930394431554524 0.003260869565217391
1 0.4749129930394432 0.5751086956521739 0.0037703016241299302 0.002826086956521739
8 0.4055974477958237 0.47554347826086957 0.013631090487238979 0.011521739130434782
4 0.34034222737819025 0.6865217391304348 0.010730858468677494 0.011739130434782608
9 0.7131670533642691 0.5745652173913044 0.010440835266821345 0.00608695652173913
9 0.7037412993039444 0.5985869565217391 0.007830626450116009 0.007173913043478261
9 0.7800174013921114 0.5975 0.008410672853828306 0.008478260869565218
6 0.7587006960556845 0.5770652173913043 0.005220417633410673 0.005
0 0.8120649651972158 0.5497826086956522 0.033642691415313224 0.025217391304347827
0 0.85165313225058 0.5684782608695652 0.036832946635730855 0.02217391304347826
8 0.66792343387471 0.5158695652173914 0.018561484918793503 0.01652173913043478
8 0.6960556844547564 0.5606521739130435 0.023781902552204175 0.014347826086956521
0 0.34193735498839906 0.5378260869565218 0.03480278422273782 0.029130434782608697
4 0.08396171693735499 0.44804347826086954 0.011890951276102088 0.005652173913043478
9 0.09744779582366589 0.6118478260869565 0.00580046403712297 0.007173913043478261
0 0.22317285382830626 0.6619565217391304 0.022331786542923435 0.011304347826086957
0 0.25 0.6728260869565217 0.033642691415313224 0.023478260869565216
1 0.279292343387471 0.8085869565217392 0.0034802784222737818 0.002826086956521739
4 0.2138921113689095 0.8405434782608696 0.013051044083526682 0.010217391304347826
6 0.5568445475638051 0.8802173913043478 0.008700696055684454 0.00782608695652174
9 0.5120359628770301 0.9320652173913043 0.0095707656612529 0.004565217391304348
8 0.6799593967517401 0.8381521739130435 0.010730858468677494 0.009782608695652175
8 0.7118619489559165 0.8419565217391304 0.010730858468677494 0.00782608695652174
1 0.7600058004640371 0.8070652173913043 0.004930394431554524 0.002826086956521739
9 0.921838747099768 0.6322826086956522 0.017111368909512762 0.01891304347826087
8 0.6435614849187935 0.6988043478260869 0.009280742459396751 0.008478260869565218
1 0.7529002320185615 0.7191304347826087 0.008120649651972157 0.0052173913043478265
8 0.1541473317865429 0.605 0.01537122969837587 0.01217391304347826
8 0.07613109048723898 0.6422826086956521 0.012470997679814385 0.01108695652173913
0 0.028857308584686776 0.5848913043478261 0.011890951276102088 0.028478260869565217
1 0.16560324825986078 0.5153260869565217 0.009280742459396751 0.006739130434782609
0 0.1898201856148492 0.5267391304347826 0.024071925754060326 0.029130434782608697
1 0.14733178654292342 0.5407608695652174 0.008700696055684454 0.007173913043478261
1 0.16009280742459397 0.5317391304347826 0.008700696055684454 0.00608695652173913
1 0.21606728538283063 0.5897826086956521 0.00580046403712297 0.00608695652173913
1 0.21200696055684454 0.5929347826086957 0.004640371229698376 0.004565217391304348
1 0.20446635730858467 0.5771739130434783 0.0075406032482598605 0.00782608695652174
8 0.2810324825986079 0.5927173913043479 0.009860788863109048 0.008043478260869565
1 0.32236078886310904 0.5620652173913043 0.007830626450116009 0.005869565217391304
1 0.28567285382830626 0.7146739130434783 0.00580046403712297 0.004565217391304348
1 0.2845127610208817 0.7005434782608696 0.005220417633410673 0.004130434782608695
1 0.7827726218097448 0.6902173913043478 0.0034802784222737818 0.0034782608695652175
1 0.791038283062645 0.6975 0.0037703016241299302 0.002826086956521739
1 0.7681264501160093 0.6892391304347826 0.0031902552204176333 0.002826086956521739
1 0.7684164733178654 0.7017391304347826 0.004350348027842227 0.0034782608695652175
1 0.7737819025522041 0.678695652173913 0.004060324825986079 0.00391304347826087
3 0.9057424593967517 0.4270652173913044 0.0063805104408352666 0.006304347826086957
3 0.8093097447795824 0.4267391304347826 0.010730858468677494 0.006956521739130435
1 0.4241589327146172 0.40945652173913044 0.007830626450116009 0.005
1 0.2565255220417633 0.13358695652173913 0.007250580046403712 0.006304347826086957
6 0.43604988399071926 0.10391304347826087 0.006090487238979118 0.004347826086956522
1 0.7054814385150812 0.1307608695652174 0.005510440835266821 0.004565217391304348
1 0.48042343387471 0.8759782608695652 0.007830626450116009 0.007173913043478261
8 0.16690835266821347 0.6891304347826087 0.008990719257540603 0.00782608695652174
6 0.26899651972157773 0.5008695652173913 0.007830626450116009 0.00608695652173913
6 0.24405452436194897 0.508695652173913 0.005510440835266821 0.0034782608695652175
1 0.12122969837587007 0.5884782608695652 0.0063805104408352666 0.0052173913043478265
2 0.43039443155452434 0.5384782608695652 0.04698375870069606 0.02391304347826087
0 0.2810324825986079 0.07 0.049303944315545245 0.02826086956521739
6 0.55872969837587 0.33108695652173914 0.005510440835266821 0.004347826086956522
8 0.8127900232018561 0.69 0.004930394431554524 0.004782608695652174
8 0.8968967517401392 0.7033695652173914 0.013051044083526682 0.015
8 0.941415313225058 0.3585869565217391 0.009280742459396751 0.013695652173913043
8 0.4865139211136891 0.21597826086956523 0.01131090487238979 0.007608695652173913
8 0.8546983758700696 0.17347826086956522 0.0069605568445475635 0.00391304347826087
8 0.4898491879350348 0.5003260869565217 0.016241299303944315 0.009347826086956522
6 0.5594547563805105 0.6204347826086957 0.008700696055684454 0.00608695652173913
6 0.5646751740139211 0.5980434782608696 0.00580046403712297 0.004347826086956522
6 0.5588747099767981 0.5225 0.005220417633410673 0.0036956521739130435
1 0.6361658932714617 0.591195652173913 0.007250580046403712 0.004565217391304348
2 0.4556264501160093 0.5494565217391304 0.02842227378190255 0.01934782608695652
1 0.386745939675174 0.5453260869565217 0.0031902552204176333 0.002826086956521739
0 0.23346867749419953 0.613804347826087 0.0069605568445475635 0.011956521739130435
0 0.2033062645011601 0.6279347826086956 0.009280742459396751 0.008478260869565218
0 0.17082366589327147 0.638804347826087 0.01160092807424594 0.008913043478260869
1 0.1294953596287703 0.6977173913043478 0.0031902552204176333 0.003260869565217391
4 0.35266821345707655 0.837391304347826 0.004060324825986079 0.004347826086956522
6 0.6003480278422274 0.0933695652173913 0.002900232018561485 0.002391304347826087
6 0.5635150812064965 0.3448913043478261 0.0069605568445475635 0.005
1 0.6812645011600929 0.4807608695652174 0.0063805104408352666 0.005434782608695652
0 0.7356438515081206 0.5347826086956522 0.006090487238979118 0.0034782608695652175
0 0.7565255220417634 0.5529347826086957 0.008410672853828306 0.006304347826086957
0 0.7466647331786543 0.5566304347826087 0.007250580046403712 0.008043478260869565
0 0.7485498839907193 0.6153260869565217 0.026102088167053363 0.02282608695652174
0 0.7647911832946636 0.5872826086956522 0.009280742459396751 0.009347826086956522
0 0.7468097447795824 0.5835869565217391 0.0075406032482598605 0.007173913043478261
0 0.7705916473317865 0.6046739130434783 0.008700696055684454 0.006739130434782609
8 0.8648491879350348 0.7018478260869565 0.018561484918793503 0.016739130434782607
6 0.2196925754060325 0.5622826086956522 0.006090487238979118 0.005
1 0.25145011600928074 0.5941304347826087 0.005220417633410673 0.00391304347826087
1 0.23071345707656613 0.06978260869565217 0.004350348027842227 0.003043478260869565
0 0.34483758700696054 0.19391304347826088 0.0034802784222737818 0.006956521739130435
8 0.43822505800464034 0.2425 0.008120649651972157 0.007173913043478261
0 0.32671113689095127 0.5303260869565217 0.012470997679814385 0.012391304347826086
0 0.21824245939675174 0.6783695652173913 0.01131090487238979 0.007173913043478261
8 0.07033062645011601 0.6214130434782609 0.011890951276102088 0.016739130434782607
1 0.4247389791183295 0.5929347826086957 0.0037703016241299302 0.002826086956521739
