4 0.38744212962962965 0.09268904320987655 0.012152777777777778 0.006751543209876543
4 0.2935474537037037 0.19936342592592593 0.006655092592592593 0.003279320987654321
4 0.14872685185185186 0.40461033950617287 0.010416666666666666 0.009066358024691358
4 0.6561053240740741 0.7577160493827161 0.014178240740740741 0.0073302469135802465
0 0.6809895833333334 0.30169753086419754 0.021122685185185185 0.016975308641975308
0 0.9278067129629629 0.36709104938271603 0.030960648148148147 0.07600308641975309
0 0.9521122685185185 0.4152199074074074 0.013599537037037037 0.054205246913580245
0 0.9741030092592593 0.43817515432098764 0.01707175925925926 0.04031635802469136
0 0.6715856481481481 0.566358024691358 0.010416666666666666 0.009645061728395061
0 0.8473668981481481 0.5792824074074074 0.05237268518518518 0.021219135802469136
0 0.7715567129629629 0.6547067901234568 0.05758101851851852 0.019675925925925927
0 0.8417245370370371 0.6108217592592593 0.01273148148148148 0.005979938271604938
0 0.8342013888888888 0.6323302469135802 0.02662037037037037 0.016589506172839507
0 0.8136574074074074 0.5997299382716049 0.012152777777777778 0.011574074074074073
0 0.6885127314814815 0.6448688271604939 0.016493055555555556 0.020061728395061727
0 0.9470486111111112 0.49054783950617287 0.015625 0.02662037037037037
0 0.9373553240740741 0.5448495370370371 0.021122685185185185 0.030285493827160493
0 0.9184027777777778 0.5855516975308642 0.024305555555555556 0.042631172839506175
0 0.7850115740740741 0.6974344135802469 0.017939814814814815 0.01253858024691358
0 0.7690972222222222 0.7063078703703703 0.015046296296296295 0.007908950617283951
0 0.8582175925925926 0.7796103395061729 0.014467592592592593 0.021026234567901234
0 0.8475115740740741 0.7418016975308642 0.041087962962962965 0.04996141975308642
0 0.7089120370370371 0.6647376543209876 0.02199074074074074 0.008487654320987654
6 0.7220775462962963 0.6592399691358025 0.008391203703703705 0.004050925925925926
0 0.8311631944444444 0.6640625 0.030381944444444444 0.015239197530864198
0 0.8857060185185185 0.6330054012345679 0.01678240740740741 0.027199074074074073
0 0.8862847222222222 0.6537422839506173 0.009259259259259259 0.010030864197530864
0 0.8166956018518519 0.6795910493827161 0.015914351851851853 0.016589506172839507
0 0.8469328703703703 0.7029320987654321 0.026041666666666668 0.030478395061728395
0 0.22106481481481483 0.6748649691358025 0.020833333333333332 0.009066358024691358
0 0.2660590277777778 0.6749614197530864 0.055266203703703706 0.013117283950617283
0 0.19212962962962962 0.6106288580246914 0.019675925925925927 0.02025462962962963
0 0.22251157407407407 0.5999228395061729 0.01273148148148148 0.010416666666666666
0 0.1712962962962963 0.6206597222222222 0.015625 0.015239197530864198
0 0.15697337962962962 0.6179591049382716 0.011284722222222222 0.011381172839506173
0 0.15465856481481483 0.6374421296296297 0.008969907407407407 0.00945216049382716
0 0.24609375 0.5837191358024691 0.022858796296296297 0.010802469135802469
0 0.2690972222222222 0.5765817901234568 0.018518518518518517 0.011959876543209876
0 0.2782118055555556 0.5888310185185185 0.013020833333333334 0.0055941358024691355
0 0.2884837962962963 0.6187307098765432 0.01678240740740741 0.011766975308641976
0 0.23249421296296297 0.6505594135802469 0.03616898148148148 0.021026234567901234
0 0.22887731481481483 0.613233024691358 0.02546296296296296 0.013117283950617283
0 0.23958333333333334 0.6168016975308642 0.01273148148148148 0.0055941358024691355
0 0.2543402777777778 0.6112075617283951 0.016203703703703703 0.006751543209876543
0 0.24233217592592593 0.6249035493827161 0.044270833333333336 0.020640432098765434
0 0.2154224537037037 0.6358989197530864 0.011284722222222222 0.0055941358024691355
0 0.19907407407407407 0.6271219135802469 0.03009259259259259 0.03935185185185185
0 0.19545717592592593 0.6783371913580247 0.024016203703703703 0.02025462962962963
0 0.22960069444444445 0.6876929012345679 0.011863425925925927 0.01427469135802469
0 0.2523148148148148 0.6871141975308642 0.01099537037037037 0.005401234567901234
0 0.2566550925925926 0.7053433641975309 0.015625 0.004436728395061728
0 0.21715856481481483 0.7012924382716049 0.015914351851851853 0.008680555555555556
0 0.23206018518518517 0.714891975308642 0.01099537037037037 0.008101851851851851
0 0.1970486111111111 0.7068865740740741 0.010416666666666666 0.0036651234567901233
0 0.1869212962962963 0.7132523148148148 0.014467592592592593 0.005208333333333333
0 0.17158564814814814 0.7131558641975309 0.019675925925925927 0.010416666666666666
0 0.1808449074074074 0.7230902777777778 0.007523148148148148 0.006751543209876543
0 0.1384548611111111 0.7175925925925926 0.015335648148148149 0.011959876543209876
0 0.06481481481481481 0.6563464506172839 0.017939814814814815 0.031057098765432098
0 0.1535011574074074 0.6530671296296297 0.014756944444444444 0.012152777777777778
0 0.16898148148148148 0.6369598765432098 0.008101851851851851 0.005401234567901234
0 0.17476851851851852 0.6457368827160493 0.005787037037037037 0.005208333333333333
0 0.17722800925925927 0.6529706790123457 0.004918981481481482 0.0030864197530864196
0 0.1423611111111111 0.6678240740740741 0.01099537037037037 0.006172839506172839
0 0.17997685185185186 0.5923996913580247 0.029513888888888888 0.02816358024691358
0 0.1597222222222222 0.5884452160493827 0.019097222222222224 0.007137345679012345
0 0.18909143518518517 0.5739776234567902 0.01070601851851852 0.005208333333333333
0 0.16767939814814814 0.5725308641975309 0.03153935185185185 0.020061728395061727
0 0.13512731481481483 0.5908564814814815 0.029513888888888888 0.02700617283950617
0 0.12355324074074074 0.576195987654321 0.008680555555555556 0.0038580246913580245
0 0.09895833333333333 0.5821759259259259 0.006944444444444444 0.007716049382716049
0 0.1579861111111111 0.603491512345679 0.008680555555555556 0.00636574074074074
0 0.3125 0.5760995370370371 0.023148148148148147 0.017939814814814815
0 0.30960648148148145 0.621045524691358 0.029513888888888888 0.023726851851851853
0 0.2708333333333333 0.6434220679012346 0.03356481481481482 0.016396604938271605
0 0.1371527777777778 0.6153549382716049 0.01678240740740741 0.008487654320987654
0 0.08246527777777778 0.5959683641975309 0.032407407407407406 0.03915895061728395
0 0.09244791666666667 0.7056327160493827 0.037905092592592594 0.036265432098765434
0 0.054108796296296294 0.6131365740740741 0.043402777777777776 0.03722993827160494
0 0.04759837962962963 0.6314621913580247 0.009548611111111112 0.024112654320987654
0 0.059751157407407406 0.3984375 0.009548611111111112 0.017554012345679014
0 0.045717592592592594 0.39699074074074076 0.008101851851851851 0.023919753086419752
0 0.036313657407407406 0.4246720679012346 0.008969907407407407 0.024112654320987654
0 0.044994212962962965 0.3648726851851852 0.008969907407407407 0.03607253086419753
0 0.06163194444444445 0.3490547839506173 0.01273148148148148 0.026813271604938273
1 0.43995949074074076 0.6151620370370371 0.004918981481481482 0.0038580246913580245
8 0.3793402777777778 0.3046875 0.009259259259259259 0.005979938271604938
0 0.1685474537037037 0.6728395061728395 0.010127314814814815 0.005015432098765432
0 0.17057291666666666 0.6840277777777778 0.009548611111111112 0.008101851851851851
0 0.12022569444444445 0.6231674382716049 0.006655092592592593 0.007523148148148148
0 0.1232638888888889 0.6356095679012346 0.011574074074074073 0.005787037037037037
0 0.13657407407407407 0.6346450617283951 0.005787037037037037 0.004243827160493827
8 0.4207175925925926 0.8470293209876543 0.02141203703703704 0.010030864197530864
0 0.8655960648148148 0.6684027777777778 0.011284722222222222 0.006558641975308642
0 0.9068287037037037 0.6959876543209876 0.017939814814814815 0.02854938271604938
0 0.8791956018518519 0.685570987654321 0.01707175925925926 0.016203703703703703
0 0.8975694444444444 0.6863425925925926 0.017939814814814815 0.015817901234567902
0 0.8002025462962963 0.7002314814814815 0.01880787037037037 0.009259259259259259
0 0.48119212962962965 0.2486496913580247 0.018518518518518517 0.009645061728395061
1 0.2426215277777778 0.19010416666666666 0.009548611111111112 0.0055941358024691355
0 0.12297453703703703 0.6800733024691358 0.05844907407407408 0.025270061728395063
0 0.1634837962962963 0.6291473765432098 0.01099537037037037 0.0055941358024691355
0 0.18851273148148148 0.6981095679012346 0.011284722222222222 0.0073302469135802465
0 0.7255497685185185 0.6883680555555556 0.01765046296296296 0.007523148148148148
0 0.6950231481481481 0.6925154320987654 0.017939814814814815 0.010030864197530864
0 0.8427372685185185 0.6542245370370371 0.008391203703703705 0.007523148148148148
0 0.8667534722222222 0.6447723765432098 0.011284722222222222 0.006751543209876543
0 0.8460648148148148 0.6765046296296297 0.007523148148148148 0.007716049382716049
0 0.7858796296296297 0.6087962962962963 0.015046296296296295 0.015046296296296295
0 0.7445023148148148 0.6181520061728395 0.015046296296296295 0.01099537037037037
0 0.7595486111111112 0.6237461419753086 0.016203703703703703 0.010609567901234568
0 0.7594039351851852 0.6423611111111112 0.013599537037037037 0.004629629629629629
0 0.8864293981481481 0.6104359567901234 0.011863425925925927 0.007908950617283951
8 0.9032118055555556 0.6220100308641975 0.011284722222222222 0.009837962962962963
1 0.9456018518518519 0.3785686728395062 0.005787037037037037 0.004822530864197531
0 0.10677083333333333 0.6123649691358025 0.005787037037037037 0.004050925925925926