4 0.10503472222222222 0.5154320987654321 0.008680555555555556 0.008487654320987654
4 0.13411458333333334 0.47964891975308643 0.004340277777777778 0.004050925925925926
4 0.8703703703703703 0.5142746913580247 0.013888888888888888 0.014660493827160493
4 0.8162615740740741 0.7038966049382716 0.005787037037037037 0.005401234567901234
4 0.7714120370370371 0.7517361111111112 0.005787037037037037 0.003472222222222222
0 0.07740162037037036 0.3734567901234568 0.0078125 0.007716049382716049
0 0.05164930555555555 0.5370370370370371 0.005497685185185185 0.007716049382716049
0 0.05237268518518518 0.5530478395061729 0.004629629629629629 0.0073302469135802465
0 0.07523148148148148 0.6177662037037037 0.004050925925925926 0.009066358024691358
0 0.08362268518518519 0.6383101851851852 0.006944444444444444 0.009645061728395061
0 0.1545138888888889 0.6143904320987654 0.013888888888888888 0.009645061728395061
0 0.12485532407407407 0.6657021604938271 0.004340277777777778 0.005787037037037037
0 0.1957465277777778 0.6402391975308642 0.005497685185185185 0.002700617283950617
0 0.19285300925925927 0.6277970679012346 0.003761574074074074 0.004050925925925926
0 0.21686921296296297 0.6492091049382716 0.007233796296296296 0.005208333333333333
0 0.2494212962962963 0.6604938271604939 0.007523148148148148 0.004629629629629629
0 0.23625578703703703 0.6686921296296297 0.004340277777777778 0.0021219135802469135
0 0.234375 0.6287615740740741 0.00636574074074074 0.0036651234567901233
0 0.3003472222222222 0.5767746913580247 0.011574074074074073 0.008487654320987654
0 0.27358217592592593 0.5853587962962963 0.005497685185185185 0.004050925925925926
0 0.2572337962962963 0.5609567901234568 0.005787037037037037 0.004243827160493827
0 0.2035590277777778 0.5654899691358025 0.005497685185185185 0.005208333333333333
0 0.27141203703703703 0.5661651234567902 0.01099537037037037 0.005401234567901234
0 0.17896412037037038 0.6225887345679012 0.008969907407407407 0.00636574074074074
0 0.21223958333333334 0.7056327160493827 0.007233796296296296 0.0019290123456790122
0 0.14699074074074073 0.6962770061728395 0.006944444444444444 0.005979938271604938
0 0.2019675925925926 0.6869212962962963 0.012152777777777778 0.007716049382716049
8 0.15523726851851852 0.6430362654320988 0.01880787037037037 0.02141203703703704
0 0.18055555555555555 0.6845100308641975 0.017361111111111112 0.007908950617283951
2 0.06322337962962964 0.6061921296296297 0.027488425925925927 0.08159722222222222
8 0.40914351851851855 0.5147569444444444 0.00636574074074074 0.004822530864197531
3 0.1371527777777778 0.4565007716049383 0.011574074074074073 0.00945216049382716
3 0.36400462962962965 0.5502507716049383 0.015625 0.015625
3 0.4613715277777778 0.6463155864197531 0.018229166666666668 0.008294753086419753
3 0.1345486111111111 0.4877507716049383 0.013888888888888888 0.007137345679012345
3 0.09071180555555555 0.5339506172839507 0.004918981481481482 0.005401234567901234
3 0.7233796296296297 0.39544753086419754 0.019097222222222224 0.008101851851851851
0 0.8401331018518519 0.5601851851851852 0.006655092592592593 0.005787037037037037
0 0.9249131944444444 0.5767746913580247 0.005497685185185185 0.007716049382716049
0 0.9320023148148148 0.5770640432098766 0.005787037037037037 0.00945216049382716
0 0.9020543981481481 0.6193094135802469 0.005497685185185185 0.008680555555555556
0 0.8896122685185185 0.6564429012345679 0.00318287037037037 0.006172839506172839
0 0.8896122685185185 0.6661844135802469 0.004340277777777778 0.00945216049382716
0 0.9094328703703703 0.6303047839506173 0.014467592592592593 0.025655864197530864
0 0.8952546296296297 0.6527777777777778 0.003472222222222222 0.005401234567901234
0 0.8993055555555556 0.6429398148148148 0.004050925925925926 0.0073302469135802465
0 0.8972800925925926 0.6694637345679012 0.00636574074074074 0.016396604938271605
0 0.7939814814814815 0.7118055555555556 0.004629629629629629 0.005787037037037037
0 0.7405960648148148 0.6923225308641975 0.01070601851851852 0.007716049382716049
0 0.6948784722222222 0.6411072530864198 0.0078125 0.004436728395061728
0 0.7942708333333334 0.6477623456790124 0.008680555555555556 0.005787037037037037
0 0.4817708333333333 0.6969521604938271 0.004050925925925926 0.003472222222222222
0 0.49146412037037035 0.7039930555555556 0.004340277777777778 0.004436728395061728
0 0.46947337962962965 0.7190393518518519 0.006076388888888889 0.0036651234567901233
0 0.5936053240740741 0.7294560185185185 0.0078125 0.004436728395061728
0 0.5480324074074074 0.855420524691358 0.008101851851851851 0.004050925925925926
0 0.7196180555555556 0.8283179012345679 0.012152777777777778 0.006944444444444444
9 0.6592881944444444 0.7680362654320988 0.008969907407407407 0.004436728395061728
8 0.6436631944444444 0.6550925925925926 0.01244212962962963 0.0073302469135802465
3 0.5402199074074074 0.48900462962962965 0.01099537037037037 0.010030864197530864
3 0.5478877314814815 0.48813657407407407 0.005497685185185185 0.005979938271604938
3 0.5515046296296297 0.49508101851851855 0.007523148148148148 0.007523148148148148
3 0.5542534722222222 0.4788773148148148 0.006655092592592593 0.005979938271604938
3 0.5646701388888888 0.4996141975308642 0.011284722222222222 0.008873456790123456
3 0.5743634259259259 0.5110918209876543 0.015046296296296295 0.010609567901234568
3 0.59375 0.5227623456790124 0.008101851851851851 0.005401234567901234
6 0.5461516203703703 0.5252700617283951 0.010127314814814815 0.006944444444444444
3 0.8373842592592593 0.5079089506172839 0.02546296296296296 0.011959876543209876
3 0.8641493055555556 0.4973958333333333 0.01244212962962963 0.007908950617283951
1 0.7938368055555556 0.5913387345679012 0.015914351851851853 0.010609567901234568
3 0.4207175925925926 0.5901813271604939 0.010416666666666666 0.008680555555555556
3 0.20399305555555555 0.4914158950617284 0.02025462962962963 0.017939814814814815
3 0.23307291666666666 0.49932484567901236 0.016493055555555556 0.012152777777777778
3 0.1484375 0.47878086419753085 0.010416666666666666 0.006172839506172839
3 0.10865162037037036 0.45611496913580246 0.018229166666666668 0.010609567901234568
3 0.10402199074074074 0.48823302469135804 0.01070601851851852 0.009259259259259259
3 0.07291666666666667 0.5009645061728395 0.006944444444444444 0.006944444444444444
1 0.20616319444444445 0.28366126543209874 0.011284722222222222 0.006751543209876543
1 0.6440972222222222 0.1909722222222222 0.015625 0.009645061728395061
1 0.7634548611111112 0.2048611111111111 0.008391203703703705 0.006944444444444444
1 0.9139178240740741 0.33805941358024694 0.0078125 0.006751543209876543
1 0.9236111111111112 0.3863811728395062 0.005208333333333333 0.005787037037037037
3 0.8804976851851852 0.41280864197530864 0.004050925925925926 0.005015432098765432
3 0.9269386574074074 0.43856095679012347 0.00318287037037037 0.004436728395061728
3 0.9156539351851852 0.4349922839506173 0.004918981481481482 0.005015432098765432
3 0.9079861111111112 0.4546682098765432 0.008101851851851851 0.005015432098765432
3 0.9097222222222222 0.4654706790123457 0.009837962962962963 0.006558641975308642
3 0.9442997685185185 0.45283564814814814 0.005497685185185185 0.013310185185185185
0 0.8506944444444444 0.6700424382716049 0.007523148148148148 0.009066358024691358
0 0.28660300925925924 0.8370949074074074 0.008969907407407407 0.008294753086419753
1 0.30454282407407407 0.8480902777777778 0.0078125 0.005979938271604938
0 0.4046585648148148 0.8297646604938271 0.019965277777777776 0.011766975308641976
0 0.390625 0.8823302469135802 0.01099537037037037 0.006558641975308642
0 0.40436921296296297 0.8776041666666666 0.006655092592592593 0.004050925925925926
0 0.4136284722222222 0.8526234567901234 0.0078125 0.003472222222222222
0 0.4168113425925926 0.8582175925925926 0.013020833333333334 0.005401234567901234
1 0.05541087962962963 0.43373842592592593 0.004918981481481482 0.004822530864197531
3 0.5448495370370371 0.5646219135802469 0.012152777777777778 0.016975308641975308
0 0.8628472222222222 0.6222029320987654 0.006944444444444444 0.006751543209876543
0 0.16652199074074073 0.5790895061728395 0.010127314814814815 0.005787037037037037
0 0.9236111111111112 0.3595679012345679 0.005787037037037037 0.010416666666666666
8 0.6831597222222222 0.7230902777777778 0.009259259259259259 0.006751543209876543
0 0.4464699074074074 0.6109182098765432 0.008680555555555556 0.006558641975308642
0 0.7362557870370371 0.6827739197530864 0.008969907407407407 0.005979938271604938
1 0.9393807870370371 0.4927662037037037 0.003761574074074074 0.0036651234567901233
1 0.5876736111111112 0.5612461419753086 0.006944444444444444 0.00636574074074074
8 0.11443865740740741 0.6273148148148148 0.0078125 0.007716049382716049
0 0.7298900462962963 0.6649305555555556 0.014756944444444444 0.008487654320987654