9 0.5162412993039444 0.18739130434782608 0.008700696055684454 0.007391304347826087
9 0.09135730858468677 0.7464130434782609 0.011020881670533642 0.011956521739130435
9 0.22230278422273783 0.7793478260869565 0.007250580046403712 0.006521739130434782
9 0.1716937354988399 0.7406521739130435 0.00580046403712297 0.004782608695652174
9 0.1915603248259861 0.7394565217391305 0.006090487238979118 0.005869565217391304
9 0.18532482598607888 0.7777173913043478 0.004060324825986079 0.004130434782608695
9 0.16415313225058004 0.7626086956521739 0.00580046403712297 0.004782608695652174
9 0.496084686774942 0.8981521739130435 0.007250580046403712 0.006304347826086957
9 0.7794373549883991 0.7489130434782608 0.006090487238979118 0.004782608695652174
9 0.9369199535962877 0.6116304347826087 0.007250580046403712 0.005869565217391304
9 0.3000290023201856 0.6267391304347826 0.008410672853828306 0.005652173913043478
6 0.525377030162413 0.5647826086956522 0.006090487238979118 0.004347826086956522
6 0.17618909512761022 0.7082608695652174 0.007250580046403712 0.006521739130434782
9 0.8707946635730859 0.7128260869565217 0.005510440835266821 0.007391304347826087
9 0.916038283062645 0.7336956521739131 0.005510440835266821 0.007391304347826087
4 0.6957656612529002 0.1698913043478261 0.016241299303944315 0.009782608695652175
4 0.15951276102088166 0.6519565217391304 0.008120649651972157 0.00782608695652174
9 0.7691415313225058 0.8347826086956521 0.005220417633410673 0.005652173913043478
8 0.03175754060324826 0.3482608695652174 0.007830626450116009 0.01565217391304348
8 0.04857888631090487 0.34054347826086956 0.007250580046403712 0.015434782608695652
8 0.04770881670533643 0.30967391304347824 0.008410672853828306 0.013695652173913043
1 0.20243619489559164 0.24043478260869566 0.008120649651972157 0.006956521739130435
1 0.3734048723897912 0.1973913043478261 0.007250580046403712 0.00608695652173913
1 0.31395011600928074 0.15695652173913044 0.006670533642691415 0.005652173913043478
1 0.25536542923433875 0.1941304347826087 0.008410672853828306 0.005652173913043478
1 0.21998259860788863 0.24891304347826088 0.007250580046403712 0.007391304347826087
1 0.609338747099768 0.10858695652173914 0.0075406032482598605 0.005434782608695652
1 0.39211136890951276 0.06782608695652174 0.0069605568445475635 0.0052173913043478265
1 0.294953596287703 0.13369565217391305 0.0069605568445475635 0.00608695652173913
1 0.28045243619489557 0.17706521739130435 0.0075406032482598605 0.005
6 0.3062645011600928 0.22086956521739132 0.008120649651972157 0.006521739130434782
8 0.07613109048723898 0.26554347826086955 0.004350348027842227 0.008043478260869565
8 0.10121809744779582 0.2659782608695652 0.0069605568445475635 0.009782608695652175
8 0.10324825986078887 0.29434782608695653 0.016241299303944315 0.01652173913043478
1 0.04712877030162413 0.2505434782608696 0.005510440835266821 0.004565217391304348
1 0.10049303944315545 0.17706521739130435 0.005510440835266821 0.006304347826086957
1 0.13152552204176335 0.16543478260869565 0.006670533642691415 0.006521739130434782
1 0.19678074245939675 0.2008695652173913 0.007250580046403712 0.0052173913043478265
1 0.2117169373549884 0.19641304347826086 0.004640371229698376 0.005
1 0.28697795823665895 0.11771739130434783 0.006090487238979118 0.004565217391304348
1 0.3159802784222738 0.08010869565217392 0.004930394431554524 0.003260869565217391
1 0.24637470997679814 0.3007608695652174 0.0095707656612529 0.008478260869565218
6 0.5796113689095128 0.24804347826086956 0.006670533642691415 0.0052173913043478265
6 0.6083236658932715 0.268804347826087 0.006090487238979118 0.004130434782608695
6 0.5419083526682135 0.22228260869565217 0.006670533642691415 0.005
1 0.632830626450116 0.1298913043478261 0.008700696055684454 0.006304347826086957
1 0.404292343387471 0.23847826086956522 0.010440835266821345 0.00782608695652174
1 0.3796403712296984 0.24032608695652175 0.009280742459396751 0.008043478260869565
9 0.4579466357308585 0.3657608695652174 0.0069605568445475635 0.006304347826086957
1 0.7602958236658933 0.17771739130434783 0.0095707656612529 0.008043478260869565
1 0.722592807424594 0.16510869565217393 0.010150812064965197 0.007173913043478261
1 0.8468677494199536 0.20706521739130435 0.008700696055684454 0.01108695652173913
1 0.7863979118329466 0.6543478260869565 0.010150812064965197 0.009130434782608696
9 0.8903712296983759 0.6123913043478261 0.0069605568445475635 0.0052173913043478265
9 0.6370359628770301 0.9372826086956522 0.0095707656612529 0.007608695652173913
8 0.2552204176334107 0.9172826086956521 0.012761020881670533 0.01108695652173913
9 0.10382830626450117 0.6998913043478261 0.008700696055684454 0.008043478260869565
9 0.08657192575406032 0.6629347826086956 0.008990719257540603 0.006739130434782609
1 0.23607888631090487 0.7643478260869565 0.0063805104408352666 0.006521739130434782
1 0.2273781902552204 0.755 0.00580046403712297 0.00608695652173913
1 0.23723897911832947 0.7502173913043478 0.0063805104408352666 0.005652173913043478
1 0.2212877030162413 0.7676086956521739 0.008120649651972157 0.0052173913043478265
1 0.2062064965197216 0.7228260869565217 0.008700696055684454 0.008695652173913044
9 0.19359048723897912 0.6481521739130435 0.010730858468677494 0.008043478260869565
8 0.699100928074246 0.8646739130434783 0.010730858468677494 0.007173913043478261
1 0.6825696055684455 0.8618478260869565 0.010150812064965197 0.008478260869565218
1 0.8100348027842227 0.798804347826087 0.0069605568445475635 0.006739130434782609
1 0.8703596287703016 0.6384782608695653 0.0069605568445475635 0.00608695652173913
1 0.8391821345707656 0.6816304347826087 0.008990719257540603 0.007608695652173913
9 0.8275812064965197 0.7051086956521739 0.010150812064965197 0.007173913043478261
6 0.7805974477958236 0.7064130434782608 0.008990719257540603 0.007608695652173913
9 0.8037993039443155 0.6995652173913044 0.008990719257540603 0.008695652173913044
9 0.3490429234338747 0.5489130434782609 0.0095707656612529 0.006521739130434782
8 0.20069605568445475 0.6103260869565217 0.01334106728538283 0.011521739130434782
0 0.751885150812065 0.7423913043478261 0.011890951276102088 0.009565217391304347
0 0.13442575406032484 0.6969565217391305 0.01131090487238979 0.013478260869565217
8 0.3284512761020882 0.8969565217391304 0.014211136890951276 0.010869565217391304
2 0.4189385150812065 0.9345652173913044 0.014791183294663572 0.013478260869565217
2 0.3035092807424594 0.9278260869565217 0.018271461716937356 0.015217391304347827
1 0.6532772621809745 0.9065217391304348 0.007250580046403712 0.005652173913043478
1 0.646606728538283 0.9215217391304348 0.006670533642691415 0.005652173913043478
8 0.7650812064965197 0.6379347826086956 0.015661252900232018 0.012391304347826086
8 0.7592807424593968 0.6728260869565217 0.016241299303944315 0.01
0 0.37296983758700697 0.18391304347826087 0.0069605568445475635 0.005652173913043478
1 0.42096867749419953 0.2935869565217391 0.013051044083526682 0.008043478260869565
1 0.3384570765661253 0.12782608695652173 0.0063805104408352666 0.00391304347826087
1 0.39559164733178653 0.1292391304347826 0.0063805104408352666 0.004130434782608695
1 0.3658642691415313 0.14956521739130435 0.005510440835266821 0.006521739130434782
8 0.3367169373549884 0.20782608695652174 0.008700696055684454 0.006956521739130435
8 0.4879640371229698 0.25804347826086954 0.005510440835266821 0.004782608695652174
1 0.5872969837587007 0.13467391304347825 0.005220417633410673 0.004130434782608695
8 0.9166183294663574 0.6192391304347826 0.010150812064965197 0.008043478260869565
8 0.6508120649651972 0.6142391304347826 0.01740139211136891 0.013695652173913043
9 0.6416763341067285 0.8827173913043478 0.008990719257540603 0.005
8 0.6509570765661253 0.9347826086956522 0.010150812064965197 0.00826086956521739
6 0.6921403712296984 0.9073913043478261 0.005510440835266821 0.00391304347826087
1 0.13631090487238978 0.8240217391304347 0.0063805104408352666 0.004130434782608695
1 0.21751740139211137 0.7468478260869565 0.005220417633410673 0.004130434782608695
9 0.16937354988399073 0.7032608695652174 0.0069605568445475635 0.004782608695652174
1 0.1103538283062645 0.5815217391304348 0.005510440835266821 0.004347826086956522
6 0.4685324825986079 0.5870652173913044 0.005510440835266821 0.004565217391304348
1 0.2855278422273782 0.0941304347826087 0.01131090487238979 0.006521739130434782
1 0.7006960556844548 0.5581521739130435 0.0075406032482598605 0.005434782608695652
8 0.7888631090487239 0.5781521739130435 0.0075406032482598605 0.006304347826086957
1 0.8401972157772621 0.5885869565217391 0.005220417633410673 0.004130434782608695
0 0.7237529002320185 0.8039130434782609 0.007830626450116009 0.00782608695652174
1 0.2769721577726218 0.9066304347826087 0.00580046403712297 0.002826086956521739
0 0.09643271461716937 0.6225 0.008410672853828306 0.008043478260869565
1 0.18503480278422274 0.5239130434782608 0.004060324825986079 0.0026086956521739132
1 0.25043503480278423 0.12978260869565217 0.004930394431554524 0.00391304347826087
1 0.30843967517401394 0.1175 0.006670533642691415 0.004565217391304348
0 0.6158642691415314 0.19260869565217392 0.01769141531322506 0.009565217391304347
8 0.9747679814385151 0.42445652173913045 0.008700696055684454 0.010217391304347826
9 0.8644141531322506 0.7392391304347826 0.006670533642691415 0.006304347826086957
0 0.7790023201856149 0.8132608695652174 0.00580046403712297 0.005652173913043478
9 0.8387470997679815 0.8922826086956521 0.01160092807424594 0.010652173913043479
8 0.6084686774941995 0.8978260869565218 0.010440835266821345 0.006521739130434782
0 0.8258410672853829 0.6917391304347826 0.006670533642691415 0.009565217391304347