8 0.06777493606138107 0.23831215535842723 0.012148337595907928 0.022057060656916806
6 0.28548593350383633 0.10812754735075522 0.004475703324808184 0.0028770079117717575
6 0.2861253196930946 0.11016542795492687 0.00319693094629156 0.002157755933828818
8 0.2108375959079284 0.061016542795492686 0.016304347826086956 0.009350275713258211
6 0.45444373401534527 0.19491728602253655 0.009271099744245524 0.005754015823543515
8 0.3665281329923274 0.07504195636538001 0.03356777493606138 0.01774154878925917
4 0.8577365728900256 0.17345960201390553 0.00959079283887468 0.014145288899544474
1 0.440537084398977 0.45624550467513786 0.010869565217391304 0.008631023735315272
8 0.6326726342710998 0.7856629105730041 0.027493606138107418 0.020618556701030927
4 0.8487851662404092 0.6843682570127068 0.00959079283887468 0.011747782306401342
8 0.3335997442455243 0.9110525053943899 0.022058823529411766 0.016303044833373293
4 0.3695652173913043 0.9273555502277632 0.01918158567774936 0.010549029009829777
1 0.3610933503836317 0.9345480700071925 0.0041560102301790285 0.003356509230400384
3 0.03420716112531969 0.47698393670582595 0.0076726342710997444 0.0146247902181731
3 0.021898976982097185 0.470151042915368 0.006074168797953964 0.011028530328458403
3 0.11397058823529412 0.5370414768640613 0.009271099744245524 0.006713018460800768
3 0.12244245524296675 0.49820187005514266 0.017263427109974423 0.010549029009829777
0 0.7044437340153452 0.6476864061376169 0.01438618925831202 0.011268280987772716
4 0.7784526854219949 0.7873411651882043 0.012148337595907928 0.009590026372572525
4 0.8001918158567775 0.8012467034284344 0.008312020460358057 0.006713018460800768
0 0.8126598465473146 0.7221289858547111 0.011508951406649617 0.008151522416686647
8 0.9282289002557544 0.6528410453128746 0.01118925831202046 0.015823543514744666
1 0.48881074168797956 0.5129465356029729 0.008951406649616368 0.006473267801486454
2 0.6747122762148338 0.7397506593143132 0.02014066496163683 0.023255813953488372
6 0.43478260869565216 0.1269479741069288 0.00639386189258312 0.0035962598897146965
1 0.7595907928388747 0.24766243107168545 0.00639386189258312 0.004315511867657636
1 0.25399616368286443 0.7642052265643731 0.006713554987212276 0.004555262526971949
4 0.1460997442455243 0.7580915847518581 0.008951406649616368 0.006713018460800768
1 0.46994884910485935 0.9183649005034764 0.004475703324808184 0.0031167585710860706
1 0.540920716112532 0.9160872692399904 0.0038363171355498722 0.0028770079117717575
1 0.5131074168797954 0.9187245264924478 0.0038363171355498722 0.0028770079117717575
1 0.612531969309463 0.16267082234476143 0.00639386189258312 0.005514265164229201
1 0.45268542199488493 0.2772716374970031 0.008312020460358057 0.006473267801486454
1 0.3272058823529412 0.5366818508750899 0.009271099744245524 0.007911771757372333
6 0.25751278772378516 0.5234955646128027 0.0041560102301790285 0.0031167585710860706
7 0.29955242966751916 0.530568209062575 0.012148337595907928 0.009110525053943897
3 0.40441176470588236 0.5449532486214337 0.011508951406649617 0.012467034284344283
3 0.3272058823529412 0.5515463917525774 0.007352941176470588 0.00695276912011508
1 0.30051150895140666 0.6865260129465356 0.005115089514066497 0.0035962598897146965
1 0.6703964194373402 0.23855190601774154 0.012148337595907928 0.008151522416686647
3 0.8914641943734015 0.542196116039319 0.012468030690537084 0.012227283625029969
9 0.5644181585677749 0.8064013426036921 0.006713554987212276 0.005034763845600575
0 0.39641943734015345 0.801606329417406 0.00959079283887468 0.007432270438743707
8 0.3024296675191816 0.950970990170223 0.014705882352941176 0.012227283625029969
1 0.19581202046035806 0.2060656916806521 0.005434782608695652 0.004075761208343323
8 0.5079923273657289 0.3067609685926636 0.01278772378516624 0.009350275713258211
0 0.07896419437340153 0.6626708223447615 0.015345268542199489 0.01774154878925917
0 0.18142583120204603 0.6128026852073843 0.010549872122762148 0.005754015823543515
1 0.4296675191815857 0.635578997842244 0.005115089514066497 0.004315511867657636
1 0.42535166240409206 0.6339007432270439 0.0041560102301790285 0.0038360105490290097
1 0.4739450127877238 0.6084871733397267 0.007352941176470588 0.005274514504914889
1 0.5247762148337596 0.615559817789499 0.005434782608695652 0.005993766482857828
1 0.5356457800511509 0.6339007432270439 0.006074168797953964 0.0038360105490290097
8 0.35437979539641945 0.21373771277871015 0.01694373401534527 0.013186286262287222
1 0.38778772378516624 0.22548549508511148 0.005754475703324808 0.0035962598897146965
8 0.6206841432225064 0.9126108846799329 0.015664961636828643 0.011268280987772716
0 0.7709398976982097 0.6563174298729322 0.028452685421994885 0.024214816590745626
0 0.8096227621483376 0.6962359146487653 0.007352941176470588 0.0038360105490290097
0 0.8067455242966752 0.6487652841045313 0.007352941176470588 0.008151522416686647
1 0.03132992327365729 0.3749700311675857 0.004475703324808184 0.005754015823543515
1 0.03980179028132992 0.4072164948453608 0.0041560102301790285 0.005993766482857828
1 0.32304987212276215 0.19431790937425078 0.0041560102301790285 0.0035962598897146965
1 0.15728900255754474 0.11076480460321265 0.010230179028132993 0.005754015823543515
8 0.5930306905370843 0.05154639175257732 0.011508951406649617 0.008631023735315272
