8 0.609483758700696 0.5635869565217392 0.02117169373549884 0.01847826086956522
4 0.3664443155452436 0.5722826086956522 0.008410672853828306 0.009347826086956522
4 0.35730858468677495 0.5775 0.009860788863109048 0.008478260869565218
4 0.6258700696055685 0.7505434782608695 0.013921113689095127 0.009782608695652175
4 0.427784222737819 0.8828260869565218 0.011020881670533642 0.006956521739130435
4 0.4879640371229698 0.13130434782608696 0.01769141531322506 0.010434782608695653
4 0.853393271461717 0.783804347826087 0.0095707656612529 0.01108695652173913
4 0.8506380510440835 0.7216304347826087 0.008120649651972157 0.007608695652173913
3 0.15458236658932714 0.5539130434782609 0.026102088167053363 0.019130434782608695
3 0.11629930394431555 0.5690217391304347 0.011020881670533642 0.012391304347826086
3 0.10440835266821345 0.5907608695652173 0.010440835266821345 0.012826086956521739
3 0.2790023201856148 0.5940217391304348 0.01160092807424594 0.007173913043478261
3 0.23230858468677495 0.506195652173913 0.0069605568445475635 0.007173913043478261
3 0.16023781902552203 0.5739130434782609 0.008410672853828306 0.00782608695652174
3 0.14936194895591648 0.5720652173913043 0.0075406032482598605 0.007173913043478261
3 0.14573665893271462 0.5816304347826087 0.008410672853828306 0.006739130434782609
3 0.17140371229698376 0.6152173913043478 0.010440835266821345 0.010434782608695653
3 0.1812645011600928 0.558804347826087 0.008700696055684454 0.005869565217391304
3 0.19170533642691415 0.5704347826086956 0.008700696055684454 0.00826086956521739
3 0.1919953596287703 0.5601086956521739 0.009280742459396751 0.006739130434782609
3 0.09411252900232019 0.5239130434782608 0.0095707656612529 0.009565217391304347
3 0.24840487238979117 0.5448913043478261 0.008410672853828306 0.007608695652173913
3 0.2552204176334107 0.5644565217391304 0.008120649651972157 0.006739130434782609
3 0.35368329466357307 0.49032608695652175 0.010150812064965197 0.007608695652173913
3 0.3517981438515081 0.4983695652173913 0.0063805104408352666 0.006304347826086957
3 0.3542633410672854 0.4682608695652174 0.0095707656612529 0.00826086956521739
4 0.15269721577726217 0.5030434782608696 0.0037703016241299302 0.003043478260869565
3 0.16589327146171692 0.4093478260869565 0.0063805104408352666 0.00826086956521739
3 0.07511600928074245 0.44456521739130433 0.0063805104408352666 0.010869565217391304
4 0.09933294663573086 0.445 0.005510440835266821 0.004782608695652174
3 0.09092227378190255 0.49217391304347824 0.005510440835266821 0.007391304347826087
3 0.08599187935034802 0.513695652173913 0.010150812064965197 0.013043478260869565
3 0.13993619489559164 0.5089130434782608 0.008990719257540603 0.008695652173913044
3 0.11557424593967518 0.4976086956521739 0.01131090487238979 0.007391304347826087
3 0.1136890951276102 0.48445652173913045 0.008120649651972157 0.005869565217391304
3 0.48622389791183296 0.46902173913043477 0.0095707656612529 0.006304347826086957
3 0.48462877030162416 0.5207608695652174 0.008120649651972157 0.007608695652173913
3 0.4228538283062645 0.4959782608695652 0.0069605568445475635 0.006739130434782609
3 0.4392401392111369 0.5259782608695652 0.008410672853828306 0.010217391304347826
3 0.4560614849187935 0.49282608695652175 0.0095707656612529 0.00826086956521739
3 0.41821345707656615 0.5180434782608696 0.0075406032482598605 0.00826086956521739
3 0.9312645011600929 0.5019565217391304 0.01160092807424594 0.01652173913043478
3 0.9216937354988399 0.47978260869565215 0.0075406032482598605 0.014347826086956521
3 0.863254060324826 0.5131521739130435 0.027552204176334107 0.021521739130434783
3 0.8528132250580046 0.5939130434782609 0.013051044083526682 0.017391304347826087
3 0.7849477958236659 0.6021739130434782 0.012470997679814385 0.010434782608695653
3 0.869054524361949 0.456304347826087 0.013051044083526682 0.00826086956521739
3 0.892691415313225 0.47097826086956524 0.011020881670533642 0.009782608695652175
3 0.8674593967517401 0.46445652173913043 0.011020881670533642 0.007173913043478261
3 0.8361368909512761 0.5407608695652174 0.017981438515081206 0.01847826086956522
3 0.8100348027842227 0.6085869565217391 0.022041763341067284 0.012826086956521739
3 0.8185904872389791 0.5056521739130435 0.007830626450116009 0.010434782608695653
3 0.8639791183294664 0.48239130434782607 0.0075406032482598605 0.007391304347826087
4 0.8433874709976799 0.49782608695652175 0.002900232018561485 0.00391304347826087
3 0.7916183294663574 0.5808695652173913 0.006670533642691415 0.00608695652173913
3 0.7086716937354989 0.42184782608695653 0.010730858468677494 0.008478260869565218
1 0.25638051044083526 0.16597826086956521 0.014501160092807424 0.011956521739130435
1 0.31554524361948955 0.7356521739130435 0.009860788863109048 0.0052173913043478265
6 0.40066705336426917 0.918695652173913 0.007250580046403712 0.00782608695652174
1 0.8545533642691415 0.6215217391304347 0.007250580046403712 0.007391304347826087
4 0.6026682134570766 0.7358695652173913 0.012180974477958236 0.00826086956521739
0 0.5939675174013921 0.36630434782608695 0.02494199535962877 0.01217391304347826
4 0.8481728538283063 0.3497826086956522 0.005510440835266821 0.0052173913043478265
1 0.689530162412993 0.21358695652173912 0.008410672853828306 0.007173913043478261
8 0.8954466357308585 0.6371739130434783 0.0095707656612529 0.011739130434782608
6 0.4709976798143852 0.4041304347826087 0.005220417633410673 0.0052173913043478265
6 0.47868329466357307 0.3577173913043478 0.004930394431554524 0.005869565217391304
1 0.48462877030162416 0.4051086956521739 0.0063805104408352666 0.005434782608695652
6 0.4029872389791183 0.3475 0.0095707656612529 0.005
3 0.27392691415313225 0.5727173913043478 0.01537122969837587 0.010217391304347826
3 0.2060614849187935 0.5126086956521739 0.007830626450116009 0.004782608695652174
1 0.30423433874709976 0.5618478260869565 0.0075406032482598605 0.006739130434782609
1 0.29712877030162416 0.5596739130434782 0.007250580046403712 0.006304347826086957
1 0.3072795823665893 0.568695652173913 0.005510440835266821 0.00391304347826087
1 0.2865429234338747 0.565 0.0069605568445475635 0.0052173913043478265
1 0.33700696055684454 0.5622826086956522 0.008700696055684454 0.007173913043478261
1 0.33700696055684454 0.5706521739130435 0.008120649651972157 0.006521739130434782
3 0.4322795823665893 0.5413043478260869 0.011890951276102088 0.014782608695652174
3 0.44388051044083526 0.5678260869565217 0.013631090487238979 0.00608695652173913
0 0.4189385150812065 0.731195652173913 0.02291183294663573 0.011956521739130435
4 0.2257830626450116 0.779891304347826 0.0031902552204176333 0.004130434782608695
4 0.17053364269141533 0.8061956521739131 0.002900232018561485 0.004565217391304348
0 0.7299883990719258 0.6166304347826087 0.03654292343387471 0.012826086956521739
0 0.7299883990719258 0.6746739130434782 0.02668213457076566 0.02108695652173913
8 0.1898201856148492 0.6007608695652173 0.018271461716937356 0.013695652173913043
1 0.9074825986078886 0.5379347826086956 0.00580046403712297 0.006739130434782609
1 0.7707366589327146 0.19217391304347825 0.007250580046403712 0.00782608695652174
7 0.664008120649652 0.22271739130434784 0.029872389791183295 0.02717391304347826
0 0.3654292343387471 0.11847826086956521 0.008700696055684454 0.005652173913043478
1 0.7298433874709976 0.19521739130434781 0.005510440835266821 0.00391304347826087
6 0.5877320185614849 0.2589130434782609 0.004350348027842227 0.0034782608695652175
1 0.23839907192575405 0.5218478260869566 0.008700696055684454 0.005869565217391304
1 0.146461716937355 0.6333695652173913 0.01160092807424594 0.009347826086956522
1 0.5242169373549884 0.47304347826086957 0.005510440835266821 0.004347826086956522
8 0.3039443155452436 0.9285869565217392 0.012180974477958236 0.010652173913043479
8 0.5242169373549884 0.050543478260869565 0.014791183294663572 0.007173913043478261
1 0.2166473317865429 0.3959782608695652 0.009860788863109048 0.007173913043478261
1 0.353538283062645 0.9093478260869565 0.00580046403712297 0.004782608695652174
8 0.6612529002320185 0.9275 0.009860788863109048 0.005434782608695652
0 0.8255510440835266 0.6227173913043478 0.005510440835266821 0.004565217391304348
1 0.6780742459396751 0.13260869565217392 0.00580046403712297 0.0052173913043478265
1 0.3513631090487239 0.9233695652173913 0.005510440835266821 0.004565217391304348
1 0.6901102088167054 0.1592391304347826 0.006670533642691415 0.004565217391304348
2 0.5417633410672854 0.9084782608695652 0.033642691415313224 0.033478260869565214
8 0.2887180974477958 0.8422826086956522 0.014211136890951276 0.014130434782608696
8 0.3035092807424594 0.8789130434782608 0.01131090487238979 0.010434782608695653
