9 0.2530381944444444 0.7490354938271605 0.01070601851851852 0.006558641975308642
4 0.08043981481481481 0.47116126543209874 0.006944444444444444 0.0055941358024691355
0 0.10821759259259259 0.5753279320987654 0.02025462962962963 0.017554012345679014
0 0.14554398148148148 0.5952932098765432 0.013310185185185185 0.011959876543209876
0 0.15422453703703703 0.5443672839506173 0.019097222222222224 0.011188271604938271
0 0.11863425925925926 0.6532600308641975 0.02025462962962963 0.013310185185185185
0 0.1472800925925926 0.6927083333333334 0.009837962962962963 0.008487654320987654
0 0.7776331018518519 0.603491512345679 0.06741898148148148 0.02334104938271605
0 0.8572048611111112 0.6407214506172839 0.020543981481481483 0.01408179012345679
0 0.8252314814814815 0.5709876543209876 0.016203703703703703 0.013117283950617283
0 0.8006365740740741 0.5603780864197531 0.030671296296296297 0.016203703703703703
9 0.7669270833333334 0.7317708333333334 0.011863425925925927 0.008680555555555556
4 0.1623263888888889 0.38821373456790126 0.006944444444444444 0.0055941358024691355
0 0.45109953703703703 0.6524884259259259 0.009259259259259259 0.015239197530864198
0 0.4699074074074074 0.6864390432098766 0.017939814814814815 0.009066358024691358
0 0.5646701388888888 0.6586612654320988 0.011863425925925927 0.011381172839506173
0 0.6066261574074074 0.6480516975308642 0.01707175925925926 0.011766975308641976
0 0.7939814814814815 0.6951195987654321 0.009259259259259259 0.014467592592592593
0 0.8190104166666666 0.6781442901234568 0.033275462962962965 0.030671296296296297
0 0.8415798611111112 0.6952160493827161 0.011863425925925927 0.008873456790123456
0 0.36342592592592593 0.6431327160493827 0.036458333333333336 0.018518518518518517
0 0.5859375 0.6442901234567902 0.037037037037037035 0.015046296296296295
0 0.14048032407407407 0.6455439814814815 0.015335648148148149 0.011766975308641976
0 0.1558159722222222 0.6414930555555556 0.02922453703703704 0.013310185185185185
0 0.15639467592592593 0.673804012345679 0.030381944444444444 0.01427469135802469
0 0.0802951388888889 0.6070601851851852 0.015335648148148149 0.015817901234567902
0 0.12789351851851852 0.628954475308642 0.023148148148148147 0.016396604938271605
4 0.6417824074074074 0.6552854938271605 0.008680555555555556 0.004629629629629629
4 0.6824363425925926 0.6849922839506173 0.0078125 0.005015432098765432
2 0.8991608796296297 0.5643325617283951 0.030381944444444444 0.028742283950617283
0 0.6372974537037037 0.5372299382716049 0.014756944444444444 0.01273148148148148
8 0.6905381944444444 0.16956018518518517 0.019386574074074073 0.01273148148148148
8 0.7281539351851852 0.14293981481481483 0.033275462962962965 0.017746913580246913
8 0.7084780092592593 0.20698302469135801 0.021701388888888888 0.016589506172839507
1 0.21846064814814814 0.14052854938271606 0.01099537037037037 0.00945216049382716
0 0.5763888888888888 0.1796875 0.01099537037037037 0.007137345679012345
0 0.8706597222222222 0.625 0.013310185185185185 0.010416666666666666
0 0.8875868055555556 0.6413966049382716 0.010127314814814815 0.010416666666666666
0 0.9035011574074074 0.6076388888888888 0.013020833333333334 0.011959876543209876
0 0.8418692129629629 0.6359953703703703 0.011284722222222222 0.010030864197530864
0 0.8229166666666666 0.6235532407407407 0.024305555555555556 0.013695987654320988
0 0.84765625 0.6251929012345679 0.011284722222222222 0.0073302469135802465
0 0.9508101851851852 0.5380979938271605 0.009837962962962963 0.01871141975308642
0 0.9333043981481481 0.5558449074074074 0.011863425925925927 0.016010802469135804
0 0.7026909722222222 0.5822723765432098 0.021122685185185185 0.01253858024691358
0 0.6037326388888888 0.6862461419753086 0.013020833333333334 0.010609567901234568
0 0.7598379629629629 0.7062114197530864 0.013310185185185185 0.009259259259259259
0 0.8544560185185185 0.6563464506172839 0.016203703703703703 0.015625
0 0.5033275462962963 0.5490933641975309 0.018229166666666668 0.007137345679012345
0 0.45688657407407407 0.5513117283950617 0.01099537037037037 0.005787037037037037
0 0.43995949074074076 0.5469714506172839 0.01070601851851852 0.00636574074074074
4 0.3609664351851852 0.49787808641975306 0.01244212962962963 0.009645061728395061
2 0.06929976851851852 0.296875 0.021122685185185185 0.03819444444444445
0 0.5959201388888888 0.3343942901234568 0.006655092592592593 0.0036651234567901233
0 0.5954861111111112 0.3558063271604938 0.006944444444444444 0.006751543209876543
0 0.5658275462962963 0.5339506172839507 0.0078125 0.006944444444444444
0 0.5377604166666666 0.22935956790123457 0.01070601851851852 0.005401234567901234
0 0.5026041666666666 0.25241126543209874 0.014467592592592593 0.005979938271604938
0 0.5711805555555556 0.255883487654321 0.008680555555555556 0.0055941358024691355
0 0.6553819444444444 0.2033179012345679 0.008101851851851851 0.005015432098765432
8 0.5390625 0.46672453703703703 0.016203703703703703 0.012152777777777778
8 0.5428240740740741 0.6560570987654321 0.009259259259259259 0.005401234567901234
8 0.5471643518518519 0.6448688271604939 0.01099537037037037 0.006172839506172839
8 0.5235821759259259 0.7058256172839507 0.01244212962962963 0.005787037037037037
8 0.6063368055555556 0.7018711419753086 0.01244212962962963 0.007137345679012345
0 0.31611689814814814 0.6202739197530864 0.008969907407407407 0.004050925925925926
0 0.3113425925925926 0.6243248456790124 0.009259259259259259 0.004822530864197531
8 0.19516782407407407 0.23832947530864199 0.015335648148148149 0.008680555555555556
8 0.24696180555555555 0.24093364197530864 0.014756944444444444 0.008101851851851851
8 0.24638310185185186 0.20437885802469136 0.013020833333333334 0.007523148148148148
8 0.18156828703703703 0.23900462962962962 0.011284722222222222 0.006172839506172839
1 0.2941261574074074 0.22193287037037038 0.006076388888888889 0.003279320987654321
0 0.3407118055555556 0.19164737654320987 0.019965277777777776 0.004822530864197531
6 0.31929976851851855 0.13956404320987653 0.005497685185185185 0.004436728395061728
9 0.37905092592592593 0.1015625 0.01099537037037037 0.007523148148148148
0 0.4496527777777778 0.1232638888888889 0.019097222222222224 0.010802469135802469
0 0.45457175925925924 0.16734182098765432 0.015046296296296295 0.012924382716049383
0 0.4010416666666667 0.27121913580246915 0.013888888888888888 0.009259259259259259
8 0.7413194444444444 0.18875385802469136 0.020833333333333332 0.011766975308641976
1 0.7264178240740741 0.1955054012345679 0.01244212962962963 0.007137345679012345
8 0.6542245370370371 0.23977623456790123 0.011574074074074073 0.008101851851851851
0 0.6995081018518519 0.2802854938271605 0.006655092592592593 0.008487654320987654
8 0.6715856481481481 0.2881944444444444 0.019675925925925927 0.013117283950617283
9 0.5465856481481481 0.32330246913580246 0.015625 0.012345679012345678
8 0.5878182870370371 0.3601466049382716 0.011284722222222222 0.007716049382716049
8 0.4285300925925926 0.40007716049382713 0.019097222222222224 0.014660493827160493
8 0.8302951388888888 0.21942515432098766 0.015335648148148149 0.008680555555555556
8 0.9529803240740741 0.3818479938271605 0.014756944444444444 0.01408179012345679
8 0.9496527777777778 0.44540895061728397 0.009837962962962963 0.008101851851851851
0 0.9593460648148148 0.4529320987654321 0.008391203703703705 0.011188271604938271
8 0.8777488425925926 0.5026041666666666 0.016493055555555556 0.011766975308641976
0 0.7659143518518519 0.6596257716049383 0.01678240740740741 0.014853395061728395
0 0.7317708333333334 0.6651234567901234 0.016203703703703703 0.005787037037037037
0 0.7429108796296297 0.6740933641975309 0.015914351851851853 0.01099537037037037
0 0.6656539351851852 0.7334104938271605 0.01070601851851852 0.007716049382716049
8 0.6148726851851852 0.7162422839506173 0.014467592592592593 0.008487654320987654
0 0.6497395833333334 0.7082368827160493 0.008969907407407407 0.004050925925925926
0 0.5920138888888888 0.6570216049382716 0.006944444444444444 0.009259259259259259
0 0.5878182870370371 0.6710069444444444 0.008969907407407407 0.011766975308641976
0 0.4515335648148148 0.6630979938271605 0.011863425925925927 0.006751543209876543
0 0.4654224537037037 0.671875 0.007233796296296296 0.008101851851851851
0 0.44285300925925924 0.6736111111111112 0.01070601851851852 0.006558641975308642
0 0.3990162037037037 0.6706211419753086 0.01099537037037037 0.006751543209876543
0 0.45124421296296297 0.6943479938271605 0.008969907407407407 0.006751543209876543
8 0.20283564814814814 0.7815393518518519 0.026041666666666668 0.014853395061728395
8 0.16507523148148148 0.7575231481481481 0.015914351851851853 0.010416666666666666
8 0.15031828703703703 0.7816358024691358 0.01707175925925926 0.013503086419753086
8 0.09215856481481481 0.6926118827160493 0.020543981481481483 0.013310185185185185
0 0.04470486111111111 0.5799575617283951 0.015914351851851853 0.01871141975308642
0 0.4749710648148148 0.5115740740740741 0.019386574074074073 0.006944444444444444
0 0.3914930555555556 0.21219135802469136 0.019097222222222224 0.010030864197530864
0 0.24710648148148148 0.2286844135802469 0.00636574074074074 0.005979938271604938
8 0.7421875 0.2446952160493827 0.013310185185185185 0.01099537037037037
8 0.9557291666666666 0.29224537037037035 0.008680555555555556 0.008487654320987654
8 0.9314236111111112 0.31828703703703703 0.014467592592592593 0.015046296296296295
8 0.9269386574074074 0.6990740740740741 0.018229166666666668 0.016589506172839507
8 0.8955439814814815 0.6655092592592593 0.013888888888888888 0.011574074074074073
8 0.8570601851851852 0.7217399691358025 0.016203703703703703 0.015239197530864198
8 0.8897569444444444 0.7114197530864198 0.02488425925925926 0.019290123456790122
8 0.8557581018518519 0.7593557098765432 0.019965277777777776 0.01099537037037037
8 0.8473668981481481 0.7763310185185185 0.013020833333333334 0.00945216049382716
8 0.6990740740740741 0.8396990740740741 0.019097222222222224 0.011574074074074073
8 0.7410300925925926 0.7974537037037037 0.014467592592592593 0.007716049382716049
8 0.6597222222222222 0.8537808641975309 0.02025462962962963 0.018132716049382717
8 0.7666377314814815 0.8258101851851852 0.015335648148148149 0.008101851851851851
0 0.3855613425925926 0.6783371913580247 0.008391203703703705 0.008680555555555556
8 0.06770833333333333 0.6530671296296297 0.013310185185185185 0.012924382716049383
0 0.06221064814814815 0.6027199074074074 0.011574074074074073 0.010609567901234568
1 0.40031828703703703 0.34066358024691357 0.008391203703703705 0.0073302469135802465
8 0.3098958333333333 0.10021219135802469 0.009259259259259259 0.0055941358024691355
0 0.48726851851851855 0.18933256172839505 0.006944444444444444 0.0055941358024691355
8 0.8878761574074074 0.7759452160493827 0.01070601851851852 0.007523148148148148
8 0.8721064814814815 0.7673611111111112 0.010416666666666666 0.007716049382716049
8 0.8988715277777778 0.7525077160493827 0.010127314814814815 0.008487654320987654
8 0.9155092592592593 0.7358217592592593 0.009259259259259259 0.005979938271604938
8 0.6171875 0.8739390432098766 0.016203703703703703 0.00945216049382716
8 0.16652199074074073 0.7791280864197531 0.013020833333333334 0.010802469135802469
0 0.4173900462962963 0.6573109567901234 0.013020833333333334 0.005208333333333333