4 0.4476508120649652 0.5892391304347826 0.004930394431554524 0.005434782608695652
3 0.1583526682134571 0.5628260869565217 0.010440835266821345 0.006521739130434782
3 0.11571925754060325 0.5730434782608695 0.0075406032482598605 0.004782608695652174
3 0.09092227378190255 0.5992391304347826 0.0095707656612529 0.007173913043478261
3 0.08657192575406032 0.5420652173913043 0.008410672853828306 0.008913043478260869
3 0.07105568445475638 0.5392391304347826 0.010440835266821345 0.012826086956521739
3 0.06888051044083526 0.5325 0.006090487238979118 0.004565217391304348
3 0.6635730858468677 0.20956521739130435 0.011020881670533642 0.00826086956521739
3 0.7856728538283063 0.25315217391304345 0.009280742459396751 0.005869565217391304
3 0.8783352668213457 0.46456521739130435 0.02117169373549884 0.01608695652173913
3 0.9399651972157773 0.4775 0.012180974477958236 0.01108695652173913
3 0.9467807424593968 0.5368478260869565 0.0095707656612529 0.008043478260869565
3 0.873114849187935 0.5493478260869565 0.03103248259860789 0.023478260869565216
8 0.3953016241299304 0.7892391304347826 0.0191415313225058 0.016304347826086956
1 0.28915313225058004 0.7696739130434782 0.0069605568445475635 0.005
3 0.21476218097447797 0.7625 0.008410672853828306 0.005434782608695652
3 0.20707656612529002 0.7993478260869565 0.004060324825986079 0.004347826086956522
4 0.3024941995359629 0.9073913043478261 0.0075406032482598605 0.004347826086956522
4 0.45301624129930396 0.9039130434782608 0.009860788863109048 0.006956521739130435
4 0.1379060324825986 0.14141304347826086 0.006670533642691415 0.006304347826086957
0 0.14196635730858467 0.195 0.05017401392111369 0.05347826086956522
1 0.6045533642691415 0.21043478260869566 0.014211136890951276 0.010434782608695653
3 0.41966357308584684 0.5504347826086956 0.009860788863109048 0.007391304347826087
3 0.4781032482598608 0.516195652173913 0.017111368909512762 0.009782608695652175
3 0.5552494199535963 0.5872826086956522 0.013051044083526682 0.012391304347826086
3 0.5303074245939675 0.5479347826086957 0.004350348027842227 0.004565217391304348
3 0.5095707656612529 0.572391304347826 0.00580046403712297 0.00608695652173913
1 0.6534222737819025 0.1575 0.0069605568445475635 0.004565217391304348
1 0.6589327146171694 0.1458695652173913 0.010440835266821345 0.00782608695652174
2 0.48230858468677495 0.2083695652173913 0.0191415313225058 0.01108695652173913
2 0.6023781902552204 0.1391304347826087 0.027842227378190254 0.010869565217391304
1 0.6364559164733179 0.19380434782608696 0.014211136890951276 0.009782608695652175
4 0.4029872389791183 0.6922826086956522 0.008990719257540603 0.005
1 0.28306264501160094 0.15663043478260869 0.010440835266821345 0.008043478260869565
1 0.2060614849187935 0.6539130434782608 0.006670533642691415 0.004347826086956522
1 0.2803074245939675 0.6296739130434783 0.005510440835266821 0.004130434782608695
1 0.8367169373549884 0.643804347826087 0.00580046403712297 0.005
1 0.6824245939675174 0.7889130434782609 0.0069605568445475635 0.004782608695652174
1 0.4244489559164733 0.12282608695652174 0.0095707656612529 0.006956521739130435
1 0.7243329466357309 0.20521739130434782 0.004930394431554524 0.004782608695652174
8 0.7732018561484919 0.6245652173913043 0.012761020881670533 0.009130434782608696
8 0.24840487238979117 0.9123913043478261 0.007830626450116009 0.007391304347826087
1 0.4348897911832947 0.1448913043478261 0.010150812064965197 0.007173913043478261
6 0.36789443155452434 0.17641304347826087 0.006670533642691415 0.005
1 0.35962877030162416 0.16695652173913045 0.00580046403712297 0.00391304347826087
1 0.31888051044083526 0.1776086956521739 0.005510440835266821 0.00608695652173913
0 0.8586136890951276 0.8168478260869565 0.010150812064965197 0.015869565217391305
8 0.4163283062645012 0.9218478260869565 0.017111368909512762 0.012391304347826086
1 0.27059164733178653 0.7654347826086957 0.004640371229698376 0.00391304347826087
1 0.6969257540603249 0.7547826086956522 0.0063805104408352666 0.00391304347826087
1 0.6058584686774942 0.5546739130434782 0.005220417633410673 0.004565217391304348
