8 0.3430974477958237 0.1259782608695652 0.02668213457076566 0.02108695652173913
8 0.2866879350348028 0.1716304347826087 0.02291183294663573 0.01891304347826087
8 0.15211716937354988 0.18880434782608696 0.013051044083526682 0.014130434782608696
8 0.179669373549884 0.14 0.018271461716937356 0.01391304347826087
7 0.48042343387471 0.1973913043478261 0.01769141531322506 0.01956521739130435
8 0.18416473317865428 0.7529347826086956 0.016821345707656612 0.016739130434782607
8 0.19344547563805103 0.7328260869565217 0.008700696055684454 0.007391304347826087
9 0.2302784222737819 0.755 0.015081206496519721 0.014782608695652174
8 0.19359048723897912 0.8040217391304347 0.022331786542923435 0.018043478260869564
8 0.43764501160092806 0.05630434782608695 0.012180974477958236 0.00826086956521739
6 0.4840487238979118 0.0633695652173913 0.0034802784222737818 0.0036956521739130435
0 0.49361948955916474 0.20532608695652174 0.0063805104408352666 0.009782608695652175
0 0.5050754060324826 0.23434782608695653 0.026392111368909513 0.04521739130434783
0 0.4756380510440835 0.33369565217391306 0.010440835266821345 0.012608695652173913
0 0.7972737819025522 0.5293478260869565 0.02668213457076566 0.015217391304347827
0 0.8409222737819025 0.5319565217391304 0.018271461716937356 0.011304347826086957
0 0.8444025522041764 0.5627173913043478 0.01537122969837587 0.012826086956521739
0 0.873114849187935 0.5576086956521739 0.013051044083526682 0.016956521739130436
0 0.861368909512761 0.5795652173913044 0.013921113689095127 0.013043478260869565
0 0.8185904872389791 0.568695652173913 0.01537122969837587 0.014782608695652174
0 0.7845127610208816 0.5489130434782609 0.011020881670533642 0.01
0 0.8158352668213457 0.6518478260869566 0.015081206496519721 0.024130434782608696
2 0.8169953596287703 0.6455434782608696 0.009860788863109048 0.008478260869565218
0 0.8771751740139211 0.6028260869565217 0.020011600928074247 0.03739130434782609
0 0.8662993039443155 0.6296739130434783 0.012761020881670533 0.016739130434782607
2 0.33802204176334105 0.7035869565217391 0.02117169373549884 0.026304347826086958
0 0.13776102088167053 0.6377173913043478 0.033642691415313224 0.014130434782608696
0 0.15632250580046403 0.6066304347826087 0.015661252900232018 0.015869565217391305
0 0.1892401392111369 0.5926086956521739 0.01537122969837587 0.018695652173913044
2 0.08628190255220418 0.5780434782608695 0.014211136890951276 0.013043478260869565
0 0.22230278422273783 0.6523913043478261 0.01943155452436195 0.013478260869565217
0 0.18822505800464037 0.641195652173913 0.02320185614849188 0.02108695652173913
8 0.4328596287703016 0.47880434782608694 0.02291183294663573 0.016739130434782607
0 0.4505510440835267 0.5781521739130435 0.011890951276102088 0.011521739130434782
8 0.2766821345707657 0.7556521739130435 0.014501160092807424 0.010434782608695653
8 0.831931554524362 0.8636956521739131 0.02117169373549884 0.025652173913043478
8 0.8029292343387471 0.8353260869565218 0.015951276102088168 0.01847826086956522
8 0.8191705336426914 0.7934782608695652 0.02349187935034803 0.02
0 0.8661542923433875 0.6748913043478261 0.026392111368909513 0.03282608695652174
8 0.7001160092807425 0.7064130434782608 0.01740139211136891 0.011521739130434782
6 0.7121519721577726 0.6067391304347826 0.008990719257540603 0.007391304347826087
4 0.12151972157772621 0.09130434782608696 0.010440835266821345 0.00826086956521739
8 0.09382250580046404 0.2333695652173913 0.01131090487238979 0.011521739130434782
4 0.1277552204176334 0.4075 0.005510440835266821 0.004130434782608695
0 0.18227958236658934 0.5147826086956522 0.018271461716937356 0.008695652173913044
0 0.21026682134570765 0.5291304347826087 0.026102088167053363 0.023478260869565216
0 0.18416473317865428 0.5635869565217392 0.015661252900232018 0.014565217391304348
2 0.2556554524361949 0.8467391304347827 0.021751740139211138 0.026521739130434784
2 0.34135730858468677 0.923804347826087 0.04466357308584687 0.019782608695652175
8 0.5575696055684455 0.5522826086956522 0.010730858468677494 0.008913043478260869
4 0.701131090487239 0.42880434782608695 0.013631090487238979 0.008478260869565218
8 0.8961716937354989 0.4423913043478261 0.020301624129930394 0.017391304347826087
0 0.9164733178654292 0.42978260869565216 0.005220417633410673 0.006521739130434782
0 0.878915313225058 0.5192391304347826 0.012470997679814385 0.015
0 0.6396461716937355 0.5396739130434782 0.010150812064965197 0.015434782608695652
8 0.5530742459396751 0.07608695652173914 0.015661252900232018 0.009130434782608696
0 0.5266821345707656 0.2752173913043478 0.025522041763341066 0.029565217391304348
8 0.41357308584686775 0.41043478260869565 0.00580046403712297 0.004782608695652174
0 0.4612819025522042 0.5135869565217391 0.010150812064965197 0.01108695652173913
6 0.49680974477958234 0.4935869565217391 0.004640371229698376 0.0036956521739130435
6 0.5031902552204176 0.4907608695652174 0.0034802784222737818 0.002391304347826087
6 0.4775232018561485 0.5017391304347826 0.004930394431554524 0.0034782608695652175
6 0.48042343387471 0.5078260869565218 0.005510440835266821 0.00391304347826087
6 0.4911542923433875 0.513804347826087 0.004930394431554524 0.0036956521739130435
6 0.5105858468677494 0.5192391304347826 0.0031902552204176333 0.002826086956521739
6 0.4976798143851508 0.5291304347826087 0.005220417633410673 0.0034782608695652175
6 0.49680974477958234 0.5364130434782609 0.004640371229698376 0.003260869565217391
6 0.5042053364269141 0.5395652173913044 0.004930394431554524 0.0034782608695652175
6 0.4701276102088167 0.4723913043478261 0.005220417633410673 0.004347826086956522
6 0.46244199535962877 0.4867391304347826 0.004350348027842227 0.003043478260869565
6 0.4831786542923434 0.4910869565217391 0.0034802784222737818 0.003043478260869565
6 0.5013051044083526 0.46 0.004350348027842227 0.00391304347826087
6 0.5033352668213457 0.4464130434782609 0.005510440835266821 0.0036956521739130435
6 0.5017401392111369 0.45293478260869563 0.004060324825986079 0.002826086956521739
6 0.5107308584686775 0.45260869565217393 0.0034802784222737818 0.003043478260869565
6 0.48230858468677495 0.4467391304347826 0.005220417633410673 0.0034782608695652175
6 0.47041763341067283 0.4801086956521739 0.0034802784222737818 0.0036956521739130435
6 0.5014501160092807 0.5244565217391305 0.004060324825986079 0.003260869565217391
0 0.5127610208816705 0.5410869565217391 0.009280742459396751 0.010434782608695653
0 0.5171113689095128 0.5270652173913043 0.009280742459396751 0.015869565217391305
6 0.5104408352668214 0.4364130434782609 0.004060324825986079 0.003260869565217391
0 0.5304524361948956 0.4514130434782609 0.009280742459396751 0.010652173913043479
6 0.494199535962877 0.4404347826086957 0.004640371229698376 0.0026086956521739132
6 0.4741879350348028 0.4631521739130435 0.004640371229698376 0.0036956521739130435
8 0.44504060324825984 0.41739130434782606 0.004930394431554524 0.0034782608695652175
0 0.7589907192575406 0.6967391304347826 0.019721577726218097 0.012608695652173913
8 0.08642691415313225 0.47054347826086956 0.012761020881670533 0.009347826086956522
0 0.1115139211136891 0.5355434782608696 0.014211136890951276 0.012391304347826086
0 0.15922273781902552 0.6620652173913043 0.012761020881670533 0.011956521739130435
0 0.14994199535962877 0.6293478260869565 0.009860788863109048 0.009130434782608696
0 0.15284222737819025 0.6495652173913044 0.01160092807424594 0.008695652173913044
0 0.15327726218097448 0.5521739130434783 0.011890951276102088 0.009565217391304347
0 0.14066125290023201 0.5560869565217391 0.014501160092807424 0.013043478260869565
0 0.12427494199535963 0.5589130434782609 0.0095707656612529 0.00782608695652174
4 0.6731438515081206 0.09923913043478261 0.015081206496519721 0.010652173913043479
0 0.6252900232018561 0.8997826086956522 0.011020881670533642 0.01217391304347826
0 0.7249129930394431 0.8178260869565217 0.013051044083526682 0.00826086956521739
0 0.7230278422273781 0.8375 0.016821345707656612 0.006304347826086957
0 0.20229118329466358 0.5879347826086957 0.012470997679814385 0.014565217391304348
0 0.8958816705336426 0.2982608695652174 0.027842227378190254 0.03739130434782609
0 0.9231438515081206 0.4603260869565217 0.01740139211136891 0.017608695652173913
0 0.8971867749419954 0.6210869565217392 0.021751740139211138 0.030869565217391304
0 0.8557134570765661 0.6066304347826087 0.018851508120649653 0.015869565217391305
6 0.23491879350348027 0.1648913043478261 0.00580046403712297 0.004130434782608695
1 0.2740719257540603 0.19010869565217392 0.0075406032482598605 0.005869565217391304
8 0.14269141531322505 0.04456521739130435 0.009860788863109048 0.01
6 0.35005800464037123 0.15695652173913044 0.008700696055684454 0.00608695652173913
0 0.37746519721577726 0.215 0.004930394431554524 0.008695652173913044
0 0.5495939675174014 0.19152173913043477 0.0075406032482598605 0.006956521739130435
6 0.6709686774941995 0.15739130434782608 0.008410672853828306 0.004782608695652174
1 0.6071635730858469 0.13217391304347825 0.004930394431554524 0.00391304347826087
6 0.6567575406032483 0.11152173913043478 0.006670533642691415 0.004347826086956522
6 0.7378190255220418 0.17119565217391305 0.00580046403712297 0.0036956521739130435
8 0.89457656612529 0.16043478260869565 0.013051044083526682 0.01217391304347826
8 0.9142981438515081 0.18184782608695652 0.006090487238979118 0.008913043478260869
8 0.9227088167053364 0.1992391304347826 0.007830626450116009 0.01108695652173913
8 0.9077726218097448 0.26521739130434785 0.014501160092807424 0.016956521739130436
6 0.4792633410672854 0.40695652173913044 0.004930394431554524 0.003043478260869565
8 0.3839907192575406 0.5114130434782609 0.012180974477958236 0.011956521739130435
0 0.13051044083526683 0.49271739130434783 0.01334106728538283 0.010652173913043479
0 0.22215777262180975 0.5053260869565217 0.025522041763341066 0.007608695652173913
1 0.07482598607888631 0.5373913043478261 0.00580046403712297 0.009565217391304347
0 0.22027262180974477 0.5809782608695652 0.013631090487238979 0.009347826086956522
0 0.2257830626450116 0.586195652173913 0.01769141531322506 0.012391304347826086
0 0.20562645011600927 0.5664130434782608 0.01160092807424594 0.011956521739130435
0 0.2021461716937355 0.6053260869565218 0.019721577726218097 0.013695652173913043
0 0.21258700696055685 0.6077173913043479 0.015661252900232018 0.013260869565217392
0 0.21853248259860789 0.6117391304347826 0.01131090487238979 0.010869565217391304
0 0.2269431554524362 0.63 0.0095707656612529 0.01
0 0.10121809744779582 0.6555434782608696 0.0075406032482598605 0.013260869565217392
0 0.10049303944315545 0.615 0.013631090487238979 0.010869565217391304
0 0.09556264501160093 0.6326086956521739 0.016531322505800465 0.02
0 0.13109048723897912 0.7072826086956522 0.01334106728538283 0.013695652173913043
8 0.1115139211136891 0.7053260869565218 0.008990719257540603 0.010652173913043479
0 0.17444895591647333 0.707391304347826 0.010730858468677494 0.00782608695652174
0 0.17125870069605567 0.6705434782608696 0.0095707656612529 0.008043478260869565
0 0.21200696055684454 0.6921739130434783 0.014501160092807424 0.011304347826086957
8 0.24260440835266822 0.7255434782608695 0.0095707656612529 0.007608695652173913
0 0.2150522041763341 0.7368478260869565 0.016531322505800465 0.012826086956521739
8 0.16545823665893272 0.9066304347826087 0.014791183294663572 0.020217391304347826
0 0.691415313225058 0.8878260869565218 0.013921113689095127 0.014782608695652174
0 0.6473317865429234 0.899891304347826 0.016821345707656612 0.007173913043478261
0 0.7882830626450116 0.6885869565217392 0.020301624129930394 0.01717391304347826
8 0.921838747099768 0.7117391304347827 0.014211136890951276 0.013478260869565217
0 0.8764501160092807 0.6545652173913044 0.010440835266821345 0.009565217391304347
0 0.7526102088167054 0.5982608695652174 0.010440835266821345 0.006521739130434782
0 0.7848027842227379 0.5943478260869566 0.009860788863109048 0.011739130434782608
0 0.7784222737819025 0.5984782608695652 0.008700696055684454 0.009565217391304347
0 0.7485498839907193 0.5664130434782608 0.01160092807424594 0.009347826086956522
0 0.8172853828306265 0.6701086956521739 0.009860788863109048 0.010217391304347826
0 0.7884280742459396 0.6557608695652174 0.008990719257540603 0.006739130434782609
0 0.8735498839907193 0.6365217391304347 0.021461716937354988 0.03304347826086956
0 0.8151102088167054 0.5818478260869565 0.018851508120649653 0.020652173913043477
0 0.64457656612529 0.4945652173913043 0.006090487238979118 0.006521739130434782
8 0.04741879350348028 0.1501086956521739 0.007250580046403712 0.008913043478260869
8 0.06017981438515081 0.2241304347826087 0.013051044083526682 0.014782608695652174
8 0.3185904872389791 0.04608695652173913 0.010150812064965197 0.00782608695652174
1 0.2962587006960557 0.08978260869565217 0.007250580046403712 0.00391304347826087
6 0.28364269141531323 0.13978260869565218 0.00580046403712297 0.004782608695652174
8 0.4285092807424594 0.049130434782608694 0.013051044083526682 0.008695652173913044
0 0.1734338747099768 0.5792391304347826 0.012180974477958236 0.009782608695652175
0 0.11847447795823667 0.5251086956521739 0.010150812064965197 0.005434782608695652
8 0.12354988399071926 0.7110869565217391 0.009280742459396751 0.015217391304347827
0 0.20432134570765662 0.6604347826086957 0.010150812064965197 0.006521739130434782
0 0.18445475638051045 0.6739130434782609 0.009860788863109048 0.009130434782608696
0 0.17662412993039442 0.6561956521739131 0.0069605568445475635 0.016304347826086956
0 0.2122969837587007 0.7240217391304348 0.0069605568445475635 0.008913043478260869
0 0.1671983758700696 0.6413043478260869 0.010730858468677494 0.007391304347826087
0 0.14457656612529002 0.6184782608695653 0.010150812064965197 0.008695652173913044
0 0.23781902552204176 0.835 0.009280742459396751 0.004782608695652174
0 0.238254060324826 0.8417391304347827 0.006670533642691415 0.004782608695652174
8 0.8288863109048724 0.7520652173913044 0.020301624129930394 0.01847826086956522
8 0.8800754060324826 0.7761956521739131 0.0095707656612529 0.008478260869565218
8 0.8042343387470998 0.8693478260869565 0.018561484918793503 0.009130434782608696
0 0.7505800464037123 0.6883695652173913 0.0075406032482598605 0.008478260869565218
0 0.7510150812064965 0.6310869565217392 0.012470997679814385 0.00782608695652174
0 0.7717517401392111 0.6671739130434783 0.012761020881670533 0.006956521739130435
0 0.7546403712296984 0.6184782608695653 0.034222737819025524 0.02
0 0.6029582366589327 0.5023913043478261 0.012761020881670533 0.014782608695652174
6 0.7037412993039444 0.5117391304347826 0.004930394431554524 0.0052173913043478265
0 0.7257830626450116 0.5307608695652174 0.014791183294663572 0.011521739130434782
0 0.662122969837587 0.5722826086956522 0.009860788863109048 0.004565217391304348
0 0.7717517401392111 0.5221739130434783 0.008120649651972157 0.009565217391304347
0 0.8388921113689095 0.5868478260869565 0.01131090487238979 0.009347826086956522
8 0.8467227378190255 0.8051086956521739 0.021751740139211138 0.016739130434782607
8 0.820185614849188 0.04108695652173913 0.018561484918793503 0.018260869565217393
8 0.018851508120649653 0.3055434782608696 0.01334106728538283 0.023695652173913045
0 0.045968677494199535 0.28554347826086957 0.01131090487238979 0.015434782608695652
0 0.5084106728538283 0.02467391304347826 0.025522041763341066 0.016304347826086956
0 0.894431554524362 0.3978260869565217 0.01334106728538283 0.00608695652173913
8 0.9211136890951276 0.48739130434782607 0.008120649651972157 0.00826086956521739
0 0.890516241299304 0.4910869565217391 0.01537122969837587 0.010869565217391304
0 0.8338167053364269 0.6378260869565218 0.009280742459396751 0.008695652173913044
0 0.824245939675174 0.6430434782608696 0.0191415313225058 0.014782608695652174
0 0.8370069605568445 0.6583695652173913 0.0069605568445475635 0.007608695652173913
0 0.8267111368909513 0.6544565217391304 0.012470997679814385 0.008913043478260869
0 0.8895011600928074 0.6631521739130435 0.011020881670533642 0.015869565217391305
0 0.8839907192575406 0.6890217391304347 0.019721577726218097 0.03282608695652174
0 0.8390371229698376 0.6080434782608696 0.011020881670533642 0.01
0 0.6993909512761021 0.6354347826086957 0.01131090487238979 0.010869565217391304
0 0.7112819025522041 0.6469565217391304 0.020011600928074247 0.012608695652173913
0 0.8119199535962877 0.5485869565217392 0.029292343387470998 0.018043478260869564
0 0.7652262180974478 0.9028260869565218 0.008990719257540603 0.01217391304347826
0 0.07511600928074245 0.6563043478260869 0.0069605568445475635 0.015217391304347827
0 0.08512180974477958 0.6785869565217392 0.01131090487238979 0.026304347826086958
0 0.19011020881670534 0.6906521739130435 0.01131090487238979 0.009565217391304347
0 0.20374129930394433 0.48239130434782607 0.02117169373549884 0.018260869565217393
0 0.22766821345707658 0.918804347826087 0.025522041763341066 0.01717391304347826
1 0.14312645011600927 0.8468478260869565 0.004350348027842227 0.003260869565217391
8 0.07352088167053364 0.20326086956521738 0.006090487238979118 0.00608695652173913
