8 0.3069895591647332 0.17717391304347826 0.0095707656612529 0.00782608695652174
1 0.326131090487239 0.28989130434782606 0.007830626450116009 0.005869565217391304
1 0.7790023201856149 0.24369565217391304 0.004640371229698376 0.004347826086956522
1 0.6598027842227379 0.1790217391304348 0.005220417633410673 0.003260869565217391
1 0.5081206496519721 0.32608695652173914 0.0075406032482598605 0.004782608695652174
8 0.5044953596287703 0.37478260869565216 0.008990719257540603 0.00608695652173913
8 0.30321925754060325 0.5572826086956522 0.01943155452436195 0.010652173913043479
8 0.25870069605568446 0.6353260869565217 0.010440835266821345 0.008913043478260869
8 0.10223317865429234 0.6185869565217391 0.020591647331786544 0.013260869565217392
8 0.1587877030162413 0.7781521739130435 0.01537122969837587 0.014130434782608696
1 0.23970417633410673 0.6882608695652174 0.004930394431554524 0.004347826086956522
4 0.6110788863109049 0.6296739130434783 0.0075406032482598605 0.010217391304347826
1 0.3580336426914153 0.6732608695652174 0.008410672853828306 0.006521739130434782
1 0.35962877030162416 0.6796739130434782 0.0075406032482598605 0.005
8 0.34933294663573083 0.6592391304347827 0.007250580046403712 0.007173913043478261
8 0.6989559164733179 0.6126086956521739 0.01334106728538283 0.010434782608695653
1 0.6355858468677494 0.6685869565217392 0.0031902552204176333 0.004565217391304348
1 0.6223897911832946 0.6727173913043478 0.004640371229698376 0.002826086956521739
1 0.6461716937354989 0.5498913043478261 0.0075406032482598605 0.005869565217391304
1 0.6167343387470998 0.5703260869565218 0.0037703016241299302 0.003260869565217391
1 0.8620939675174014 0.5184782608695652 0.005510440835266821 0.004782608695652174
5 0.9312645011600929 0.5229347826086956 0.015661252900232018 0.07065217391304347
0 0.4791183294663573 0.3101086956521739 0.011020881670533642 0.008043478260869565
1 0.1728538283062645 0.47945652173913045 0.005220417633410673 0.004130434782608695
1 0.6995359628770301 0.21239130434782608 0.005220417633410673 0.00391304347826087
8 0.5375580046403712 0.20358695652173914 0.008990719257540603 0.006304347826086957
8 0.32511600928074247 0.7139130434782609 0.00580046403712297 0.006521739130434782
8 0.3062645011600928 0.768695652173913 0.009860788863109048 0.006956521739130435
8 0.6966357308584686 0.24967391304347827 0.010440835266821345 0.007608695652173913
8 0.7581206496519721 0.175 0.00580046403712297 0.006956521739130435
1 0.8120649651972158 0.524891304347826 0.002320185614849188 0.002391304347826087
1 0.7868329466357309 0.5121739130434783 0.004060324825986079 0.002173913043478261
1 0.791038283062645 0.5220652173913043 0.0031902552204176333 0.002391304347826087
1 0.8043793503480279 0.42380434782608695 0.0026102088167053363 0.002391304347826087
8 0.8251160092807425 0.6285869565217391 0.010440835266821345 0.008913043478260869
8 0.22099767981438515 0.7064130434782608 0.014501160092807424 0.011521739130434782
1 0.7704466357308585 0.6722826086956522 0.007250580046403712 0.005869565217391304
6 0.22998839907192575 0.6693478260869565 0.0063805104408352666 0.0052173913043478265
8 0.2746519721577726 0.1923913043478261 0.010440835266821345 0.007391304347826087
0 0.09324245939675174 0.29478260869565215 0.07047563805104408 0.07521739130434782
0 0.722592807424594 0.15945652173913044 0.03335266821345707 0.01934782608695652
0 0.7252030162412993 0.19717391304347825 0.026392111368909513 0.018260869565217393
1 0.5687354988399071 0.23206521739130434 0.00580046403712297 0.004565217391304348
8 0.9166183294663574 0.455 0.010730858468677494 0.013478260869565217
0 0.7281032482598608 0.6232608695652174 0.016531322505800465 0.008695652173913044
6 0.7427494199535963 0.6232608695652174 0.0063805104408352666 0.004782608695652174
1 0.3760150812064965 0.8865217391304347 0.007830626450116009 0.0052173913043478265
1 0.37645011600928074 0.9022826086956521 0.008120649651972157 0.007608695652173913
8 0.28596287703016243 0.8228260869565217 0.009280742459396751 0.007391304347826087
1 0.32076566125290024 0.5769565217391305 0.0191415313225058 0.010869565217391304
0 0.8146751740139211 0.2569565217391304 0.02262180974477958 0.024782608695652172
0 0.8805104408352669 0.3106521739130435 0.03596287703016241 0.05478260869565217
8 0.267546403712297 0.23869565217391303 0.01537122969837587 0.013043478260869565
0 0.3948665893271462 0.24119565217391303 0.010150812064965197 0.005434782608695652
8 0.5108758700696056 0.17315217391304347 0.0095707656612529 0.005869565217391304
8 0.38370069605568446 0.478695652173913 0.009860788863109048 0.007391304347826087
1 0.19170533642691415 0.6565217391304348 0.008120649651972157 0.006521739130434782
1 0.2921983758700696 0.86 0.010730858468677494 0.006956521739130435
1 0.2672563805104408 0.8636956521739131 0.0031902552204176333 0.003043478260869565
0 0.35542343387471 0.758695652173913 0.005510440835266821 0.006521739130434782
8 0.6948955916473318 0.9409782608695653 0.015081206496519721 0.01847826086956522
8 0.8098897911832946 0.8111956521739131 0.015951276102088168 0.015869565217391305
1 0.5237819025522041 0.5772826086956522 0.005220417633410673 0.004565217391304348
1 0.5107308584686775 0.5692391304347826 0.004640371229698376 0.003260869565217391
8 0.6944605568445475 0.16108695652173913 0.007250580046403712 0.005652173913043478
1 0.7917633410672854 0.5484782608695652 0.0075406032482598605 0.0052173913043478265
1 0.6638631090487239 0.9013043478260869 0.0069605568445475635 0.0052173913043478265
1 0.3306264501160093 0.8897826086956522 0.004640371229698376 0.0026086956521739132