4 0.7475348027842227 0.19641304347826086 0.01537122969837587 0.015869565217391305
6 0.42981438515081205 0.23119565217391305 0.009280742459396751 0.007608695652173913
0 0.44228538283062646 0.22456521739130436 0.022041763341067284 0.011739130434782608
0 0.40907772621809746 0.21043478260869566 0.010730858468677494 0.007391304347826087
0 0.38486078886310904 0.1766304347826087 0.010440835266821345 0.006304347826086957
0 0.40458236658932717 0.16619565217391305 0.014501160092807424 0.007173913043478261
0 0.6355858468677494 0.23032608695652174 0.01537122969837587 0.013695652173913043
0 0.6651682134570766 0.2382608695652174 0.029292343387470998 0.03173913043478261
6 0.6290603248259861 0.2115217391304348 0.004640371229698376 0.004782608695652174
0 0.5949825986078886 0.19978260869565218 0.021751740139211138 0.013478260869565217
7 0.6497969837587007 0.20956521739130435 0.0867169373549884 0.01956521739130435
0 0.5961426914153132 0.2591304347826087 0.01943155452436195 0.006521739130434782
0 0.6109338747099768 0.2483695652173913 0.014791183294663572 0.02326086956521739
0 0.5887470997679815 0.24065217391304347 0.015081206496519721 0.014347826086956521
8 0.4709976798143852 0.2806521739130435 0.012180974477958236 0.010434782608695653
9 0.4837587006960557 0.2991304347826087 0.008120649651972157 0.005652173913043478
0 0.5179814385150812 0.3081521739130435 0.0075406032482598605 0.006739130434782609
0 0.5427784222737819 0.3883695652173913 0.018851508120649653 0.007608695652173913
0 0.5458236658932715 0.3982608695652174 0.0063805104408352666 0.010434782608695653
0 0.5678654292343387 0.415 0.014501160092807424 0.02434782608695652
0 0.5224767981438515 0.42369565217391303 0.02291183294663573 0.00826086956521739
0 0.5464037122969838 0.4265217391304348 0.010440835266821345 0.006956521739130435
1 0.45142111368909515 0.38858695652173914 0.010150812064965197 0.006739130434782609
0 0.45200116009280744 0.40880434782608693 0.01131090487238979 0.007608695652173913
0 0.45678654292343385 0.37543478260869567 0.014501160092807424 0.007391304347826087
0 0.6065835266821346 0.37228260869565216 0.016531322505800465 0.010217391304347826
0 0.132830626450116 0.31217391304347825 0.022041763341067284 0.02391304347826087
3 0.1058584686774942 0.43293478260869567 0.0063805104408352666 0.005434782608695652
4 0.10846867749419954 0.4731521739130435 0.008700696055684454 0.006739130434782609
4 0.0810614849187935 0.4606521739130435 0.006090487238979118 0.00608695652173913
3 0.05930974477958237 0.5246739130434782 0.014211136890951276 0.010652173913043479
3 0.08236658932714618 0.5183695652173913 0.009860788863109048 0.009347826086956522
3 0.14095127610208816 0.4835869565217391 0.0063805104408352666 0.005434782608695652
3 0.14515661252900233 0.4771739130434783 0.0095707656612529 0.006956521739130435
3 0.11339907192575406 0.49217391304347824 0.002900232018561485 0.0026086956521739132
3 0.11687935034802784 0.4956521739130435 0.004060324825986079 0.0026086956521739132
3 0.09019721577726218 0.4666304347826087 0.005220417633410673 0.0036956521739130435
3 0.23970417633410673 0.5201086956521739 0.011890951276102088 0.008043478260869565
8 0.22592807424593966 0.5293478260869565 0.00580046403712297 0.0052173913043478265
3 0.38529582366589327 0.5260869565217391 0.04437354988399072 0.024782608695652172
3 0.4419953596287703 0.5473913043478261 0.012761020881670533 0.01
3 0.42082366589327147 0.5007608695652174 0.008120649651972157 0.005
3 0.48506380510440833 0.49228260869565216 0.006670533642691415 0.006304347826086957
3 0.49289443155452434 0.47358695652173916 0.004930394431554524 0.007608695652173913
3 0.5307424593967517 0.4727173913043478 0.008700696055684454 0.005434782608695652
3 0.4470707656612529 0.4882608695652174 0.005510440835266821 0.0052173913043478265
3 0.43604988399071926 0.5156521739130435 0.013631090487238979 0.009130434782608696
3 0.4176334106728538 0.5107608695652174 0.0191415313225058 0.008478260869565218
3 0.5909222737819025 0.49119565217391303 0.01131090487238979 0.007608695652173913
3 0.5970127610208816 0.5118478260869566 0.008990719257540603 0.008913043478260869
3 0.5867169373549884 0.5180434782608696 0.004640371229698376 0.004782608695652174
3 0.5964327146171694 0.5291304347826087 0.005510440835266821 0.004347826086956522
3 0.6596577726218097 0.5393478260869565 0.006090487238979118 0.005652173913043478
6 0.8842807424593968 0.581304347826087 0.0069605568445475635 0.0052173913043478265
3 0.9341647331786543 0.5133695652173913 0.0063805104408352666 0.009347826086956522
3 0.8995069605568445 0.503804347826087 0.004930394431554524 0.005
3 0.9176334106728539 0.5181521739130435 0.00580046403712297 0.005
3 0.8776102088167054 0.5146739130434783 0.005220417633410673 0.008043478260869565
3 0.9047273781902552 0.5405434782608696 0.005510440835266821 0.005869565217391304
3 0.8739849187935035 0.6009782608695652 0.0037703016241299302 0.004565217391304348
3 0.8602088167053364 0.5784782608695652 0.004640371229698376 0.00391304347826087
3 0.5680104408352669 0.5377173913043478 0.008990719257540603 0.006304347826086957
3 0.5832366589327146 0.5584782608695652 0.009280742459396751 0.005652173913043478
3 0.623114849187935 0.5411956521739131 0.005510440835266821 0.006304347826086957
6 0.6263051044083526 0.5693478260869566 0.005510440835266821 0.004347826086956522
3 0.60542343387471 0.5945652173913043 0.007250580046403712 0.007391304347826087
3 0.4802784222737819 0.6355434782608695 0.01160092807424594 0.009347826086956522
3 0.5300174013921114 0.6557608695652174 0.012470997679814385 0.009347826086956522
3 0.5668503480278422 0.6614130434782609 0.013051044083526682 0.007608695652173913
3 0.41690835266821347 0.6317391304347826 0.007830626450116009 0.007391304347826087
3 0.43155452436194897 0.6523913043478261 0.009280742459396751 0.008695652173913044
3 0.3992169373549884 0.6661956521739131 0.010150812064965197 0.007173913043478261
3 0.47505800464037123 0.6670652173913043 0.011020881670533642 0.006739130434782609
3 0.11441415313225058 0.5918478260869565 0.008990719257540603 0.01108695652173913
4 0.34382250580046403 0.7447826086956522 0.004930394431554524 0.0034782608695652175
8 0.26377610208816704 0.5575 0.016531322505800465 0.010652173913043479
3 0.1357308584686775 0.3648913043478261 0.012180974477958236 0.011521739130434782
6 0.5424883990719258 0.16315217391304349 0.007830626450116009 0.005434782608695652
1 0.7618909512761021 0.14032608695652174 0.009280742459396751 0.005434782608695652
1 0.7866879350348028 0.22369565217391305 0.005510440835266821 0.00391304347826087
0 0.8462877030162413 0.30043478260869566 0.013921113689095127 0.01956521739130435
0 0.9417053364269141 0.38 0.012761020881670533 0.03608695652173913
0 0.9169083526682135 0.40891304347826085 0.007830626450116009 0.014347826086956521
3 0.8954466357308585 0.41108695652173916 0.007830626450116009 0.006521739130434782
2 0.4105278422273782 0.605 0.01943155452436195 0.019130434782608695
2 0.396461716937355 0.8997826086956522 0.016821345707656612 0.009130434782608696
1 0.4077726218097448 0.7841304347826087 0.00580046403712297 0.004347826086956522
0 0.5107308584686775 0.358695652173913 0.008120649651972157 0.003043478260869565
0 0.38993619489559167 0.18358695652173912 0.006090487238979118 0.0036956521739130435
8 0.9373549883990719 0.41695652173913045 0.00580046403712297 0.00608695652173913
1 0.6670533642691415 0.19032608695652173 0.009280742459396751 0.006739130434782609
0 0.6341357308584686 0.2516304347826087 0.015951276102088168 0.016739130434782607
0 0.6441415313225058 0.2818478260869565 0.010440835266821345 0.008913043478260869
0 0.683584686774942 0.2640217391304348 0.009280742459396751 0.01108695652173913
1 0.7914733178654292 0.18565217391304348 0.0069605568445475635 0.004782608695652174
1 0.8017691415313225 0.19141304347826088 0.006090487238979118 0.005
1 0.861368909512761 0.23967391304347826 0.004640371229698376 0.005
1 0.843677494199536 0.27597826086956523 0.0063805104408352666 0.006304347826086957
0 0.4177784222737819 0.5391304347826087 0.016531322505800465 0.011304347826086957
0 0.2803074245939675 0.6433695652173913 0.015951276102088168 0.006304347826086957
1 0.17618909512761022 0.5303260869565217 0.007250580046403712 0.005
8 0.5945475638051044 0.9014130434782609 0.011020881670533642 0.005869565217391304
0 0.45287122969837584 0.3640217391304348 0.012470997679814385 0.006304347826086957
6 0.5764211136890951 0.28097826086956523 0.004350348027842227 0.003260869565217391
0 0.593677494199536 0.2722826086956522 0.016821345707656612 0.011521739130434782
1 0.6957656612529002 0.12184782608695652 0.0069605568445475635 0.005434782608695652
1 0.6873549883990719 0.9054347826086957 0.018561484918793503 0.017391304347826087
0 0.3792053364269142 0.5835869565217391 0.010150812064965197 0.008478260869565218
1 0.11934454756380511 0.5544565217391304 0.007250580046403712 0.004565217391304348
1 0.057569605568445474 0.4898913043478261 0.005510440835266821 0.004565217391304348
8 0.061629930394431556 0.4340217391304348 0.010730858468677494 0.011521739130434782
7 0.6141241299303944 0.7734782608695652 0.02697215777262181 0.018695652173913044
0 0.07497099767981438 0.35391304347826086 0.013631090487238979 0.018695652173913044
0 0.4228538283062645 0.21804347826086956 0.011020881670533642 0.006521739130434782
0 0.537122969837587 0.22304347826086957 0.0034802784222737818 0.003043478260869565
0 0.5382830626450116 0.21858695652173912 0.005220417633410673 0.002391304347826087
6 0.3119199535962877 0.7169565217391304 0.005510440835266821 0.0034782608695652175
2 0.404292343387471 0.9143478260869565 0.023781902552204175 0.00826086956521739
0 0.4970997679814385 0.2803260869565217 0.012761020881670533 0.01891304347826087
0 0.5129060324825986 0.19652173913043477 0.007830626450116009 0.009130434782608696
0 0.5073955916473318 0.20402173913043478 0.006670533642691415 0.005
