3 0.20707656612529002 0.5208695652173913 0.011020881670533642 0.01217391304347826
8 0.07439095127610208 0.5789130434782609 0.020591647331786544 0.02391304347826087
8 0.21940255220417634 0.678804347826087 0.018851508120649653 0.015
8 0.2476798143851508 0.6527173913043478 0.015661252900232018 0.010652173913043479
0 0.22607308584686775 0.641195652173913 0.018271461716937356 0.009347826086956522
8 0.8561484918793504 0.5767391304347826 0.02494199535962877 0.017826086956521738
8 0.685614849187935 0.7198913043478261 0.021461716937354988 0.020217391304347826
9 0.7879930394431555 0.693695652173913 0.02088167053364269 0.018695652173913044
9 0.8645591647331786 0.7386956521739131 0.011020881670533642 0.01565217391304348
8 0.34266241299303946 0.12554347826086956 0.016531322505800465 0.011521739130434782
9 0.4186484918793503 0.17521739130434782 0.016531322505800465 0.010434782608695653
8 0.7095417633410673 0.13945652173913042 0.008990719257540603 0.005434782608695652
3 0.5609048723897911 0.43130434782608695 0.012761020881670533 0.011739130434782608
3 0.5556844547563805 0.4603260869565217 0.0075406032482598605 0.008043478260869565
3 0.5432134570765661 0.44554347826086954 0.009280742459396751 0.007608695652173913
3 0.5524941995359629 0.4454347826086957 0.0063805104408352666 0.004347826086956522
3 0.5704756380510441 0.45858695652173914 0.011020881670533642 0.011956521739130435
1 0.19518561484918792 0.46554347826086956 0.00580046403712297 0.004130434782608695
1 0.37529002320185617 0.11652173913043479 0.01160092807424594 0.00608695652173913
4 0.4911542923433875 0.051630434782608696 0.012470997679814385 0.006739130434782609
4 0.6930104408352669 0.14728260869565218 0.013051044083526682 0.008478260869565218
4 0.7433294663573086 0.3314130434782609 0.009280742459396751 0.005434782608695652
8 0.15400232018561485 0.6036956521739131 0.009860788863109048 0.012608695652173913
8 0.11644431554524362 0.6325 0.013051044083526682 0.014130434782608696
8 0.1632830626450116 0.7269565217391304 0.011020881670533642 0.015217391304347827
8 0.12587006960556846 0.7104347826086956 0.0075406032482598605 0.011304347826086957
8 0.13877610208816704 0.5579347826086957 0.014211136890951276 0.009782608695652175
8 0.23404872389791184 0.6018478260869565 0.016241299303944315 0.011956521739130435
8 0.2021461716937355 0.6260869565217392 0.012761020881670533 0.011304347826086957
8 0.8909512761020881 0.5993478260869565 0.02088167053364269 0.016956521739130436
4 0.6608178654292344 0.8331521739130435 0.015951276102088168 0.017608695652173913
4 0.5511890951276102 0.9195652173913044 0.010730858468677494 0.008695652173913044
8 0.47056264501160094 0.9055434782608696 0.014791183294663572 0.010217391304347826
8 0.6293503480278422 0.2217391304347826 0.024361948955916472 0.019130434782608695
1 0.17183874709976799 0.15043478260869564 0.007830626450116009 0.006521739130434782
8 0.1497969837587007 0.5092391304347826 0.016531322505800465 0.009347826086956522
8 0.162122969837587 0.5739130434782609 0.011020881670533642 0.008695652173913044
8 0.099622969837587 0.5827173913043479 0.008410672853828306 0.007173913043478261
8 0.3304814385150812 0.673804347826087 0.010730858468677494 0.007608695652173913
8 0.3190255220417633 0.6570652173913043 0.0069605568445475635 0.005434782608695652
8 0.37180974477958234 0.705 0.014501160092807424 0.009565217391304347
7 0.5102958236658933 0.7197826086956521 0.026392111368909513 0.03869565217391304
1 0.8003190255220418 0.5321739130434783 0.0095707656612529 0.00608695652173913
9 0.7209976798143851 0.6142391304347826 0.011020881670533642 0.007608695652173913
9 0.6899651972157773 0.5720652173913043 0.009860788863109048 0.008478260869565218
3 0.41487819025522044 0.46695652173913044 0.004930394431554524 0.00826086956521739
3 0.42430394431554525 0.4941304347826087 0.02262180974477958 0.026521739130434784
3 0.10281322505800464 0.41739130434782606 0.013631090487238979 0.006521739130434782
3 0.5816415313225058 0.485 0.008990719257540603 0.009130434782608696
3 0.576276102088167 0.5029347826086956 0.008700696055684454 0.012391304347826086
3 0.5611948955916474 0.4981521739130435 0.004640371229698376 0.005434782608695652
3 0.5482888631090487 0.4830434782608696 0.006670533642691415 0.004347826086956522
3 0.5846867749419954 0.4746739130434783 0.008120649651972157 0.007173913043478261
8 0.8631090487238979 0.49967391304347825 0.011020881670533642 0.008478260869565218
8 0.8325116009280742 0.5227173913043478 0.007830626450116009 0.005
3 0.8742749419953596 0.40304347826086956 0.007830626450116009 0.0034782608695652175
3 0.910237819025522 0.41282608695652173 0.007250580046403712 0.00608695652173913
3 0.599477958236659 0.4806521739130435 0.013921113689095127 0.014782608695652174
3 0.5089907192575406 0.47956521739130437 0.025522041763341066 0.011739130434782608
6 0.4280742459396752 0.2767391304347826 0.008700696055684454 0.0052173913043478265
3 0.4607018561484919 0.4603260869565217 0.005510440835266821 0.004565217391304348
3 0.43996519721577726 0.5116304347826087 0.0069605568445475635 0.01108695652173913
8 0.1711136890951276 0.7002173913043478 0.012180974477958236 0.01
8 0.16429814385150812 0.6864130434782608 0.007830626450116009 0.011521739130434782
8 0.859338747099768 0.6553260869565217 0.016241299303944315 0.016739130434782607
1 0.6558874709976799 0.12228260869565218 0.006090487238979118 0.004565217391304348
1 0.34498259860788866 0.11597826086956521 0.0095707656612529 0.005434782608695652
1 0.5298723897911833 0.1492391304347826 0.009280742459396751 0.006304347826086957
8 0.29292343387471 0.5443478260869565 0.0069605568445475635 0.0052173913043478265
0 0.31003480278422274 0.5368478260869565 0.01160092807424594 0.005869565217391304
4 0.08294663573085846 0.6368478260869566 0.009280742459396751 0.015434782608695652
7 0.5229118329466357 0.08413043478260869 0.2534802784222738 0.02
7 0.48491879350348027 0.14815217391304347 0.4286542923433875 0.034565217391304345
7 0.328161252900232 0.11434782608695652 0.22534802784222738 0.04739130434782609
7 0.5118909512761021 0.32206521739130434 0.07424593967517401 0.035
7 0.5901972157772621 0.2558695652173913 0.03306264501160093 0.02608695652173913
8 0.5159512761020881 0.2926086956521739 0.012180974477958236 0.008695652173913044
1 0.46403712296983757 0.23565217391304347 0.009860788863109048 0.00608695652173913
8 0.22273781902552203 0.3290217391304348 0.0069605568445475635 0.005434782608695652
8 0.10658352668213457 0.523695652173913 0.01131090487238979 0.014782608695652174
8 0.11818445475638051 0.7240217391304348 0.007830626450116009 0.009782608695652175
0 0.3090197215777262 0.5743478260869566 0.011890951276102088 0.006956521739130435
2 0.4866589327146172 0.9281521739130435 0.029582366589327145 0.018043478260869564
8 0.783207656612529 0.8188043478260869 0.01131090487238979 0.008043478260869565
8 0.9069025522041764 0.641195652173913 0.008120649651972157 0.007173913043478261
8 0.9132830626450116 0.6275 0.008120649651972157 0.006304347826086957
1 0.5613399071925754 0.5385869565217392 0.006090487238979118 0.004565217391304348
1 0.31627030162412995 0.16304347826086957 0.004930394431554524 0.004347826086956522
1 0.5620649651972158 0.2689130434782609 0.00580046403712297 0.004347826086956522
1 0.7671113689095128 0.07260869565217391 0.004060324825986079 0.00391304347826087
0 0.9202436194895591 0.44217391304347825 0.004060324825986079 0.005652173913043478
8 0.38718097447795824 0.9222826086956522 0.00580046403712297 0.004130434782608695
8 0.17821925754060325 0.11228260869565218 0.006090487238979118 0.005869565217391304
1 0.3609338747099768 0.12445652173913044 0.004930394431554524 0.004130434782608695
0 0.11455916473317865 0.6598913043478261 0.0191415313225058 0.025434782608695652
0 0.7511600928074246 0.6363043478260869 0.008700696055684454 0.006521739130434782
0 0.7756670533642691 0.6164130434782609 0.007250580046403712 0.014130434782608696
0 0.8667343387470998 0.6729347826086957 0.010150812064965197 0.010217391304347826
8 0.9253190255220418 0.5885869565217391 0.0095707656612529 0.012391304347826086