8 0.6529872389791184 0.2190217391304348 0.013051044083526682 0.009347826086956522
4 0.6499419953596288 0.30684782608695654 0.017981438515081206 0.013695652173913043
1 0.6176044083526682 0.1681521739130435 0.008990719257540603 0.007608695652173913
8 0.14573665893271462 0.1925 0.014211136890951276 0.011956521739130435
3 0.05626450116009281 0.48945652173913046 0.0191415313225058 0.01717391304347826
3 0.07975638051044083 0.4807608695652174 0.015081206496519721 0.009782608695652175
3 0.0884570765661253 0.5195652173913043 0.0191415313225058 0.01652173913043478
3 0.12340487238979118 0.5190217391304348 0.029292343387470998 0.012391304347826086
3 0.11296403712296983 0.5334782608695652 0.015951276102088168 0.010434782608695653
8 0.15661252900232017 0.6169565217391304 0.012761020881670533 0.013043478260869565
3 0.07091067285382831 0.547608695652174 0.01131090487238979 0.011739130434782608
3 0.09527262180974477 0.5527173913043478 0.008990719257540603 0.008913043478260869
3 0.04451856148491879 0.5492391304347826 0.008410672853828306 0.012391304347826086
3 0.06670533642691415 0.5179347826086956 0.0075406032482598605 0.007173913043478261
3 0.06482018561484919 0.5639130434782609 0.004350348027842227 0.007391304347826087
3 0.06685034802784223 0.5807608695652174 0.014791183294663572 0.024130434782608696
3 0.0884570765661253 0.5694565217391304 0.016241299303944315 0.014130434782608696
3 0.08367169373549883 0.5885869565217391 0.007250580046403712 0.008478260869565218
3 0.09266241299303944 0.5876086956521739 0.008990719257540603 0.00826086956521739
3 0.03610788863109049 0.5194565217391305 0.006090487238979118 0.007173913043478261
3 0.12877030162412992 0.5716304347826087 0.01160092807424594 0.015
3 0.13196055684454758 0.5594565217391304 0.009280742459396751 0.005869565217391304
1 0.25536542923433875 0.6170652173913044 0.007250580046403712 0.005434782608695652
4 0.6980858468677494 0.7372826086956522 0.009860788863109048 0.009347826086956522
8 0.7418793503480279 0.6982608695652174 0.0075406032482598605 0.005652173913043478
8 0.8433874709976799 0.7015217391304348 0.009860788863109048 0.010434782608695653
8 0.8169953596287703 0.7291304347826087 0.0075406032482598605 0.00826086956521739
4 0.9506960556844548 0.56 0.014501160092807424 0.017826086956521738
3 0.9087877030162413 0.4723913043478261 0.017111368909512762 0.01652173913043478
3 0.919953596287703 0.4905434782608696 0.012761020881670533 0.015869565217391305
3 0.9457656612529002 0.4901086956521739 0.0069605568445475635 0.006739130434782609
3 0.925754060324826 0.45358695652173914 0.008700696055684454 0.008478260869565218
3 0.884715777262181 0.5044565217391305 0.025812064965197216 0.013260869565217392
3 0.9382250580046404 0.5093478260869565 0.012761020881670533 0.01565217391304348
3 0.925899071925754 0.5211956521739131 0.012470997679814385 0.012826086956521739
3 0.9069025522041764 0.5397826086956522 0.010440835266821345 0.01
3 0.8973317865429234 0.5541304347826087 0.013921113689095127 0.01
3 0.9099477958236659 0.5511956521739131 0.013631090487238979 0.011521739130434782
3 0.8780452436194895 0.600108695652174 0.02523201856148492 0.011956521739130435
8 0.6509570765661253 0.5508695652173913 0.013051044083526682 0.008695652173913044
8 0.7172273781902552 0.8923913043478261 0.008120649651972157 0.008695652173913044
8 0.5497389791183295 0.9122826086956521 0.01131090487238979 0.009782608695652175
4 0.3452726218097448 0.8515217391304348 0.02117169373549884 0.015217391304347827
4 0.23607888631090487 0.8628260869565217 0.016821345707656612 0.010434782608695653
1 0.29582366589327147 0.8592391304347826 0.01160092807424594 0.009347826086956522
9 0.1880800464037123 0.7060869565217391 0.016531322505800465 0.013478260869565217
8 0.20533642691415313 0.7503260869565217 0.009860788863109048 0.008913043478260869
8 0.22418793503480278 0.7376086956521739 0.016241299303944315 0.01608695652173913
8 0.18662993039443154 0.7281521739130434 0.010150812064965197 0.008478260869565218
1 0.28567285382830626 0.7734782608695652 0.013921113689095127 0.009565217391304347
0 0.20794663573085848 0.6681521739130435 0.013921113689095127 0.012826086956521739
4 0.0535092807424594 0.38956521739130434 0.008410672853828306 0.014782608695652174
6 0.4673723897911833 0.5676086956521739 0.013051044083526682 0.009130434782608696
1 0.517546403712297 0.23728260869565218 0.006670533642691415 0.005434782608695652
1 0.3490429234338747 0.5130434782608696 0.007250580046403712 0.00608695652173913
6 0.34251740139211134 0.5115217391304347 0.0034802784222737818 0.0026086956521739132
0 0.7875580046403712 0.665 0.016531322505800465 0.014782608695652174
1 0.3844257540603248 0.5222826086956521 0.007830626450116009 0.006304347826086957
0 0.7510150812064965 0.6102173913043478 0.017111368909512762 0.012608695652173913
8 0.726508120649652 0.8791304347826087 0.004640371229698376 0.0034782608695652175
8 0.7411542923433875 0.8819565217391304 0.004350348027842227 0.0034782608695652175
1 0.935469837587007 0.6028260869565217 0.005510440835266821 0.004782608695652174
0 0.77334686774942 0.6439130434782608 0.016531322505800465 0.010869565217391304
0 0.7718967517401392 0.6201086956521739 0.01131090487238979 0.007608695652173913
7 0.3075696055684455 0.6159782608695652 0.016531322505800465 0.011956521739130435
1 0.3167053364269142 0.5998913043478261 0.0063805104408352666 0.005
0 0.15095707656612528 0.606195652173913 0.014211136890951276 0.008043478260869565