4 0.4212587006960557 0.8494565217391304 0.01769141531322506 0.011521739130434782
1 0.5543793503480279 0.8291304347826087 0.007250580046403712 0.004347826086956522
1 0.46041183294663574 0.8302173913043478 0.006670533642691415 0.00782608695652174
1 0.4479408352668213 0.8307608695652174 0.011890951276102088 0.006739130434782609
8 0.23491879350348027 0.7343478260869565 0.022041763341067284 0.01608695652173913
8 0.08816705336426914 0.7397826086956522 0.021461716937354988 0.02
1 0.6042633410672854 0.3353260869565217 0.010730858468677494 0.007173913043478261
4 0.890661252900232 0.2415217391304348 0.009860788863109048 0.01391304347826087
8 0.9079176334106729 0.22021739130434784 0.008410672853828306 0.011304347826086957
8 0.7215777262180975 0.6657608695652174 0.019721577726218097 0.02108695652173913
8 0.8571635730858469 0.4757608695652174 0.008990719257540603 0.006739130434782609
8 0.8707946635730859 0.49369565217391304 0.01131090487238979 0.009130434782608696
8 0.8487529002320185 0.435 0.011890951276102088 0.009565217391304347
8 0.7459396751740139 0.5070652173913044 0.014501160092807424 0.008043478260869565
8 0.679669373549884 0.8143478260869565 0.024071925754060326 0.013043478260869565
8 0.7469547563805105 0.7541304347826087 0.030452436194895592 0.026521739130434784
8 0.18285962877030162 0.8726086956521739 0.010150812064965197 0.009130434782608696
8 0.18097447795823665 0.860108695652174 0.0075406032482598605 0.011956521739130435
8 0.14008120649651973 0.7075 0.012180974477958236 0.011521739130434782
8 0.1306554524361949 0.6391304347826087 0.017111368909512762 0.011304347826086957
8 0.09556264501160093 0.5247826086956522 0.010730858468677494 0.00782608695652174
3 0.14573665893271462 0.40152173913043476 0.02523201856148492 0.009565217391304347
3 0.07163573085846868 0.38782608695652177 0.0063805104408352666 0.008695652173913044
3 0.08961716937354988 0.395 0.005220417633410673 0.004782608695652174
8 0.01769141531322506 0.2616304347826087 0.01160092807424594 0.015434782608695652
3 0.8591937354988399 0.3933695652173913 0.004930394431554524 0.005434782608695652
3 0.8519431554524362 0.40141304347826084 0.007250580046403712 0.005869565217391304
1 0.6242749419953596 0.4607608695652174 0.011890951276102088 0.010652173913043479
1 0.5849767981438515 0.44282608695652176 0.0063805104408352666 0.004782608695652174
1 0.6669083526682135 0.17532608695652174 0.007830626450116009 0.004565217391304348
8 0.488254060324826 0.23369565217391305 0.007830626450116009 0.006956521739130435
1 0.21650232018561485 0.17956521739130435 0.005510440835266821 0.003043478260869565
8 0.0669953596287703 0.07869565217391304 0.011020881670533642 0.00826086956521739
4 0.016966357308584687 0.1582608695652174 0.006090487238979118 0.007391304347826087
1 0.35107308584686775 0.06152173913043478 0.008410672853828306 0.004347826086956522
8 0.7940835266821346 0.17847826086956523 0.010440835266821345 0.00826086956521739
8 0.5406032482598608 0.16282608695652173 0.012180974477958236 0.008695652173913044
8 0.5224767981438515 0.23445652173913042 0.006090487238979118 0.005
1 0.408207656612529 0.22956521739130434 0.006670533642691415 0.00826086956521739
6 0.2923433874709977 0.12630434782608696 0.011020881670533642 0.005652173913043478
1 0.7189675174013921 0.07402173913043478 0.004640371229698376 0.002826086956521739
1 0.58207656612529 0.3010869565217391 0.008700696055684454 0.00608695652173913
3 0.19576566125290024 0.29532608695652174 0.01740139211136891 0.009347826086956522
8 0.013921113689095127 0.4398913043478261 0.0075406032482598605 0.010217391304347826
8 0.014501160092807424 0.33369565217391306 0.011020881670533642 0.018695652173913044
1 0.08715197215777262 0.49782608695652175 0.004930394431554524 0.0052173913043478265
1 0.08976218097447795 0.49282608695652175 0.004350348027842227 0.0034782608695652175
1 0.03755800464037123 0.6265217391304347 0.004350348027842227 0.004782608695652174
1 0.4943445475638051 0.8195652173913044 0.01131090487238979 0.00782608695652174
1 0.23332366589327147 0.6268478260869565 0.007250580046403712 0.005869565217391304
6 0.23433874709976799 0.5053260869565217 0.004640371229698376 0.0036956521739130435
8 0.7848027842227379 0.6526086956521739 0.012761020881670533 0.00782608695652174
8 0.759715777262181 0.6218478260869565 0.008990719257540603 0.007173913043478261
1 0.6682134570765661 0.6355434782608695 0.005220417633410673 0.0036956521739130435
0 0.7747969837587007 0.5434782608695652 0.01131090487238979 0.01
3 0.8928364269141531 0.36695652173913046 0.008990719257540603 0.004782608695652174
0 0.9251740139211136 0.38206521739130433 0.009860788863109048 0.008478260869565218
3 0.05060904872389791 0.3968478260869565 0.01131090487238979 0.007173913043478261
8 0.583961716937355 0.21543478260869564 0.013631090487238979 0.01
1 0.7359338747099768 0.20456521739130434 0.005510440835266821 0.00391304347826087
8 0.35890371229698376 0.5609782608695653 0.007830626450116009 0.006304347826086957
0 0.5443735498839907 0.4860869565217391 0.015661252900232018 0.009565217391304347
6 0.18227958236658934 0.47782608695652173 0.006090487238979118 0.00391304347826087
6 0.12470997679814386 0.47956521739130437 0.0063805104408352666 0.004782608695652174
8 0.19678074245939675 0.6329347826086956 0.012470997679814385 0.008913043478260869
6 0.8490429234338747 0.613804347826087 0.007250580046403712 0.006304347826086957
0 0.8734048723897911 0.6173913043478261 0.005510440835266821 0.01
3 0.7575406032482599 0.4416304347826087 0.030162412993039442 0.011521739130434782
3 0.7372389791183295 0.48782608695652174 0.01334106728538283 0.011304347826086957
3 0.60542343387471 0.4058695652173913 0.010730858468677494 0.00826086956521739
1 0.3069895591647332 0.15097826086956523 0.012470997679814385 0.008478260869565218
6 0.32352088167053367 0.15521739130434783 0.007250580046403712 0.005652173913043478
4 0.78915313225058 0.6881521739130435 0.0075406032482598605 0.008478260869565218
6 0.6487819025522041 0.11293478260869565 0.0063805104408352666 0.004130434782608695
3 0.8635440835266821 0.20326086956521738 0.007250580046403712 0.00826086956521739
3 0.9086426914153132 0.4092391304347826 0.00580046403712297 0.005434782608695652
3 0.9187935034802784 0.43728260869565216 0.008120649651972157 0.006739130434782609
3 0.9006670533642691 0.41706521739130437 0.008990719257540603 0.005434782608695652
3 0.9322795823665894 0.40293478260869564 0.007250580046403712 0.005869565217391304
6 0.5237819025522041 0.4941304347826087 0.005220417633410673 0.004782608695652174
6 0.5308874709976799 0.5059782608695652 0.004350348027842227 0.0036956521739130435
6 0.5271171693735499 0.523695652173913 0.005510440835266821 0.004782608695652174
6 0.5400232018561485 0.5217391304347826 0.005220417633410673 0.004347826086956522
6 0.5337877030162413 0.5225 0.006090487238979118 0.005434782608695652
0 0.47215777262180975 0.48641304347826086 0.009280742459396751 0.008043478260869565
6 0.46766241299303946 0.4994565217391304 0.004930394431554524 0.0036956521739130435
6 0.4724477958236659 0.5040217391304348 0.004060324825986079 0.002826086956521739
6 0.5178364269141531 0.5297826086956522 0.005510440835266821 0.00391304347826087
6 0.49303944315545245 0.553804347826087 0.004060324825986079 0.003260869565217391
6 0.47056264501160094 0.5396739130434782 0.006090487238979118 0.004565217391304348
6 0.4521461716937355 0.5453260869565217 0.005220417633410673 0.003260869565217391
6 0.4757830626450116 0.523804347826087 0.005510440835266821 0.005
6 0.46954756380510443 0.5155434782608695 0.0069605568445475635 0.0036956521739130435
6 0.4657772621809745 0.5215217391304348 0.00580046403712297 0.00391304347826087
6 0.4579466357308585 0.528804347826087 0.004060324825986079 0.0036956521739130435
3 0.4702726218097448 0.45902173913043476 0.016531322505800465 0.010652173913043479
6 0.5513341067285383 0.508695652173913 0.0063805104408352666 0.004782608695652174
6 0.5603248259860789 0.501195652173913 0.004060324825986079 0.003260869565217391
6 0.5568445475638051 0.5316304347826087 0.00580046403712297 0.004565217391304348
6 0.5416183294663574 0.5308695652173913 0.0037703016241299302 0.0026086956521739132
6 0.531177494199536 0.5454347826086956 0.004930394431554524 0.0034782608695652175
6 0.5450986078886311 0.5482608695652174 0.004350348027842227 0.003043478260869565
6 0.5435034802784223 0.5435869565217392 0.004060324825986079 0.002826086956521739
6 0.5205916473317865 0.5461956521739131 0.005220417633410673 0.003260869565217391
6 0.5640951276102089 0.5147826086956522 0.00580046403712297 0.004782608695652174
8 0.41821345707656615 0.14021739130434782 0.015661252900232018 0.011739130434782608
0 0.4762180974477958 0.14858695652173914 0.037122969837587005 0.024130434782608696
0 0.7017111368909513 0.09565217391304348 0.013631090487238979 0.008695652173913044
1 0.7463747099767981 0.09206521739130434 0.007250580046403712 0.005434782608695652
8 0.8561484918793504 0.8235869565217391 0.018561484918793503 0.01717391304347826
8 0.20374129930394433 0.9120652173913043 0.01131090487238979 0.008913043478260869
8 0.121084686774942 0.7725 0.013051044083526682 0.013260869565217392
6 0.21722737819025523 0.5368478260869565 0.0075406032482598605 0.005869565217391304
8 0.048723897911832945 0.20108695652173914 0.012180974477958236 0.011739130434782608
6 0.519431554524362 0.4835869565217391 0.005220417633410673 0.004130434782608695
1 0.517691415313225 0.5032608695652174 0.008700696055684454 0.006956521739130435
6 0.9192285382830626 0.4980434782608696 0.006670533642691415 0.004782608695652174
5 0.790893271461717 0.6330434782608696 0.037122969837587005 0.03130434782608696
9 0.7237529002320185 0.9233695652173913 0.01537122969837587 0.013260869565217392
1 0.46302204176334105 0.9015217391304348 0.005510440835266821 0.0034782608695652175
1 0.4576566125290023 0.9046739130434782 0.004640371229698376 0.003260869565217391
8 0.15661252900232017 0.7371739130434782 0.008700696055684454 0.006956521739130435
6 0.26058584686774944 0.6858695652173913 0.006090487238979118 0.004782608695652174
8 0.03567285382830626 0.6573913043478261 0.010440835266821345 0.01956521739130435
0 0.13921113689095127 0.5816304347826087 0.012761020881670533 0.01717391304347826
8 0.010440835266821345 0.39706521739130435 0.008120649651972157 0.010652173913043479
0 0.17604408352668213 0.575 0.012180974477958236 0.008695652173913044
0 0.22839327146171692 0.5718478260869565 0.01131090487238979 0.007608695652173913
0 0.20229118329466358 0.6035869565217391 0.014211136890951276 0.006304347826086957
0 0.24013921113689096 0.6404347826086957 0.018561484918793503 0.01956521739130435
6 0.15168213457076565 0.4681521739130435 0.005220417633410673 0.004130434782608695
8 0.261745939675174 0.8778260869565218 0.016531322505800465 0.01608695652173913
0 0.2431844547563805 0.07739130434782608 0.008990719257540603 0.01
0 0.37746519721577726 0.1482608695652174 0.013631090487238979 0.00782608695652174
0 0.3912412993039443 0.1559782608695652 0.016241299303944315 0.008043478260869565
0 0.5577146171693735 0.08 0.014501160092807424 0.011304347826086957
8 0.19692575406032484 0.8845652173913043 0.010440835266821345 0.011304347826086957
