4 0.31496519721577726 0.3783695652173913 0.03538283062645012 0.019782608695652175
4 0.19388051044083526 0.40141304347826084 0.005510440835266821 0.005434782608695652
4 0.1964907192575406 0.8385869565217391 0.004350348027842227 0.005869565217391304
4 0.7892981438515081 0.845108695652174 0.007250580046403712 0.006739130434782609
4 0.6983758700696056 0.8395652173913043 0.004060324825986079 0.004347826086956522
4 0.802784222737819 0.7680434782608696 0.004640371229698376 0.005652173913043478
4 0.8325116009280742 0.726304347826087 0.004350348027842227 0.005652173913043478
8 0.6960556844547564 0.28706521739130436 0.009860788863109048 0.012826086956521739
9 0.4176334106728538 0.3451086956521739 0.01160092807424594 0.007173913043478261
6 0.3845707656612529 0.2782608695652174 0.004640371229698376 0.0034782608695652175
6 0.5358178654292344 0.19130434782608696 0.0014501160092807424 0.0017391304347826088
6 0.3961716937354988 0.23858695652173914 0.002320185614849188 0.002391304347826087
6 0.45751160092807425 0.27195652173913043 0.0026102088167053363 0.0017391304347826088
4 0.8979118329466357 0.3691304347826087 0.005220417633410673 0.006956521739130435
1 0.771606728538283 0.2465217391304348 0.004350348027842227 0.005652173913043478
1 0.19286542923433875 0.22402173913043477 0.005220417633410673 0.005
1 0.19910092807424595 0.30771739130434783 0.007830626450116009 0.006739130434782609
8 0.6345707656612529 0.7468478260869565 0.012761020881670533 0.020217391304347826
8 0.8172853828306265 0.7098913043478261 0.015081206496519721 0.017608695652173913
8 0.9283642691415314 0.6352173913043478 0.01334106728538283 0.02608695652173913
8 0.9177784222737819 0.7017391304347826 0.013051044083526682 0.026521739130434784
8 0.8061194895591647 0.6172826086956522 0.013051044083526682 0.009782608695652175
8 0.828016241299304 0.6746739130434782 0.008700696055684454 0.009347826086956522
0 0.7659512761020881 0.6884782608695652 0.009280742459396751 0.008695652173913044
9 0.7299883990719258 0.6754347826086956 0.016241299303944315 0.014347826086956521
0 0.738399071925754 0.6271739130434782 0.010440835266821345 0.008695652173913044
8 0.8362819025522041 0.6957608695652174 0.008990719257540603 0.008043478260869565
8 0.03958816705336427 0.6041304347826087 0.011890951276102088 0.021304347826086957
8 0.03813805104408353 0.6453260869565217 0.012470997679814385 0.025434782608695652
8 0.07627610208816706 0.7045652173913044 0.01160092807424594 0.019130434782608695
8 0.06960556844547564 0.6657608695652174 0.0069605568445475635 0.009782608695652175
8 0.09643271461716937 0.634891304347826 0.006670533642691415 0.008913043478260869
8 0.1745939675174014 0.7038043478260869 0.008700696055684454 0.010652173913043479
8 0.09860788863109049 0.711195652173913 0.008700696055684454 0.010217391304347826
8 0.13660092807424595 0.6434782608695652 0.008700696055684454 0.01
8 0.388631090487239 0.8941304347826087 0.008700696055684454 0.007391304347826087
8 0.4274941995359629 0.912608695652174 0.010440835266821345 0.00826086956521739
8 0.38326566125290024 0.9082608695652173 0.011890951276102088 0.010434782608695653
8 0.6566125290023201 0.8686956521739131 0.014501160092807424 0.013043478260869565
8 0.7143271461716937 0.9370652173913043 0.012180974477958236 0.010652173913043479
8 0.6818445475638051 0.8330434782608696 0.013921113689095127 0.011739130434782608
9 0.527407192575406 0.9301086956521739 0.02697215777262181 0.021521739130434783
3 0.10962877030162413 0.558804347826087 0.01740139211136891 0.011521739130434782
3 0.09092227378190255 0.577391304347826 0.016531322505800465 0.01608695652173913
3 0.12703016241299303 0.5783695652173914 0.025522041763341066 0.012391304347826086
1 0.15603248259860789 0.6220652173913044 0.008120649651972157 0.006304347826086957
3 0.1553074245939675 0.581195652173913 0.03103248259860789 0.01891304347826087
3 0.15893271461716937 0.537608695652174 0.016241299303944315 0.008695652173913044
3 0.13196055684454758 0.5648913043478261 0.015661252900232018 0.009782608695652175
3 0.5201566125290024 0.5256521739130435 0.013051044083526682 0.010434782608695653
3 0.601508120649652 0.5182608695652174 0.012180974477958236 0.010434782608695653
3 0.8623839907192575 0.5819565217391305 0.028132250580046404 0.01652173913043478
0 0.17241879350348027 0.7236956521739131 0.01131090487238979 0.010869565217391304
8 0.16255800464037123 0.8045652173913044 0.006670533642691415 0.006521739130434782
1 0.7312935034802784 0.29032608695652173 0.007830626450116009 0.005
4 0.32642111368909515 0.537608695652174 0.006090487238979118 0.00608695652173913
1 0.4375 0.8884782608695653 0.0037703016241299302 0.003043478260869565
3 0.8197505800464037 0.5272826086956521 0.014211136890951276 0.005869565217391304
3 0.8375870069605569 0.5431521739130435 0.011020881670533642 0.008913043478260869
3 0.8883410672853829 0.5655434782608696 0.020301624129930394 0.018043478260869564
6 0.4111078886310905 0.41456521739130436 0.006670533642691415 0.004782608695652174
6 0.5675754060324826 0.2232608695652174 0.009860788863109048 0.00608695652173913
1 0.8001740139211136 0.6452173913043479 0.008120649651972157 0.007391304347826087
1 0.6084686774941995 0.5995652173913043 0.011020881670533642 0.005652173913043478
1 0.6305104408352669 0.5938043478260869 0.00580046403712297 0.004130434782608695
1 0.6131090487238979 0.5328260869565218 0.0063805104408352666 0.0052173913043478265
7 0.21244199535962877 0.2883695652173913 0.014791183294663572 0.03760869565217391
1 0.12456496519721577 0.3058695652173913 0.006090487238979118 0.00608695652173913
6 0.7540603248259861 0.7306521739130435 0.004060324825986079 0.0034782608695652175
1 0.1329756380510441 0.7875 0.007830626450116009 0.006739130434782609
0 0.9047273781902552 0.3403260869565217 0.013051044083526682 0.013260869565217392
1 0.17778422273781902 0.6851086956521739 0.004060324825986079 0.0036956521739130435
0 0.5013051044083526 0.8993478260869565 0.004930394431554524 0.0052173913043478265
1 0.6921403712296984 0.2259782608695652 0.012470997679814385 0.008043478260869565
8 0.8947215777262181 0.6944565217391304 0.015661252900232018 0.01717391304347826
5 0.863399071925754 0.7429347826086956 0.029582366589327145 0.03152173913043478
1 0.7671113689095128 0.7228260869565217 0.01160092807424594 0.007391304347826087
1 0.7104118329466357 0.8069565217391305 0.006090487238979118 0.004782608695652174
1 0.24129930394431554 0.8083695652173913 0.01160092807424594 0.007608695652173913
0 0.11818445475638051 0.6756521739130434 0.011890951276102088 0.009565217391304347
8 0.6880800464037123 0.8686956521739131 0.021751740139211138 0.01391304347826087
1 0.693445475638051 0.8540217391304348 0.009280742459396751 0.007173913043478261
8 0.8336716937354989 0.7704347826086957 0.0095707656612529 0.00782608695652174
6 0.4656322505800464 0.2518478260869565 0.004350348027842227 0.003260869565217391
1 0.17270881670533642 0.6272826086956522 0.005510440835266821 0.0036956521739130435
6 0.568445475638051 0.25206521739130433 0.004060324825986079 0.003260869565217391
1 0.2179524361948956 0.6129347826086956 0.006090487238979118 0.005869565217391304
0 0.25754060324825984 0.635 0.008120649651972157 0.009130434782608696
8 0.7162122969837587 0.8982608695652174 0.015951276102088168 0.01565217391304348