6 0.7145543981481481 0.15258487654320987 0.004918981481481482 0.0030864197530864196
6 0.6749131944444444 0.1470871913580247 0.004918981481481482 0.0028935185185185184
6 0.7009548611111112 0.1732253086419753 0.004918981481481482 0.0030864197530864196
8 0.6498842592592593 0.15403163580246915 0.005787037037037037 0.0036651234567901233
8 0.7256944444444444 0.20910493827160495 0.009259259259259259 0.0073302469135802465
6 0.7443576388888888 0.24402006172839505 0.008391203703703705 0.004243827160493827
0 0.5477430555555556 0.18595679012345678 0.030671296296296297 0.02700617283950617
8 0.44039351851851855 0.1478587962962963 0.009259259259259259 0.007523148148148148
8 0.2544849537037037 0.2810570987654321 0.01880787037037037 0.008487654320987654
8 0.27054398148148145 0.18393132716049382 0.004050925925925926 0.0028935185185185184
8 0.24406828703703703 0.1947337962962963 0.007233796296296296 0.0055941358024691355
9 0.22410300925925927 0.22781635802469136 0.008391203703703705 0.005401234567901234
9 0.23466435185185186 0.23485725308641975 0.005787037037037037 0.004050925925925926
4 0.4068287037037037 0.29070216049382713 0.004629629629629629 0.005401234567901234
5 0.5419560185185185 0.3757716049382716 0.020833333333333332 0.019675925925925927
3 0.5648148148148148 0.42833719135802467 0.00636574074074074 0.00636574074074074
3 0.5610532407407407 0.43643904320987653 0.00636574074074074 0.005208333333333333
3 0.5496238425925926 0.43952546296296297 0.004918981481481482 0.003279320987654321
3 0.5031828703703703 0.4340277777777778 0.012152777777777778 0.006944444444444444
3 0.5086805555555556 0.4222608024691358 0.018518518518518517 0.005015432098765432
6 0.5904224537037037 0.4271797839506173 0.005497685185185185 0.004050925925925926
6 0.5797164351851852 0.44155092592592593 0.004340277777777778 0.003472222222222222
3 0.5451388888888888 0.47800925925925924 0.004050925925925926 0.004243827160493827
3 0.5522280092592593 0.49083719135802467 0.010127314814814815 0.010223765432098766
3 0.5313946759259259 0.4828317901234568 0.0078125 0.005015432098765432
3 0.6549479166666666 0.5758101851851852 0.009548611111111112 0.011959876543209876
3 0.6931423611111112 0.5748456790123457 0.014756944444444444 0.008873456790123456
3 0.8246527777777778 0.5454282407407407 0.012152777777777778 0.005979938271604938
3 0.8368055555555556 0.5823688271604939 0.017361111111111112 0.008101851851851851
3 0.9291087962962963 0.5606674382716049 0.013888888888888888 0.013695987654320988
3 0.85546875 0.5666473765432098 0.05295138888888889 0.03722993827160494
3 0.8482349537037037 0.6030092592592593 0.03443287037037037 0.032407407407407406
0 0.7922453703703703 0.6294367283950617 0.009259259259259259 0.005787037037037037
9 0.9347511574074074 0.5149498456790124 0.004340277777777778 0.004050925925925926
9 0.9353298611111112 0.5277777777777778 0.00318287037037037 0.004243827160493827
8 0.6195023148148148 0.5334683641975309 0.009837962962962963 0.007523148148148148
9 0.5885416666666666 0.5181327160493827 0.01099537037037037 0.008873456790123456
1 0.5399305555555556 0.6017554012345679 0.004050925925925926 0.0028935185185185184
9 0.3695023148148148 0.5661651234567902 0.013310185185185185 0.010416666666666666
3 0.42954282407407407 0.5191936728395061 0.01244212962962963 0.012152777777777778
1 0.3953993055555556 0.4478202160493827 0.009548611111111112 0.005208333333333333
1 0.41001157407407407 0.44656635802469136 0.008680555555555556 0.0038580246913580245
1 0.4084201388888889 0.44290123456790126 0.005497685185185185 0.0030864197530864196
1 0.40653935185185186 0.43991126543209874 0.005208333333333333 0.003279320987654321
3 0.46166087962962965 0.4419367283950617 0.01070601851851852 0.005787037037037037
3 0.49146412037037035 0.4461805555555556 0.014756944444444444 0.006172839506172839
0 0.5052083333333334 0.4402970679012346 0.005787037037037037 0.0028935185185185184
3 0.4635416666666667 0.47897376543209874 0.0625 0.02507716049382716
0 0.5205439814814815 0.5598958333333334 0.011574074074074073 0.007523148148148148
1 0.46079282407407407 0.5879629629629629 0.004918981481481482 0.004243827160493827
1 0.4437210648148148 0.5928819444444444 0.00318287037037037 0.002507716049382716
8 0.4820601851851852 0.535204475308642 0.005787037037037037 0.004050925925925926
8 0.46296296296296297 0.5330825617283951 0.005787037037037037 0.0036651234567901233
0 0.453125 0.5530478395061729 0.009259259259259259 0.006558641975308642
0 0.45500578703703703 0.5594135802469136 0.007233796296296296 0.006944444444444444
6 0.47337962962962965 0.5693479938271605 0.003472222222222222 0.002507716049382716
0 0.4822048611111111 0.5713734567901234 0.007233796296296296 0.006558641975308642
1 0.4978298611111111 0.5618248456790124 0.006655092592592593 0.0036651234567901233
3 0.5387731481481481 0.5005787037037037 0.005787037037037037 0.006172839506172839
3 0.56640625 0.5044367283950617 0.004918981481481482 0.006558641975308642
3 0.5309606481481481 0.5059799382716049 0.005208333333333333 0.0038580246913580245
3 0.5451388888888888 0.49623842592592593 0.004629629629629629 0.004050925925925926
3 0.5512152777777778 0.44675925925925924 0.012152777777777778 0.0073302469135802465
3 0.5679976851851852 0.4731867283950617 0.027199074074074073 0.043209876543209874
0 0.5755208333333334 0.1970486111111111 0.013888888888888888 0.01253858024691358
6 0.5905671296296297 0.19762731481481483 0.0028935185185185184 0.0021219135802469135
0 0.6898148148148148 0.30873842592592593 0.02025462962962963 0.019483024691358024
9 0.8903356481481481 0.42833719135802467 0.006944444444444444 0.007523148148148148
3 0.7889178240740741 0.5825617283950617 0.027488425925925927 0.031635802469135804
3 0.7330729166666666 0.5774498456790124 0.010127314814814815 0.007137345679012345
6 0.6079282407407407 0.6539351851851852 0.003472222222222222 0.002700617283950617
6 0.6014178240740741 0.6548032407407407 0.003761574074074074 0.0021219135802469135
6 0.6232638888888888 0.6537422839506173 0.004050925925925926 0.002700617283950617
6 0.6236979166666666 0.6496913580246914 0.003761574074074074 0.0015432098765432098
6 0.6187789351851852 0.6565393518518519 0.0026041666666666665 0.001736111111111111
0 0.6720196759259259 0.6649305555555556 0.006655092592592593 0.004629629629629629
6 0.7015335648148148 0.6360918209876543 0.003761574074074074 0.0028935185185185184
6 0.7103587962962963 0.6548996913580247 0.003472222222222222 0.0019290123456790122
0 0.5565682870370371 0.6697530864197531 0.01244212962962963 0.011574074074074073
4 0.4771412037037037 0.6893325617283951 0.008101851851851851 0.00636574074074074
4 0.5185185185185185 0.7081404320987654 0.008101851851851851 0.005401234567901234
1 0.5756655092592593 0.7097800925925926 0.004918981481481482 0.003279320987654321
1 0.5535300925925926 0.7048611111111112 0.004050925925925926 0.0023148148148148147
1 0.41030092592592593 0.6875964506172839 0.007523148148148148 0.004822530864197531
8 0.34953703703703703 0.681616512345679 0.008680555555555556 0.004050925925925926
8 0.3602430555555556 0.6929976851851852 0.005208333333333333 0.004436728395061728
9 0.2728587962962963 0.6866319444444444 0.005208333333333333 0.004436728395061728
4 0.08347800925925926 0.6609760802469136 0.004918981481481482 0.006751543209876543
3 0.3637152777777778 0.5011574074074074 0.009837962962962963 0.006944444444444444
3 0.12297453703703703 0.5770640432098766 0.012152777777777778 0.009066358024691358
3 0.0787037037037037 0.5919174382716049 0.01273148148148148 0.012152777777777778
3 0.16507523148148148 0.6910686728395061 0.013599537037037037 0.008680555555555556
1 0.1723090277777778 0.6463155864197531 0.005497685185185185 0.002507716049382716
0 0.2152777777777778 0.5686728395061729 0.013888888888888888 0.009259259259259259
0 0.15306712962962962 0.5778356481481481 0.009837962962962963 0.006751543209876543
1 0.21860532407407407 0.7379436728395061 0.006076388888888889 0.004822530864197531
3 0.03501157407407408 0.5457175925925926 0.013888888888888888 0.016975308641975308
0 0.1597222222222222 0.5833333333333334 0.012152777777777778 0.008101851851851851
0 0.16218171296296297 0.5980902777777778 0.018229166666666668 0.017939814814814815
3 0.12962962962962962 0.6026234567901234 0.020833333333333332 0.0073302469135802465
3 0.07913773148148148 0.484375 0.011863425925925927 0.007716049382716049
3 0.04079861111111111 0.517554012345679 0.005787037037037037 0.006172839506172839
3 0.11979166666666667 0.5099344135802469 0.013888888888888888 0.005979938271604938
3 0.0658275462962963 0.537133487654321 0.010127314814814815 0.006751543209876543
3 0.09881365740740741 0.5258487654320988 0.05700231481481482 0.10455246913580248
8 0.059895833333333336 0.40219907407407407 0.008680555555555556 0.005401234567901234
8 0.5141782407407407 0.34857253086419754 0.006944444444444444 0.004243827160493827
4 0.7861689814814815 0.712866512345679 0.014467592592592593 0.009066358024691358
8 0.7583912037037037 0.8473186728395061 0.012152777777777778 0.011381172839506173
9 0.5609085648148148 0.8342013888888888 0.011284722222222222 0.010609567901234568
8 0.38570601851851855 0.8510802469135802 0.010416666666666666 0.007716049382716049
1 0.6685474537037037 0.7530864197530864 0.007233796296296296 0.004629629629629629
8 0.6673900462962963 0.6998456790123457 0.007233796296296296 0.009259259259259259
5 0.8182870370370371 0.7542438271604939 0.017939814814814815 0.017746913580246913
8 0.8495370370370371 0.6725501543209876 0.016203703703703703 0.008680555555555556
0 0.7879050925925926 0.6784336419753086 0.013310185185185185 0.009259259259259259
0 0.7831307870370371 0.6542245370370371 0.013599537037037037 0.01408179012345679
0 0.7676504629629629 0.6357060185185185 0.02199074074074074 0.008294753086419753
0 0.7378472222222222 0.6488233024691358 0.027199074074074073 0.015239197530864198
0 0.7248263888888888 0.6206597222222222 0.06944444444444445 0.025655864197530864
8 0.6498842592592593 0.6260609567901234 0.005208333333333333 0.0036651234567901233
4 0.3113425925925926 0.6105324074074074 0.008680555555555556 0.0038580246913580245
4 0.2662037037037037 0.7029320987654321 0.016203703703703703 0.010030864197530864
4 0.7910879629629629 0.7955246913580247 0.00636574074074074 0.004243827160493827
8 0.2552083333333333 0.753954475308642 0.028356481481481483 0.01716820987654321
8 0.5222800925925926 0.8369020061728395 0.015625 0.012152777777777778
3 0.6222511574074074 0.45601851851851855 0.007233796296296296 0.0073302469135802465
5 0.32711226851851855 0.8550347222222222 0.03443287037037037 0.019483024691358024
3 0.05483217592592592 0.4241898148148148 0.006076388888888889 0.004629629629629629
3 0.04296875 0.41541280864197533 0.003761574074074074 0.004436728395061728
3 0.04195601851851852 0.45167824074074076 0.005787037037037037 0.0055941358024691355
3 0.044270833333333336 0.47164351851851855 0.004629629629629629 0.004243827160493827
3 0.18055555555555555 0.37181712962962965 0.006944444444444444 0.0055941358024691355
7 0.8695023148148148 0.6067708333333334 0.008680555555555556 0.006751543209876543
8 0.5138888888888888 0.19926697530864199 0.019675925925925927 0.01273148148148148
1 0.7268518518518519 0.1476658950617284 0.009259259259259259 0.004050925925925926
1 0.8148148148148148 0.29118441358024694 0.005208333333333333 0.005208333333333333
6 0.4269386574074074 0.39014274691358025 0.006076388888888889 0.0036651234567901233
1 0.4066840277777778 0.49363425925925924 0.007233796296296296 0.005015432098765432
1 0.6772280092592593 0.7201003086419753 0.006076388888888889 0.004629629629629629
1 0.7155671296296297 0.7131558641975309 0.003472222222222222 0.003472222222222222
8 0.7524594907407407 0.7741126543209876 0.022858796296296297 0.013503086419753086
1 0.28139467592592593 0.8053626543209876 0.006655092592592593 0.006558641975308642
1 0.25361689814814814 0.7191358024691358 0.004340277777777778 0.002700617283950617
8 0.33015046296296297 0.7105516975308642 0.005208333333333333 0.004050925925925926
1 0.15234375 0.6356095679012346 0.005497685185185185 0.005787037037037037
1 0.05555555555555555 0.5051118827160493 0.004629629629629629 0.0036651234567901233
1 0.14293981481481483 0.5591242283950617 0.008101851851851851 0.004436728395061728
8 0.10734953703703703 0.7483603395061729 0.012152777777777778 0.011381172839506173
1 0.16782407407407407 0.7442129629629629 0.007523148148148148 0.005401234567901234
0 0.1986400462962963 0.732445987654321 0.006076388888888889 0.006558641975308642
0 0.22337962962962962 0.6915509259259259 0.009837962962962963 0.005015432098765432
1 0.24030671296296297 0.5721450617283951 0.008391203703703705 0.005401234567901234
1 0.2543402777777778 0.5759066358024691 0.008680555555555556 0.005208333333333333
1 0.30367476851851855 0.5721450617283951 0.009548611111111112 0.005401234567901234
1 0.26142939814814814 0.5647183641975309 0.01070601851851852 0.006751543209876543
1 0.27980324074074076 0.5441743827160493 0.008101851851851851 0.004629629629629629
1 0.8077256944444444 0.6626157407407407 0.006076388888888889 0.004629629629629629
1 0.6770833333333334 0.8239776234567902 0.007523148148148148 0.005208333333333333
8 0.7397280092592593 0.7301311728395061 0.011284722222222222 0.010802469135802469
2 0.5338541666666666 0.8185763888888888 0.01273148148148148 0.005979938271604938
2 0.5182291666666666 0.8142361111111112 0.01273148148148148 0.004243827160493827
1 0.0970775462962963 0.6033950617283951 0.008391203703703705 0.005787037037037037
1 0.1935763888888889 0.6365740740740741 0.004050925925925926 0.002700617283950617
1 0.19820601851851852 0.6358989197530864 0.003472222222222222 0.002507716049382716
8 0.14872685185185186 0.14621913580246915 0.008101851851851851 0.005787037037037037
2 0.43344907407407407 0.8180941358024691 0.018518518518518517 0.006172839506172839
1 0.25810185185185186 0.8600501543209876 0.00636574074074074 0.004050925925925926
8 0.05627893518518518 0.6912615740740741 0.004918981481481482 0.004822530864197531
0 0.14380787037037038 0.6628086419753086 0.007523148148148148 0.003472222222222222
0 0.16420717592592593 0.6779513888888888 0.008969907407407407 0.007523148148148148
1 0.23423032407407407 0.8114390432098766 0.006655092592592593 0.004050925925925926
1 0.21802662037037038 0.8260995370370371 0.006076388888888889 0.004050925925925926
