4 0.1915603248259861 0.48184782608695653 0.014211136890951276 0.008043478260869565
4 0.21331206496519722 0.8235869565217391 0.014211136890951276 0.01108695652173913
4 0.285092807424594 0.6959782608695653 0.008700696055684454 0.010652173913043479
4 0.8642691415313225 0.37967391304347825 0.014501160092807424 0.019782608695652175
4 0.7250580046403712 0.27717391304347827 0.016241299303944315 0.012608695652173913
8 0.11455916473317865 0.34695652173913044 0.00580046403712297 0.006521739130434782
8 0.11078886310904873 0.36869565217391304 0.00580046403712297 0.009565217391304347
3 0.1941705336426914 0.37228260869565216 0.02349187935034803 0.011521739130434782
4 0.17154872389791184 0.5081521739130435 0.013051044083526682 0.006304347826086957
8 0.14834686774941996 0.513804347826087 0.013051044083526682 0.006304347826086957
8 0.17647911832946636 0.5872826086956522 0.011890951276102088 0.012391304347826086
8 0.1919953596287703 0.7075 0.01334106728538283 0.011956521739130435
8 0.21998259860788863 0.6465217391304348 0.014211136890951276 0.01
8 0.22389791183294663 0.5341304347826087 0.011020881670533642 0.006521739130434782
8 0.205046403712297 0.528804347826087 0.0069605568445475635 0.005
8 0.5986078886310905 0.9333695652173913 0.015081206496519721 0.016739130434782607
0 0.511600928074246 0.6797826086956522 0.005220417633410673 0.007391304347826087
8 0.3970417633410673 0.633804347826087 0.009860788863109048 0.006304347826086957
8 0.6970707656612529 0.24706521739130435 0.007830626450116009 0.004565217391304348
1 0.7940835266821346 0.3928260869565217 0.00580046403712297 0.004782608695652174
8 0.8677494199535963 0.5283695652173913 0.008120649651972157 0.006304347826086957
0 0.7289733178654292 0.5989130434782609 0.01131090487238979 0.008695652173913044
8 0.818445475638051 0.8556521739130435 0.011020881670533642 0.008695652173913044
8 0.9106728538283063 0.5816304347826087 0.00580046403712297 0.004565217391304348
8 0.17647911832946636 0.6872826086956522 0.007830626450116009 0.007608695652173913
8 0.10440835266821345 0.5620652173913043 0.0069605568445475635 0.005434782608695652
0 0.26653132250580047 0.6685869565217392 0.015661252900232018 0.006739130434782609
0 0.6062935034802784 0.596304347826087 0.01131090487238979 0.016956521739130436
0 0.162122969837587 0.6921739130434783 0.018561484918793503 0.03
3 0.14660672853828308 0.5271739130434783 0.01537122969837587 0.011739130434782608
3 0.08990719257540604 0.49380434782608695 0.012180974477958236 0.007608695652173913
3 0.12819025522041763 0.4751086956521739 0.05916473317865429 0.025869565217391303
3 0.12703016241299303 0.445 0.018561484918793503 0.025652173913043478
3 0.2994489559164733 0.4834782608695652 0.022331786542923435 0.012608695652173913
3 0.8381670533642691 0.5127173913043478 0.015661252900232018 0.009347826086956522
3 0.8390371229698376 0.5021739130434782 0.016821345707656612 0.01391304347826087
3 0.8667343387470998 0.52 0.006670533642691415 0.006956521739130435
8 0.8077146171693735 0.41880434782608694 0.008120649651972157 0.006304347826086957
3 0.4417053364269142 0.3081521739130435 0.02088167053364269 0.016739130434782607
7 0.882685614849188 0.6314130434782609 0.020591647331786544 0.036304347826086956
8 0.13326566125290024 0.8196739130434783 0.004930394431554524 0.006304347826086957
7 0.8172853828306265 0.41489130434782606 0.01740139211136891 0.010652173913043479
8 0.11165893271461717 0.7426086956521739 0.008120649651972157 0.010434782608695653
0 0.31786542923433875 0.8227173913043478 0.009860788863109048 0.011956521739130435
8 0.8126450116009281 0.7323913043478261 0.011020881670533642 0.008695652173913044
7 0.5246519721577726 0.13065217391304348 0.009860788863109048 0.007391304347826087
0 0.5100058004640371 0.22934782608695653 0.014211136890951276 0.02043478260869565
8 0.5456786542923434 0.4559782608695652 0.005510440835266821 0.005
8 0.21824245939675174 0.8870652173913044 0.008410672853828306 0.007173913043478261
8 0.9283642691415314 0.5766304347826087 0.005220417633410673 0.007608695652173913
8 0.9331496519721578 0.595108695652174 0.004350348027842227 0.008913043478260869
