0 0.0876736111111111 0.5673225308641975 0.031828703703703706 0.048996913580246916
0 0.14554398148148148 0.6162229938271605 0.01099537037037037 0.01408179012345679
6 0.66015625 0.15615354938271606 0.013020833333333334 0.00636574074074074
4 0.6219618055555556 0.4130979938271605 0.008391203703703705 0.011766975308641976
6 0.4308449074074074 0.8422067901234568 0.01678240740740741 0.010802469135802469
4 0.5122974537037037 0.7918595679012346 0.014178240740740741 0.009645061728395061
9 0.6215277777777778 0.824266975308642 0.03356481481481482 0.02199074074074074
8 0.33391203703703703 0.8083526234567902 0.01678240740740741 0.017939814814814815
9 0.3230613425925926 0.8442322530864198 0.019965277777777776 0.012924382716049383
9 0.5950520833333334 0.6500771604938271 0.02459490740740741 0.017361111111111112
8 0.3532986111111111 0.5998263888888888 0.02199074074074074 0.01716820987654321
8 0.10445601851851852 0.5181327160493827 0.016203703703703703 0.012345679012345678
6 0.10908564814814815 0.5353973765432098 0.009837962962962963 0.005979938271604938
0 0.11255787037037036 0.5601851851851852 0.00636574074074074 0.008487654320987654
8 0.09534143518518519 0.31471836419753085 0.01707175925925926 0.016396604938271605
8 0.09273726851851852 0.28973765432098764 0.014756944444444444 0.016203703703703703
8 0.08969907407407407 0.24324845679012347 0.007523148148148148 0.008101851851851851
8 0.9613715277777778 0.3525270061728395 0.010127314814814815 0.024112654320987654
0 0.9105902777777778 0.24797453703703703 0.01678240740740741 0.022955246913580248
8 0.8543113425925926 0.6975308641975309 0.01880787037037037 0.024305555555555556
0 0.12702546296296297 0.6463155864197531 0.03009259259259259 0.030285493827160493
1 0.5856481481481481 0.35223765432098764 0.010416666666666666 0.0073302469135802465
1 0.3030960648148148 0.7712191358024691 0.01707175925925926 0.010802469135802469
0 0.48538773148148145 0.6577932098765432 0.01070601851851852 0.0073302469135802465
1 0.09129050925925926 0.4836033950617284 0.013020833333333334 0.008873456790123456
8 0.06987847222222222 0.5188078703703703 0.007233796296296296 0.010223765432098766
1 0.70703125 0.11207561728395062 0.011863425925925927 0.006944444444444444
1 0.7355324074074074 0.12075617283950617 0.011574074074074073 0.007716049382716049
0 0.8577835648148148 0.1111111111111111 0.021122685185185185 0.019290123456790122
0 0.09346064814814815 0.6240354938271605 0.023148148148148147 0.04359567901234568
0 0.11603009259259259 0.6171875 0.019097222222222224 0.025655864197530864
0 0.16203703703703703 0.6563464506172839 0.03125 0.030285493827160493
0 0.1228298611111111 0.5850694444444444 0.021122685185185185 0.01890432098765432
0 0.10460069444444445 0.5990547839506173 0.013020833333333334 0.015625
0 0.07913773148148148 0.5930748456790124 0.013599537037037037 0.024112654320987654
0 0.15538194444444445 0.7218364197530864 0.015046296296296295 0.015432098765432098
8 0.38078703703703703 0.49758873456790126 0.017361111111111112 0.009066358024691358
0 0.9121817129629629 0.6077353395061729 0.014756944444444444 0.019097222222222224
0 0.9236111111111112 0.5851658950617284 0.013888888888888888 0.01099537037037037
0 0.8689236111111112 0.548804012345679 0.015625 0.010416666666666666
0 0.8933738425925926 0.6305941358024691 0.015914351851851853 0.031635802469135804
0 0.9117476851851852 0.6460262345679012 0.011574074074074073 0.015046296296296295
0 0.9098668981481481 0.6311728395061729 0.018229166666666668 0.02199074074074074
3 0.1566840277777778 0.40557484567901236 0.03501157407407408 0.028356481481481483
3 0.12456597222222222 0.4173418209876543 0.01880787037037037 0.02025462962962963
8 0.05613425925925926 0.3648726851851852 0.016203703703703703 0.019097222222222224
3 0.1472800925925926 0.38850308641975306 0.01099537037037037 0.006172839506172839
0 0.06684027777777778 0.5582561728395061 0.009259259259259259 0.020061728395061727
7 0.14583333333333334 0.37258873456790126 0.0775462962962963 0.03260030864197531
8 0.38208912037037035 0.8207947530864198 0.018229166666666668 0.010802469135802469
7 0.8464988425925926 0.37818287037037035 0.10040509259259259 0.03915895061728395
0 0.20717592592592593 0.6329089506172839 0.013888888888888888 0.009645061728395061
0 0.1847511574074074 0.6063850308641975 0.009548611111111112 0.009837962962962963
0 0.9484953703703703 0.5229552469135802 0.011574074074074073 0.028935185185185185
1 0.5593171296296297 0.050443672839506175 0.009837962962962963 0.005979938271604938
0 0.06524884259259259 0.3119212962962963 0.025173611111111112 0.06905864197530864
0 0.5057870370370371 0.6164158950617284 0.009259259259259259 0.008680555555555556
0 0.4855324074074074 0.6454475308641975 0.013310185185185185 0.006172839506172839
0 0.5033275462962963 0.6287615740740741 0.01070601851851852 0.004436728395061728
0 0.5027488425925926 0.6340663580246914 0.015335648148148149 0.006944444444444444
8 0.1261574074074074 0.5730131172839507 0.009837962962962963 0.00636574074074074
4 0.1440972222222222 0.10532407407407407 0.008680555555555556 0.005787037037037037
0 0.47453703703703703 0.6068672839506173 0.016203703703703703 0.007716049382716049
0 0.5018807870370371 0.2953317901234568 0.008969907407407407 0.014660493827160493
3 0.8544560185185185 0.4209104938271605 0.011574074074074073 0.008101851851851851
6 0.8670428240740741 0.5277777777777778 0.006655092592592593 0.004629629629629629
1 0.3638599537037037 0.08497299382716049 0.009548611111111112 0.005208333333333333
1 0.546875 0.04764660493827161 0.009259259259259259 0.004243827160493827
0 0.7949942129629629 0.6124614197530864 0.009548611111111112 0.013503086419753086
6 0.47280092592592593 0.07301311728395062 0.009259259259259259 0.004822530864197531
8 0.6846064814814815 0.2824074074074074 0.013888888888888888 0.011188271604938271
7 0.2834201388888889 0.7431520061728395 0.015914351851851853 0.007137345679012345
1 0.3152488425925926 0.17496141975308643 0.006076388888888889 0.004243827160493827
1 0.7531828703703703 0.14486882716049382 0.006944444444444444 0.004629629629629629
1 0.9538483796296297 0.4165702160493827 0.006076388888888889 0.005208333333333333
8 0.3237847222222222 0.53125 0.016203703703703703 0.009645061728395061
8 0.11443865740740741 0.6531635802469136 0.013599537037037037 0.009259259259259259
0 0.5379050925925926 0.8494405864197531 0.011574074074074073 0.0036651234567901233
8 0.1535011574074074 0.769579475308642 0.013020833333333334 0.014467592592592593
9 0.43373842592592593 0.8254243827160493 0.008101851851851851 0.006172839506172839
8 0.5506365740740741 0.7857831790123457 0.013310185185185185 0.007908950617283951
2 0.5630787037037037 0.8090277777777778 0.018518518518518517 0.012345679012345678
8 0.8446180555555556 0.5929783950617284 0.020833333333333332 0.016589506172839507
6 0.7743055555555556 0.5363618827160493 0.00636574074074074 0.004050925925925926
0 0.8784722222222222 0.5544945987654321 0.008101851851851851 0.010609567901234568
0 0.8874421296296297 0.5481288580246914 0.009837962962962963 0.00945216049382716
0 0.13151041666666666 0.6881751543209876 0.018229166666666668 0.04147376543209876
0 0.2734375 0.5718557098765432 0.01273148148148148 0.00636574074074074
8 0.3532986111111111 0.48128858024691357 0.008680555555555556 0.005787037037037037
8 0.9460358796296297 0.3519483024691358 0.008969907407407407 0.013310185185185185
1 0.9361979166666666 0.35223765432098764 0.0078125 0.006944444444444444
7 0.9403935185185185 0.3923611111111111 0.003472222222222222 0.0038580246913580245
9 0.21180555555555555 0.8079668209876543 0.017939814814814815 0.014853395061728395