9 0.22607308584686775 0.12195652173913044 0.008990719257540603 0.00608695652173913
1 0.24187935034802785 0.1381521739130435 0.008120649651972157 0.005
8 0.29741879350348027 0.11565217391304349 0.007830626450116009 0.005652173913043478
8 0.32076566125290024 0.0808695652173913 0.008700696055684454 0.007391304347826087
8 0.4163283062645012 0.14597826086956522 0.011890951276102088 0.010652173913043479
4 0.4396751740139211 0.22119565217391304 0.029002320185614848 0.017608695652173913
8 0.07221577726218098 0.3748913043478261 0.015661252900232018 0.029782608695652173
8 0.04553364269141531 0.3584782608695652 0.008700696055684454 0.015217391304347827
4 0.10092807424593968 0.5483695652173913 0.014501160092807424 0.012391304347826086
9 0.5465487238979119 0.44619565217391305 0.013051044083526682 0.012826086956521739
8 0.5294373549883991 0.45032608695652177 0.020591647331786544 0.017608695652173913
1 0.3625290023201856 0.18119565217391304 0.010440835266821345 0.007173913043478261
9 0.6502320185614849 0.04793478260869565 0.015081206496519721 0.009782608695652175
1 0.4176334106728538 0.08630434782608695 0.00580046403712297 0.004347826086956522
4 0.3792053364269142 0.04434782608695652 0.029292343387470998 0.013478260869565217
6 0.3947215777262181 0.1743478260869565 0.010440835266821345 0.007391304347826087
6 0.49956496519721577 0.17891304347826087 0.0095707656612529 0.006956521739130435
1 0.5453886310904872 0.17304347826086958 0.007250580046403712 0.005652173913043478
8 0.6844547563805105 0.17 0.008700696055684454 0.007391304347826087
9 0.5881670533642691 0.22826086956521738 0.011020881670533642 0.00782608695652174
1 0.5652552204176334 0.20434782608695654 0.0063805104408352666 0.005652173913043478
9 0.9177784222737819 0.36478260869565216 0.014791183294663572 0.02217391304347826
9 0.8835556844547564 0.3298913043478261 0.01537122969837587 0.012391304347826086
0 0.9338747099767981 0.4056521739130435 0.0075406032482598605 0.025217391304347827
4 0.921983758700696 0.4351086956521739 0.0069605568445475635 0.01108695652173913
9 0.5046403712296984 0.04728260869565217 0.008120649651972157 0.005
9 0.46635730858468677 0.06054347826086957 0.01160092807424594 0.006304347826086957
8 0.40617749419953597 0.05619565217391304 0.01131090487238979 0.006739130434782609
8 0.42720417633410673 0.06771739130434783 0.0075406032482598605 0.0036956521739130435
1 0.3502030162412993 0.12902173913043477 0.008990719257540603 0.005869565217391304
8 0.12543503480278423 0.26315217391304346 0.014791183294663572 0.014565217391304348
4 0.5414733178654292 0.6133695652173913 0.012180974477958236 0.014130434782608696
4 0.40545243619489557 0.6382608695652174 0.010440835266821345 0.009565217391304347
4 0.5303074245939675 0.7603260869565217 0.011890951276102088 0.008478260869565218
4 0.6447215777262181 0.7901086956521739 0.016821345707656612 0.014130434782608696
9 0.7064965197215777 0.8044565217391304 0.009860788863109048 0.007608695652173913
9 0.6943155452436195 0.8228260869565217 0.009280742459396751 0.007391304347826087
8 0.7415893271461717 0.8346739130434783 0.015661252900232018 0.014565217391304348
8 0.7840777262180975 0.8579347826086956 0.01537122969837587 0.014130434782608696
8 0.8271461716937355 0.8217391304347826 0.002900232018561485 0.003043478260869565
1 0.7424593967517401 0.8122826086956522 0.0063805104408352666 0.005
9 0.7546403712296984 0.8119565217391305 0.008120649651972157 0.006521739130434782
4 0.7942285382830626 0.7280434782608696 0.014211136890951276 0.01217391304347826
8 0.9256090487238979 0.5925 0.010150812064965197 0.013695652173913043
8 0.9486658932714617 0.5930434782608696 0.0063805104408352666 0.014347826086956521
8 0.91415313225058 0.6205434782608695 0.009860788863109048 0.01108695652173913
1 0.4309744779582367 0.4994565217391304 0.009860788863109048 0.009347826086956522
1 0.4319895591647332 0.5140217391304348 0.006670533642691415 0.006304347826086957
9 0.09295243619489559 0.5901086956521739 0.0095707656612529 0.007608695652173913
8 0.10295823665893271 0.7534782608695653 0.0069605568445475635 0.006956521739130435
8 0.13196055684454758 0.7621739130434783 0.010440835266821345 0.00826086956521739
9 0.146461716937355 0.8203260869565218 0.009860788863109048 0.008913043478260869
9 0.11948955916473318 0.851304347826087 0.009860788863109048 0.01217391304347826
8 0.0765661252900232 0.3065217391304348 0.01334106728538283 0.012608695652173913
1 0.18619489559164734 0.3143478260869565 0.0075406032482598605 0.00608695652173913
8 0.1767691415313225 0.31804347826086954 0.008410672853828306 0.006521739130434782
1 0.23622389791183296 0.29380434782608694 0.006090487238979118 0.005869565217391304
1 0.30481438515081205 0.23347826086956522 0.0063805104408352666 0.00608695652173913
1 0.26058584686774944 0.22826086956521738 0.006670533642691415 0.005652173913043478
1 0.36629930394431554 0.11391304347826087 0.00580046403712297 0.005652173913043478
1 0.3248259860788863 0.11021739130434782 0.0075406032482598605 0.006521739130434782
1 0.2601508120649652 0.18434782608695652 0.0075406032482598605 0.005652173913043478
1 0.2613109048723898 0.16478260869565217 0.00580046403712297 0.004782608695652174
1 0.26827146171693733 0.1634782608695652 0.00580046403712297 0.004347826086956522
1 0.6239849187935035 0.12293478260869566 0.006090487238979118 0.004130434782608695
1 0.617169373549884 0.11967391304347826 0.0063805104408352666 0.005
1 0.8111948955916474 0.26304347826086955 0.0069605568445475635 0.006521739130434782
1 0.8452726218097448 0.31021739130434783 0.005510440835266821 0.0052173913043478265
1 0.7601508120649652 0.32706521739130434 0.012180974477958236 0.009782608695652175
1 0.7502900232018561 0.30641304347826087 0.0075406032482598605 0.007173913043478261
1 0.765516241299304 0.24445652173913043 0.008990719257540603 0.007608695652173913
6 0.4212587006960557 0.1666304347826087 0.011890951276102088 0.007173913043478261
9 0.34715777262180975 0.31630434782608696 0.014501160092807424 0.013478260869565217
4 0.33700696055684454 0.3207608695652174 0.008120649651972157 0.007173913043478261
1 0.21215197215777262 0.7678260869565218 0.010150812064965197 0.007391304347826087
1 0.5127610208816705 0.6226086956521739 0.0075406032482598605 0.006956521739130435
1 0.511745939675174 0.5954347826086956 0.007830626450116009 0.006956521739130435
1 0.5246519721577726 0.6025 0.005220417633410673 0.005
1 0.5378480278422274 0.5765217391304348 0.006090487238979118 0.004782608695652174
9 0.7863979118329466 0.8922826086956521 0.014791183294663572 0.015434782608695652
9 0.7231728538283063 0.8959782608695652 0.007250580046403712 0.004565217391304348
8 0.6144141531322506 0.7828260869565218 0.01537122969837587 0.01
1 0.6087587006960556 0.7959782608695652 0.005220417633410673 0.004565217391304348
1 0.35991879350348027 0.5945652173913043 0.015661252900232018 0.011739130434782608
1 0.3480278422273782 0.6169565217391304 0.01160092807424594 0.01
8 0.10600348027842227 0.8177173913043478 0.008410672853828306 0.008913043478260869
1 0.24477958236658934 0.7370652173913044 0.008120649651972157 0.006304347826086957
0 0.38660092807424595 0.9002173913043479 0.0191415313225058 0.017391304347826087
1 0.736368909512761 0.6940217391304347 0.012180974477958236 0.008913043478260869
1 0.9386600928074246 0.4909782608695652 0.006670533642691415 0.007608695652173913
8 0.9360498839907193 0.4693478260869565 0.008990719257540603 0.011739130434782608
1 0.6980858468677494 0.23206521739130434 0.010440835266821345 0.007608695652173913
6 0.710991879350348 0.24282608695652175 0.007250580046403712 0.005652173913043478
1 0.6424013921113689 0.20293478260869566 0.008120649651972157 0.006739130434782609
1 0.6664733178654292 0.22043478260869565 0.008120649651972157 0.006956521739130435
1 0.40965777262180975 0.2758695652173913 0.011890951276102088 0.008695652173913044
8 0.14095127610208816 0.8510869565217392 0.00580046403712297 0.004782608695652174
5 0.8552784222737819 0.7445652173913043 0.02668213457076566 0.03130434782608696
4 0.89457656612529 0.7532608695652174 0.007830626450116009 0.014347826086956521
8 0.10933874709976799 0.40043478260869564 0.008120649651972157 0.006956521739130435
1 0.2849477958236659 0.3119565217391304 0.0095707656612529 0.00782608695652174
1 0.5143561484918794 0.2259782608695652 0.0095707656612529 0.006739130434782609
0 0.6207946635730859 0.15945652173913044 0.010150812064965197 0.006304347826086957
1 0.7250580046403712 0.13184782608695653 0.004640371229698376 0.005
1 0.7194025522041764 0.3391304347826087 0.008990719257540603 0.006956521739130435
1 0.8352668213457076 0.33510869565217394 0.009860788863109048 0.005869565217391304
1 0.6902552204176334 0.29293478260869565 0.01160092807424594 0.008478260869565218
6 0.7669663573085846 0.8032608695652174 0.008410672853828306 0.005652173913043478
6 0.371084686774942 0.8225 0.008410672853828306 0.005434782608695652
8 0.058004640371229696 0.6672826086956521 0.01334106728538283 0.013695652173913043
8 0.018416473317865428 0.5834782608695652 0.007250580046403712 0.011304347826086957
8 0.031902552204176336 0.37565217391304345 0.00580046403712297 0.009130434782608696
8 0.03523781902552204 0.4125 0.007830626450116009 0.011956521739130435
1 0.21722737819025523 0.2634782608695652 0.009280742459396751 0.006956521739130435
1 0.8014791183294664 0.4539130434782609 0.006670533642691415 0.006521739130434782
1 0.8268561484918794 0.4628260869565217 0.0063805104408352666 0.0052173913043478265
1 0.8562935034802784 0.3858695652173913 0.006090487238979118 0.005652173913043478
0 0.7737819025522041 0.7681521739130435 0.016241299303944315 0.018043478260869564
1 0.7182424593967517 0.7713043478260869 0.006670533642691415 0.00391304347826087
1 0.6905452436194895 0.6901086956521739 0.008120649651972157 0.006304347826086957
2 0.30423433874709976 0.9278260869565217 0.01160092807424594 0.01391304347826087
8 0.0529292343387471 0.7178260869565217 0.005510440835266821 0.00608695652173913
8 0.06946055684454756 0.6410869565217391 0.0095707656612529 0.01
8 0.8589037122969838 0.8006521739130434 0.006670533642691415 0.005652173913043478
1 0.6104988399071926 0.17065217391304346 0.01160092807424594 0.007391304347826087
8 0.9193735498839907 0.21456521739130435 0.004640371229698376 0.00391304347826087
8 0.9128480278422274 0.2115217391304348 0.005510440835266821 0.004347826086956522
9 0.9564965197215777 0.33510869565217394 0.009860788863109048 0.010217391304347826
8 0.9396751740139211 0.4404347826086957 0.008700696055684454 0.013043478260869565
1 0.6770591647331786 0.8243478260869566 0.004930394431554524 0.00391304347826087
8 0.8329466357308585 0.8180434782608695 0.011020881670533642 0.006521739130434782
1 0.14109628770301624 0.5631521739130435 0.005510440835266821 0.003260869565217391
1 0.668068445475638 0.14934782608695651 0.010730858468677494 0.004782608695652174
