9 0.4185474537037037 0.41965663580246915 0.010127314814814815 0.005208333333333333
9 0.3107638888888889 0.5127314814814815 0.01273148148148148 0.008101851851851851
4 0.05931712962962963 0.6421682098765432 0.006944444444444444 0.008873456790123456
8 0.6597222222222222 0.49430941358024694 0.027777777777777776 0.016010802469135804
9 0.7377025462962963 0.5219907407407407 0.008969907407407407 0.006944444444444444
9 0.5930266203703703 0.5178433641975309 0.008969907407407407 0.006751543209876543
9 0.6085069444444444 0.4849537037037037 0.008101851851851851 0.005401234567901234
4 0.7236689814814815 0.626929012345679 0.007523148148148148 0.005015432098765432
4 0.8480902777777778 0.6692708333333334 0.008680555555555556 0.007908950617283951
1 0.8984375 0.5670331790123457 0.004050925925925926 0.0028935185185185184
8 0.9100115740740741 0.5713734567901234 0.005208333333333333 0.004629629629629629
8 0.14988425925925927 0.7446952160493827 0.006944444444444444 0.005979938271604938
6 0.3839699074074074 0.7999614197530864 0.005787037037037037 0.0038580246913580245
9 0.4943576388888889 0.7956211419753086 0.007233796296296296 0.004436728395061728
9 0.4396701388888889 0.3446180555555556 0.008969907407407407 0.007137345679012345
9 0.5279224537037037 0.28800154320987653 0.007233796296296296 0.005015432098765432
9 0.6666666666666666 0.5587384259259259 0.009259259259259259 0.006751543209876543
8 0.7692418981481481 0.6674382716049383 0.014178240740740741 0.011574074074074073
4 0.7109375 0.7529899691358025 0.008101851851851851 0.006751543209876543
9 0.7204861111111112 0.7238618827160493 0.006944444444444444 0.004822530864197531
1 0.3658854166666667 0.2322530864197531 0.011284722222222222 0.008487654320987654
9 0.5192418981481481 0.4088541666666667 0.015335648148148149 0.007908950617283951
0 0.29094328703703703 0.540991512345679 0.0234375 0.00945216049382716
9 0.6355613425925926 0.6137152777777778 0.004340277777777778 0.0028935185185185184
9 0.6944444444444444 0.5199652777777778 0.00636574074074074 0.004822530864197531
0 0.1009837962962963 0.5452353395061729 0.015625 0.005208333333333333
9 0.13744212962962962 0.5579668209876543 0.006944444444444444 0.004822530864197531
0 0.5684317129629629 0.7911844135802469 0.007233796296296296 0.003279320987654321
0 0.7206307870370371 0.5392554012345679 0.027488425925925927 0.00945216049382716
0 0.7161458333333334 0.5484182098765432 0.011574074074074073 0.006558641975308642
8 0.9142071759259259 0.5719521604938271 0.005497685185185185 0.004629629629629629
0 0.21773726851851852 0.5365547839506173 0.014756944444444444 0.006751543209876543
0 0.9008969907407407 0.5081983024691358 0.006076388888888889 0.006751543209876543
0 0.9299768518518519 0.5087770061728395 0.0028935185185185184 0.005208333333333333
0 0.17896412037037038 0.6174768518518519 0.006655092592592593 0.006172839506172839
0 0.1640625 0.6221064814814815 0.009837962962962963 0.0038580246913580245
0 0.8467881944444444 0.5856481481481481 0.004340277777777778 0.006172839506172839