9 0.6724187935034803 0.5181521739130435 0.024651972157772623 0.02282608695652174
4 0.511745939675174 0.8641304347826086 0.03219257540603248 0.02
4 0.35440835266821347 0.7930434782608695 0.015081206496519721 0.01391304347826087
4 0.597737819025522 0.4398913043478261 0.0069605568445475635 0.008913043478260869
4 0.9543213457076566 0.35836956521739133 0.007830626450116009 0.007173913043478261
4 0.5236368909512761 0.024130434782608696 0.012470997679814385 0.008695652173913044
4 0.3693445475638051 0.5885869565217391 0.007830626450116009 0.007173913043478261
0 0.34251740139211134 0.5366304347826087 0.016241299303944315 0.015434782608695652
0 0.2703016241299304 0.6252173913043478 0.01160092807424594 0.011739130434782608
0 0.259715777262181 0.6080434782608696 0.018851508120649653 0.012608695652173913
0 0.20287122969837587 0.5872826086956522 0.030452436194895592 0.011521739130434782
0 0.17865429234338748 0.5552173913043478 0.017981438515081206 0.018260869565217393
0 0.13529582366589327 0.5702173913043478 0.014211136890951276 0.013478260869565217
0 0.1142691415313225 0.4941304347826087 0.012180974477958236 0.016956521739130436
0 0.13268561484918792 0.5060869565217392 0.01769141531322506 0.01391304347826087
0 0.06467517401392112 0.46347826086956523 0.01160092807424594 0.01217391304347826
0 0.21374709976798145 0.5419565217391304 0.01740139211136891 0.014347826086956521
0 0.17328886310904873 0.5019565217391304 0.006670533642691415 0.008695652173913044
0 0.1373259860788863 0.6655434782608696 0.008990719257540603 0.012391304347826086
0 0.15182714617169374 0.6378260869565218 0.014791183294663572 0.01217391304347826
0 0.17140371229698376 0.643695652173913 0.01334106728538283 0.012608695652173913
0 0.22041763341067286 0.6725 0.009860788863109048 0.007608695652173913
0 0.2472447795823666 0.6514130434782609 0.010730858468677494 0.008913043478260869
0 0.24448955916473317 0.6265217391304347 0.01160092807424594 0.01565217391304348
0 0.25246519721577726 0.6421739130434783 0.010730858468677494 0.009130434782608696
0 0.2286832946635731 0.6592391304347827 0.015951276102088168 0.010217391304347826
0 0.32308584686774944 0.586304347826087 0.01740139211136891 0.01608695652173913
0 0.304669373549884 0.5204347826086957 0.014211136890951276 0.01
0 0.33178654292343385 0.5251086956521739 0.027842227378190254 0.010652173913043479
0 0.2611658932714617 0.4752173913043478 0.013631090487238979 0.00826086956521739
0 0.24506960556844548 0.47445652173913044 0.012761020881670533 0.009347826086956522
0 0.24506960556844548 0.5113043478260869 0.015661252900232018 0.010869565217391304
0 0.1982308584686775 0.5017391304347826 0.011890951276102088 0.011304347826086957
0 0.15733758700696054 0.5282608695652173 0.007250580046403712 0.005652173913043478
0 0.16632830626450115 0.5201086956521739 0.007830626450116009 0.007173913043478261
0 0.1583526682134571 0.5094565217391305 0.012180974477958236 0.007608695652173913
0 0.11948955916473318 0.5481521739130435 0.0063805104408352666 0.008478260869565218
0 0.10629350348027843 0.6039130434782609 0.008410672853828306 0.010434782608695653
0 0.7478248259860789 0.5484782608695652 0.012470997679814385 0.00826086956521739
0 0.728538283062645 0.5459782608695652 0.009860788863109048 0.005869565217391304
0 0.7292633410672854 0.538804347826087 0.010730858468677494 0.008043478260869565
0 0.7360788863109049 0.5514130434782609 0.0069605568445475635 0.007173913043478261
0 0.7781322505800464 0.5021739130434782 0.014501160092807424 0.014782608695652174
0 0.8383120649651972 0.5221739130434783 0.018271461716937356 0.01565217391304348
0 0.8146751740139211 0.5859782608695652 0.011020881670533642 0.008043478260869565
0 0.8412122969837587 0.5658695652173913 0.0095707656612529 0.010869565217391304
0 0.8726798143851509 0.5634782608695652 0.014501160092807424 0.01217391304347826
0 0.7940835266821346 0.6416304347826087 0.01740139211136891 0.014130434782608696
0 0.9108178654292344 0.47532608695652173 0.01131090487238979 0.012826086956521739
0 0.8896461716937355 0.5002173913043478 0.014211136890951276 0.013043478260869565
0 0.9676624129930395 0.4768478260869565 0.010150812064965197 0.016304347826086956
0 0.9401102088167054 0.44173913043478263 0.017111368909512762 0.011304347826086957
0 0.9254640371229699 0.4731521739130435 0.0069605568445475635 0.007608695652173913
0 0.9251740139211136 0.545 0.008120649651972157 0.01217391304347826
0 0.9019721577726219 0.4966304347826087 0.01160092807424594 0.010217391304347826
0 0.9343097447795824 0.5990217391304348 0.008410672853828306 0.010217391304347826
0 0.8528132250580046 0.7168478260869565 0.008990719257540603 0.010652173913043479
0 0.9469257540603249 0.605108695652174 0.011020881670533642 0.017608695652173913
0 0.8629640371229699 0.5972826086956522 0.006090487238979118 0.011521739130434782
0 0.8597737819025522 0.6064130434782609 0.010150812064965197 0.009347826086956522
0 0.9048723897911833 0.6035869565217391 0.0075406032482598605 0.011956521739130435
0 0.8513631090487239 0.5041304347826087 0.0095707656612529 0.011304347826086957
0 0.8390371229698376 0.4895652173913044 0.015081206496519721 0.008695652173913044
0 0.5783062645011601 0.6118478260869565 0.016241299303944315 0.009347826086956522
0 0.21084686774941996 0.7005434782608696 0.013921113689095127 0.008043478260869565
0 0.1976508120649652 0.7178260869565217 0.007250580046403712 0.013478260869565217
0 0.15226218097447797 0.6717391304347826 0.00580046403712297 0.00826086956521739
0 0.18503480278422274 0.638695652173913 0.009280742459396751 0.009130434782608696
0 0.5755510440835266 0.4901086956521739 0.0095707656612529 0.01108695652173913
0 0.498114849187935 0.1225 0.01769141531322506 0.014130434782608696
0 0.4915893271461717 0.07619565217391304 0.012761020881670533 0.008478260869565218
0 0.47998839907192575 0.08608695652173913 0.008700696055684454 0.006521739130434782
0 0.37746519721577726 0.06695652173913043 0.014211136890951276 0.008695652173913044
0 0.6265951276102089 0.09978260869565217 0.013631090487238979 0.00782608695652174
0 0.6541473317865429 0.11021739130434782 0.017111368909512762 0.00782608695652174
0 0.6160092807424594 0.11608695652173913 0.019721577726218097 0.006956521739130435
8 0.43155452436194897 0.23565217391304347 0.03944315545243619 0.02434782608695652
8 0.3474477958236659 0.6715217391304348 0.018561484918793503 0.02
2 0.33541183294663574 0.8522826086956522 0.0849767981438515 0.06021739130434783
0 0.2776972157772622 0.8222826086956522 0.008410672853828306 0.01108695652173913
0 0.5959976798143851 0.9064130434782609 0.05278422273781903 0.029782608695652173
0 0.6489269141531323 0.8890217391304348 0.03335266821345707 0.021956521739130434
0 0.6808294663573086 0.8770652173913044 0.020591647331786544 0.011521739130434782
0 0.7015661252900232 0.9083695652173913 0.0063805104408352666 0.007608695652173913
0 0.734338747099768 0.8878260869565218 0.02088167053364269 0.017826086956521738
4 0.8142401392111369 0.7898913043478261 0.008410672853828306 0.011521739130434782
0 0.9209686774941995 0.5947826086956521 0.008410672853828306 0.007391304347826087
0 0.9122679814385151 0.6232608695652174 0.0095707656612529 0.01
0 0.911977958236659 0.6096739130434783 0.004350348027842227 0.007173913043478261
0 0.847737819025522 0.5429347826086957 0.012761020881670533 0.009782608695652175
8 0.8503480278422274 0.4425 0.027842227378190254 0.016739130434782607
0 0.8338167053364269 0.49684782608695655 0.012180974477958236 0.006304347826086957
0 0.8413573085846868 0.503695652173913 0.009860788863109048 0.01
0 0.8629640371229699 0.5310869565217391 0.012470997679814385 0.009130434782608696
8 0.7776972157772621 0.5807608695652174 0.02117169373549884 0.01891304347826087
0 0.7544953596287703 0.5760869565217391 0.02697215777262181 0.017391304347826087
0 0.8180104408352669 0.5458695652173913 0.01131090487238979 0.006521739130434782
0 0.8165603248259861 0.5311956521739131 0.0095707656612529 0.007608695652173913
0 0.7720417633410673 0.6233695652173913 0.017981438515081206 0.01108695652173913
0 0.7878480278422274 0.5986956521739131 0.008990719257540603 0.013478260869565217
0 0.8001740139211136 0.6606521739130434 0.008120649651972157 0.009565217391304347
0 0.8217807424593968 0.6244565217391305 0.008990719257540603 0.007608695652173913
0 0.8158352668213457 0.648804347826087 0.009280742459396751 0.01108695652173913
0 0.8133700696055685 0.671304347826087 0.008990719257540603 0.009565217391304347
0 0.8235208816705336 0.6010869565217392 0.017111368909512762 0.014347826086956521
0 0.8270011600928074 0.5729347826086957 0.007250580046403712 0.008043478260869565
0 0.8909512761020881 0.5706521739130435 0.00580046403712297 0.00826086956521739
0 0.9147331786542924 0.5256521739130435 0.0063805104408352666 0.00782608695652174
0 0.8751450116009281 0.48336956521739133 0.013631090487238979 0.006739130434782609
6 0.5501740139211136 0.3442391304347826 0.013921113689095127 0.007173913043478261
0 0.4720127610208817 0.09956521739130435 0.014791183294663572 0.00608695652173913
0 0.7819025522041764 0.6081521739130434 0.012180974477958236 0.009347826086956522
0 0.9248839907192575 0.5131521739130435 0.008700696055684454 0.010217391304347826
0 0.8377320185614849 0.5531521739130435 0.018271461716937356 0.009782608695652175
8 0.7914733178654292 0.08826086956521739 0.02088167053364269 0.012608695652173913
8 0.8539733178654292 0.07 0.013051044083526682 0.010434782608695653
0 0.38660092807424595 0.1792391304347826 0.016241299303944315 0.007608695652173913
0 0.2995939675174014 0.1673913043478261 0.014501160092807424 0.00608695652173913
3 0.22273781902552203 0.4023913043478261 0.023781902552204175 0.011739130434782608
3 0.16980858468677495 0.40097826086956523 0.02117169373549884 0.016739130434782607
3 0.14515661252900233 0.40619565217391307 0.013631090487238979 0.012826086956521739
4 0.1486368909512761 0.35945652173913045 0.004930394431554524 0.004565217391304348
0 0.20127610208816704 0.6553260869565217 0.010440835266821345 0.010652173913043479
0 0.14399651972157773 0.47891304347826086 0.014211136890951276 0.01217391304347826
0 0.15356728538283063 0.47608695652173916 0.008410672853828306 0.008695652173913044
0 0.2604408352668213 0.558804347826087 0.009860788863109048 0.009347826086956522
0 0.26508120649651973 0.524891304347826 0.009280742459396751 0.008478260869565218
0 0.38993619489559167 0.45315217391304347 0.010150812064965197 0.015434782608695652
0 0.4064675174013921 0.43130434782608695 0.01131090487238979 0.011739130434782608
4 0.7330336426914154 0.11989130434782609 0.01131090487238979 0.008478260869565218
0 0.5378480278422274 0.27543478260869564 0.01131090487238979 0.012608695652173913
4 0.5793213457076566 0.32532608695652177 0.008990719257540603 0.006739130434782609
0 0.5168213457076566 0.6248913043478261 0.01160092807424594 0.006739130434782609
0 0.548868909512761 0.6015217391304348 0.008990719257540603 0.00782608695652174
0 0.5595997679814385 0.6130434782608696 0.012470997679814385 0.008695652173913044
0 0.5649651972157773 0.5966304347826087 0.01334106728538283 0.010652173913043479
0 0.3080046403712297 0.6109782608695652 0.012180974477958236 0.008478260869565218
0 0.2990139211136891 0.6175 0.01160092807424594 0.008043478260869565
0 0.3490429234338747 0.08684782608695653 0.010150812064965197 0.006304347826086957
0 0.3863109048723898 0.0933695652173913 0.0069605568445475635 0.006304347826086957
0 0.3815255220417633 0.09967391304347827 0.007250580046403712 0.005869565217391304
0 0.3564385150812065 0.10706521739130435 0.012180974477958236 0.006739130434782609
0 0.6822795823665894 0.15119565217391304 0.017111368909512762 0.012826086956521739
0 0.781322505800464 0.15804347826086956 0.012761020881670533 0.01
0 0.48520881670533644 0.4617391304347826 0.009280742459396751 0.00782608695652174
0 0.48941415313225056 0.8754347826086957 0.029872389791183295 0.011739130434782608
0 0.4228538283062645 0.8855434782608695 0.02668213457076566 0.014565217391304348
0 0.4476508120649652 0.8940217391304348 0.016531322505800465 0.007173913043478261
0 0.3765951276102088 0.8882608695652174 0.020591647331786544 0.010434782608695653
8 0.38196055684454755 0.6254347826086957 0.0191415313225058 0.01391304347826087
0 0.5771461716937355 0.2341304347826087 0.0191415313225058 0.025652173913043478
0 0.49593967517401394 0.2458695652173913 0.015661252900232018 0.02043478260869565
0 0.6086136890951276 0.17358695652173914 0.013051044083526682 0.014565217391304348
0 0.6122389791183295 0.09489130434782608 0.009860788863109048 0.008478260869565218
0 0.5990429234338747 0.5093478260869565 0.017111368909512762 0.013043478260869565
0 0.7584106728538283 0.6154347826086957 0.011020881670533642 0.006956521739130435
0 0.880800464037123 0.7076086956521739 0.0063805104408352666 0.01391304347826087
0 0.8747099767981439 0.7415217391304347 0.0069605568445475635 0.00826086956521739
0 0.851508120649652 0.6182608695652174 0.011020881670533642 0.010869565217391304
3 0.877030162412993 0.3898913043478261 0.014501160092807424 0.005434782608695652
3 0.8406322505800464 0.4098913043478261 0.015951276102088168 0.010652173913043479
0 0.7546403712296984 0.5027173913043478 0.008120649651972157 0.008913043478260869
0 0.9092227378190255 0.6648913043478261 0.008700696055684454 0.012391304347826086
0 0.53915313225058 0.8858695652173914 0.027842227378190254 0.013043478260869565
0 0.5632250580046404 0.8734782608695653 0.021461716937354988 0.009130434782608696
0 0.45881670533642693 0.8714130434782609 0.02668213457076566 0.014565217391304348
8 0.37804524361948955 0.9097826086956522 0.02117169373549884 0.013478260869565217
0 0.3020591647331787 0.8116304347826087 0.018271461716937356 0.012391304347826086
0 0.2837877030162413 0.7832608695652173 0.020591647331786544 0.02434782608695652
0 0.17879930394431554 0.6640217391304348 0.010730858468677494 0.009347826086956522
0 0.1806844547563805 0.6489130434782608 0.008120649651972157 0.01217391304347826
0 0.14095127610208816 0.6241304347826087 0.0063805104408352666 0.008695652173913044
0 0.1339907192575406 0.6327173913043478 0.009280742459396751 0.014130434782608696
0 0.1716937354988399 0.5772826086956522 0.010440835266821345 0.009782608695652175
0 0.1413863109048724 0.5569565217391305 0.005510440835266821 0.00826086956521739
0 0.205046403712297 0.5615217391304348 0.009280742459396751 0.014782608695652174
0 0.11165893271461717 0.5180434782608696 0.012180974477958236 0.009565217391304347
0 0.11963457076566125 0.5073913043478261 0.006670533642691415 0.00782608695652174
0 0.1279002320185615 0.48891304347826087 0.008120649651972157 0.006521739130434782
0 0.40342227378190254 0.4553260869565217 0.015661252900232018 0.011521739130434782
0 0.3968967517401392 0.12706521739130436 0.01943155452436195 0.008478260869565218
0 0.5089907192575406 0.16978260869565218 0.015661252900232018 0.0052173913043478265
0 0.5182714617169374 0.2457608695652174 0.0063805104408352666 0.008043478260869565
0 0.5184164733178654 0.23597826086956522 0.0095707656612529 0.011956521739130435
0 0.660237819025522 0.13804347826086957 0.013051044083526682 0.010869565217391304
0 0.6909802784222738 0.12043478260869565 0.02117169373549884 0.009565217391304347
0 0.6928654292343387 0.16521739130434782 0.01740139211136891 0.01217391304347826
0 0.6511020881670534 0.1792391304347826 0.013921113689095127 0.011956521739130435
0 0.7668213457076566 0.1133695652173913 0.022041763341067284 0.011521739130434782
0 0.5720707656612529 0.4472826086956522 0.016531322505800465 0.018043478260869564
0 0.5276972157772621 0.3015217391304348 0.014211136890951276 0.012608695652173913
4 0.9454756380510441 0.27858695652173915 0.004060324825986079 0.004565217391304348
0 0.6538573085846868 0.6027173913043479 0.014211136890951276 0.009347826086956522
0 0.5983178654292344 0.6245652173913043 0.012180974477958236 0.010434782608695653
0 0.5482888631090487 0.2823913043478261 0.010150812064965197 0.00782608695652174
0 0.31264501160092806 0.5041304347826087 0.020301624129930394 0.019130434782608695
0 0.13428074245939675 0.44554347826086954 0.015661252900232018 0.010652173913043479
0 0.2943735498839907 0.4915217391304348 0.01334106728538283 0.009130434782608696
0 0.5900522041763341 0.09152173913043478 0.01131090487238979 0.00782608695652174
0 0.6548723897911833 0.09934782608695653 0.010440835266821345 0.006521739130434782
0 0.6223897911832946 0.14565217391304347 0.016821345707656612 0.010869565217391304
0 0.9691125290023201 0.4439130434782609 0.011890951276102088 0.014347826086956521
0 0.9419953596287703 0.5502173913043479 0.008700696055684454 0.011739130434782608
0 0.9596867749419954 0.548804347826087 0.0075406032482598605 0.011521739130434782
0 0.8992169373549884 0.5444565217391304 0.007830626450116009 0.008913043478260869
0 0.8720997679814385 0.4956521739130435 0.008120649651972157 0.010434782608695653
0 0.9286542923433875 0.6159782608695652 0.01160092807424594 0.010652173913043479
0 0.8654292343387471 0.6432608695652174 0.0063805104408352666 0.0052173913043478265
0 0.8973317865429234 0.6282608695652174 0.012761020881670533 0.010869565217391304
0 0.9134280742459396 0.5620652173913043 0.006090487238979118 0.005
0 0.9096577726218097 0.5470652173913043 0.006090487238979118 0.005869565217391304
0 0.9670823665893271 0.49934782608695655 0.007250580046403712 0.01217391304347826
0 0.9195185614849188 0.5031521739130435 0.0095707656612529 0.008043478260869565
1 0.5984628770301624 0.35282608695652173 0.010150812064965197 0.008695652173913044
0 0.642691415313225 0.4308695652173913 0.010440835266821345 0.01217391304347826
3 0.9073375870069605 0.3842391304347826 0.013631090487238979 0.013260869565217392
0 0.42169373549883993 0.05445652173913044 0.0069605568445475635 0.006304347826086957
0 0.7021461716937355 0.13293478260869565 0.008700696055684454 0.009347826086956522
0 0.49970997679814383 0.49728260869565216 0.011020881670533642 0.010652173913043479
0 0.1531322505800464 0.5366304347826087 0.009280742459396751 0.007608695652173913
0 0.20446635730858467 0.5141304347826087 0.01160092807424594 0.008695652173913044
0 0.22433294663573086 0.4906521739130435 0.013051044083526682 0.00608695652173913
0 0.23100348027842227 0.4834782608695652 0.012470997679814385 0.00608695652173913
0 0.17488399071925753 0.5207608695652174 0.0069605568445475635 0.009782608695652175
3 0.31554524361948955 0.4143478260869565 0.01160092807424594 0.007391304347826087
3 0.2916183294663573 0.3889130434782609 0.015951276102088168 0.014347826086956521
2 0.11310904872389792 0.7209782608695652 0.014501160092807424 0.02326086956521739
6 0.359338747099768 0.16130434782608696 0.0069605568445475635 0.0052173913043478265
1 0.7310034802784223 0.48206521739130437 0.006670533642691415 0.005434782608695652
6 0.4866589327146172 0.4892391304347826 0.00580046403712297 0.004565217391304348
2 0.4970997679814385 0.43826086956521737 0.020301624129930394 0.01608695652173913
0 0.472592807424594 0.42282608695652174 0.015951276102088168 0.014782608695652174
0 0.43677494199535966 0.4108695652173913 0.017981438515081206 0.01608695652173913
3 0.15501740139211137 0.3908695652173913 0.014211136890951276 0.01217391304347826
3 0.0912122969837587 0.4280434782608696 0.010730858468677494 0.01
8 0.1519721577726218 0.7581521739130435 0.008700696055684454 0.007608695652173913
2 0.4244489559164733 0.8479347826086957 0.031612529002320186 0.014565217391304348
0 0.4775232018561485 0.8644565217391305 0.011890951276102088 0.007173913043478261
2 0.5595997679814385 0.8681521739130434 0.03857308584686775 0.008913043478260869
2 0.66415313225058 0.893804347826087 0.019721577726218097 0.01108695652173913
0 0.7247679814385151 0.7010869565217391 0.012761020881670533 0.01
0 0.7427494199535963 0.6428260869565218 0.010440835266821345 0.009130434782608696
0 0.675754060324826 0.6027173913043479 0.01160092807424594 0.008478260869565218
0 0.371084686774942 0.16717391304347826 0.02117169373549884 0.01956521739130435
1 0.5287122969837587 0.13391304347826086 0.0063805104408352666 0.004782608695652174
0 0.5102958236658933 0.08456521739130435 0.012470997679814385 0.006521739130434782
8 0.8639791183294664 0.04684782608695652 0.016241299303944315 0.013260869565217392
6 0.5379930394431555 0.49282608695652175 0.00580046403712297 0.004347826086956522
0 0.15182714617169374 0.44119565217391304 0.0095707656612529 0.005
0 0.3503480278422274 0.8391304347826087 0.01160092807424594 0.00608695652173913
2 0.3784802784222738 0.8947826086956522 0.018561484918793503 0.011739130434782608
2 0.48970417633410673 0.9021739130434783 0.029292343387470998 0.027391304347826086
0 0.5320475638051044 0.9129347826086956 0.012470997679814385 0.008043478260869565
0 0.6218097447795824 0.8670652173913044 0.009860788863109048 0.007608695652173913
0 0.5329176334106729 0.8539130434782609 0.007250580046403712 0.00608695652173913
0 0.7436194895591647 0.6023913043478261 0.010440835266821345 0.00782608695652174
0 0.8355568445475638 0.6298913043478261 0.01160092807424594 0.017608695652173913
0 0.8277262180974478 0.6390217391304348 0.012761020881670533 0.012391304347826086
0 0.7942285382830626 0.5539130434782609 0.011890951276102088 0.007391304347826087
0 0.9261890951276102 0.6790217391304347 0.006670533642691415 0.011956521739130435
0 0.5754060324825986 0.2501086956521739 0.0063805104408352666 0.013260869565217392
0 0.7817575406032483 0.45956521739130435 0.017111368909512762 0.011739130434782608
0 0.8036542923433875 0.4616304347826087 0.018561484918793503 0.016304347826086956
0 0.830191415313225 0.4841304347826087 0.007250580046403712 0.004782608695652174
0 0.11064385150812064 0.6447826086956522 0.010150812064965197 0.01608695652173913
0 0.2515951276102088 0.6240217391304348 0.007830626450116009 0.008043478260869565
0 0.15965777262180975 0.5914130434782608 0.0031902552204176333 0.004130434782608695
0 0.1666183294663573 0.5905434782608696 0.004930394431554524 0.004130434782608695
0 0.1644431554524362 0.5851086956521739 0.004640371229698376 0.005869565217391304
0 0.15762761020881672 0.5814130434782608 0.004350348027842227 0.003260869565217391
8 0.847592807424594 0.6439130434782608 0.015951276102088168 0.015217391304347827
2 0.4527262180974478 0.8794565217391305 0.05916473317865429 0.013695652173913043
0 0.4482308584686775 0.8631521739130434 0.006090487238979118 0.005434782608695652
0 0.39240139211136893 0.8581521739130434 0.008120649651972157 0.005869565217391304
0 0.3784802784222738 0.8591304347826086 0.009280742459396751 0.006521739130434782