4 0.3343967517401392 0.3716304347826087 0.014501160092807424 0.010217391304347826
4 0.7565255220417634 0.41 0.010150812064965197 0.006956521739130435
8 0.6183294663573086 0.5340217391304348 0.009280742459396751 0.006304347826086957
4 0.8683294663573086 0.766195652173913 0.010440835266821345 0.012826086956521739
2 0.5082656612529002 0.5668478260869565 0.010150812064965197 0.007173913043478261
2 0.41574825986078884 0.5978260869565217 0.01943155452436195 0.02217391304347826
2 0.3039443155452436 0.8658695652173913 0.03596287703016241 0.015217391304347827
2 0.29828886310904873 0.8827173913043478 0.04147331786542923 0.009347826086956522
2 0.3316415313225058 0.9078260869565218 0.018271461716937356 0.011739130434782608
2 0.3625290023201856 0.908804347826087 0.023781902552204175 0.012391304347826086
2 0.39341647331786544 0.8842391304347826 0.028132250580046404 0.013260869565217392
2 0.404292343387471 0.9053260869565217 0.017981438515081206 0.008043478260869565
8 0.4189385150812065 0.9195652173913044 0.01537122969837587 0.00782608695652174
2 0.6609628770301624 0.8868478260869566 0.016821345707656612 0.009347826086956522
2 0.6979408352668214 0.8775 0.04031322505800464 0.010217391304347826
8 0.37572505800464034 0.17282608695652174 0.015951276102088168 0.011304347826086957
3 0.8051044083526682 0.5477173913043478 0.013921113689095127 0.007608695652173913
3 0.8676044083526682 0.5270652173913043 0.013631090487238979 0.011521739130434782
3 0.8409222737819025 0.5332608695652173 0.011890951276102088 0.006956521739130435
3 0.8371519721577726 0.5260869565217391 0.01943155452436195 0.007391304347826087
3 0.8371519721577726 0.5479347826086957 0.014211136890951276 0.006739130434782609
3 0.8812354988399071 0.5742391304347826 0.018271461716937356 0.009347826086956522
3 0.8638341067285383 0.5916304347826087 0.018851508120649653 0.012391304347826086
2 0.9084976798143851 0.5506521739130434 0.007250580046403712 0.004347826086956522
3 0.6708236658932715 0.5383695652173913 0.013921113689095127 0.008913043478260869
3 0.5600348027842227 0.4945652173913043 0.012180974477958236 0.012608695652173913
3 0.13196055684454758 0.46304347826086956 0.010440835266821345 0.006956521739130435
3 0.1476218097447796 0.45304347826086955 0.009860788863109048 0.00782608695652174
0 0.24390951276102088 0.5981521739130434 0.012761020881670533 0.009347826086956522
0 0.27001160092807425 0.6506521739130435 0.0191415313225058 0.011304347826086957
0 0.2565255220417633 0.686304347826087 0.01769141531322506 0.012608695652173913
0 0.27218677494199534 0.6951086956521739 0.01537122969837587 0.007608695652173913
2 0.6928654292343387 0.8643478260869565 0.027842227378190254 0.014347826086956521
8 0.6628480278422274 0.6679347826086957 0.008410672853828306 0.005869565217391304
0 0.6477668213457076 0.7322826086956522 0.013051044083526682 0.025869565217391303
0 0.6670533642691415 0.12369565217391304 0.01334106728538283 0.00608695652173913
8 0.41458816705336426 0.3208695652173913 0.006090487238979118 0.01
0 0.2604408352668213 0.5853260869565218 0.010440835266821345 0.006739130434782609
0 0.26653132250580047 0.6071739130434782 0.011020881670533642 0.008695652173913044
8 0.13094547563805103 0.6733695652173913 0.006090487238979118 0.005869565217391304
8 0.11325406032482599 0.6581521739130435 0.005510440835266821 0.006739130434782609
2 0.31235498839907194 0.9091304347826087 0.01334106728538283 0.010869565217391304
2 0.5720707656612529 0.8854347826086957 0.02291183294663573 0.010869565217391304
0 0.5191415313225058 0.7468478260869565 0.01160092807424594 0.012391304347826086
0 0.7829176334106729 0.6232608695652174 0.008410672853828306 0.007391304347826087
0 0.7803074245939675 0.6454347826086957 0.016531322505800465 0.019130434782608695
0 0.8097447795823666 0.7040217391304348 0.0069605568445475635 0.005869565217391304
0 0.8304814385150812 0.6252173913043478 0.0095707656612529 0.008695652173913044
0 0.25536542923433875 0.6481521739130435 0.01131090487238979 0.011956521739130435
0 0.23491879350348027 0.7028260869565217 0.012761020881670533 0.007391304347826087
0 0.19170533642691415 0.6666304347826087 0.015661252900232018 0.010217391304347826
0 0.7611658932714617 0.7128260869565217 0.007830626450116009 0.006956521739130435
0 0.7974187935034803 0.6028260869565217 0.011890951276102088 0.00782608695652174
0 0.740284222737819 0.6504347826086957 0.011890951276102088 0.008695652173913044
0 0.7410092807424594 0.688695652173913 0.01740139211136891 0.009565217391304347
1 0.43735498839907194 0.5552173913043478 0.009860788863109048 0.00608695652173913
0 0.3838457076566125 0.1483695652173913 0.007250580046403712 0.007608695652173913
0 0.251885150812065 0.6765217391304348 0.011890951276102088 0.00608695652173913
0 0.24448955916473317 0.6829347826086957 0.009860788863109048 0.006304347826086957
8 0.24695475638051045 0.8921739130434783 0.006090487238979118 0.0052173913043478265
8 0.2433294663573086 0.8970652173913043 0.0063805104408352666 0.006739130434782609
0 0.7662412993039444 0.7255434782608695 0.011020881670533642 0.005434782608695652
0 0.757830626450116 0.735108695652174 0.01740139211136891 0.005434782608695652
0 0.8123549883990719 0.7470652173913044 0.009860788863109048 0.011521739130434782
2 0.5024651972157773 0.8847826086956522 0.024651972157772623 0.010434782608695653
1 0.1915603248259861 0.6227173913043478 0.006090487238979118 0.004565217391304348
