6 0.36441415313225056 0.1332608695652174 0.007250580046403712 0.005652173913043478
3 0.35962877030162416 0.48239130434782607 0.014501160092807424 0.009130434782608696
3 0.07990139211136892 0.4140217391304348 0.012470997679814385 0.014565217391304348
3 0.07685614849187936 0.44380434782608696 0.015661252900232018 0.025
3 0.08396171693735499 0.46293478260869564 0.017111368909512762 0.020652173913043477
3 0.05423433874709977 0.4721739130434783 0.02494199535962877 0.02608695652173913
3 0.4401102088167053 0.4642391304347826 0.01537122969837587 0.014565217391304348
1 0.5603248259860789 0.43369565217391304 0.0063805104408352666 0.004782608695652174
3 0.8154002320185615 0.46 0.022331786542923435 0.013043478260869565
3 0.8874709976798144 0.4622826086956522 0.01740139211136891 0.009782608695652175
3 0.9173433874709976 0.44467391304347825 0.012761020881670533 0.013695652173913043
3 0.919953596287703 0.46347826086956523 0.0069605568445475635 0.007391304347826087
3 0.9048723897911833 0.46108695652173914 0.015081206496519721 0.010434782608695653
3 0.8078596287703016 0.4802173913043478 0.029872389791183295 0.01652173913043478
0 0.4464907192575406 0.5184782608695652 0.015951276102088168 0.01217391304347826
0 0.17024361948955916 0.5583695652173913 0.009860788863109048 0.008478260869565218
8 0.18387470997679814 0.5620652173913043 0.012180974477958236 0.009782608695652175
0 0.19446055684454758 0.5825 0.008990719257540603 0.008913043478260869
0 0.21635730858468677 0.6263043478260869 0.027842227378190254 0.017826086956521738
0 0.8294663573085846 0.5944565217391304 0.023781902552204175 0.028478260869565217
2 0.6975058004640371 0.8139130434782609 0.018561484918793503 0.010869565217391304
8 0.42923433874709976 0.8577173913043479 0.02088167053364269 0.015434782608695652
2 0.330046403712297 0.8393478260869566 0.019721577726218097 0.014782608695652174
2 0.31946055684454755 0.8296739130434783 0.01943155452436195 0.012826086956521739
2 0.3064095127610209 0.8429347826086957 0.01769141531322506 0.013695652173913043
8 0.2718967517401392 0.8196739130434783 0.012470997679814385 0.008478260869565218
0 0.220707656612529 0.6096739130434783 0.011020881670533642 0.010652173913043479
3 0.4176334106728538 0.47 0.012761020881670533 0.010869565217391304
0 0.7514501160092807 0.6009782608695652 0.013921113689095127 0.008043478260869565
0 0.7660962877030162 0.591304347826087 0.010150812064965197 0.006956521739130435
8 0.4712877030162413 0.8875 0.009280742459396751 0.005869565217391304
2 0.28175754060324826 0.8052173913043478 0.010150812064965197 0.010869565217391304
2 0.28465777262180975 0.787608695652174 0.007830626450116009 0.007391304347826087
2 0.7004060324825986 0.7808695652173913 0.0075406032482598605 0.013478260869565217
0 0.6107888631090487 0.16282608695652173 0.016241299303944315 0.010869565217391304
6 0.5368329466357309 0.6418478260869566 0.004060324825986079 0.0036956521739130435
3 0.09556264501160093 0.5030434782608696 0.01769141531322506 0.018695652173913044
1 0.27450696055684454 0.1633695652173913 0.011890951276102088 0.008043478260869565
0 0.38921113689095127 0.21239130434782608 0.008120649651972157 0.010869565217391304
0 0.4142981438515081 0.20532608695652174 0.010730858468677494 0.006304347826086957
6 0.6500870069605569 0.20793478260869566 0.007250580046403712 0.005434782608695652
0 0.46316705336426917 0.29532608695652174 0.009860788863109048 0.005434782608695652
0 0.5005800464037123 0.3006521739130435 0.009280742459396751 0.005652173913043478
1 0.03567285382830626 0.4275 0.00580046403712297 0.008478260869565218
8 0.03813805104408353 0.4345652173913043 0.006670533642691415 0.0052173913043478265
0 0.25 0.6455434782608696 0.01334106728538283 0.010652173913043479
8 0.36049883990719256 0.8218478260869565 0.013921113689095127 0.009782608695652175
2 0.5952726218097448 0.84 0.018271461716937356 0.01391304347826087
0 0.4827436194895592 0.6697826086956522 0.008410672853828306 0.009565217391304347
1 0.3918213457076566 0.06456521739130434 0.010440835266821345 0.007391304347826087
6 0.40153712296983757 0.13467391304347825 0.007830626450116009 0.005
0 0.4767981438515081 0.2741304347826087 0.0063805104408352666 0.007391304347826087
0 0.23854408352668213 0.5328260869565218 0.013051044083526682 0.00782608695652174
2 0.4267691415313225 0.8185869565217392 0.027552204176334107 0.010652173913043479
0 0.7524651972157773 0.7914130434782609 0.01537122969837587 0.015869565217391305
0 0.8316415313225058 0.5558695652173913 0.01131090487238979 0.007391304347826087
0 0.804669373549884 0.571195652173913 0.007830626450116009 0.005869565217391304
0 0.1339907192575406 0.5826086956521739 0.033642691415313224 0.018260869565217393
0 0.1351508120649652 0.26804347826086955 0.016241299303944315 0.019130434782608695
0 0.4425754060324826 0.29141304347826086 0.013921113689095127 0.016739130434782607
0 0.4301044083526682 0.2341304347826087 0.00580046403712297 0.00782608695652174
0 0.3941415313225058 0.1941304347826087 0.005220417633410673 0.00608695652173913
0 0.6499419953596288 0.13304347826086957 0.008120649651972157 0.005652173913043478
0 0.4424303944315545 0.33 0.010150812064965197 0.014347826086956521
0 0.1244199535962877 0.5233695652173913 0.008700696055684454 0.007608695652173913
0 0.22650812064965198 0.6355434782608695 0.02088167053364269 0.009782608695652175
8 0.8763051044083526 0.7157608695652173 0.006670533642691415 0.007173913043478261
0 0.8336716937354989 0.6178260869565217 0.0095707656612529 0.014347826086956521
0 0.8470127610208816 0.5942391304347826 0.006090487238979118 0.005434782608695652
0 0.4685324825986079 0.2142391304347826 0.006670533642691415 0.011521739130434782
0 0.4573665893271462 0.22630434782608697 0.010440835266821345 0.01217391304347826
2 0.5656902552204176 0.17195652173913042 0.013051044083526682 0.008695652173913044
