8 0.5666956018518519 0.06944444444444445 0.010127314814814815 0.006558641975308642
8 0.7595486111111112 0.1701388888888889 0.012152777777777778 0.008101851851851851
8 0.6804108796296297 0.11458333333333333 0.013599537037037037 0.007716049382716049
6 0.34085648148148145 0.22955246913580246 0.005208333333333333 0.0038580246913580245
9 0.6258680555555556 0.6249035493827161 0.006944444444444444 0.005208333333333333
8 0.52734375 0.8634259259259259 0.019386574074074073 0.010030864197530864
9 0.7565104166666666 0.7497106481481481 0.015914351851851853 0.010609567901234568
8 0.2706886574074074 0.6690779320987654 0.008391203703703705 0.0055941358024691355
8 0.5277777777777778 0.1871141975308642 0.010416666666666666 0.006172839506172839
8 0.6374421296296297 0.1646412037037037 0.009259259259259259 0.004822530864197531
8 0.8534432870370371 0.22964891975308643 0.008969907407407407 0.00636574074074074
6 0.7288773148148148 0.20244984567901234 0.007523148148148148 0.004822530864197531
1 0.6870659722222222 0.1724537037037037 0.005497685185185185 0.005015432098765432
1 0.7008101851851852 0.16589506172839505 0.005787037037037037 0.0038580246913580245
1 0.8582175925925926 0.17525077160493827 0.005787037037037037 0.004822530864197531
1 0.8466435185185185 0.1775655864197531 0.005787037037037037 0.0036651234567901233
1 0.8929398148148148 0.23070987654320987 0.005208333333333333 0.004629629629629629
1 0.8964120370370371 0.21585648148148148 0.007523148148148148 0.004629629629629629
1 0.7562210648148148 0.1509452160493827 0.006655092592592593 0.005208333333333333
1 0.6234085648148148 0.12316743827160494 0.006076388888888889 0.004822530864197531
1 0.5324074074074074 0.09702932098765432 0.005208333333333333 0.004243827160493827
1 0.7505787037037037 0.1303047839506173 0.006944444444444444 0.004822530864197531
1 0.7871817129629629 0.19087577160493827 0.008391203703703705 0.005208333333333333
1 0.7866030092592593 0.18364197530864199 0.0078125 0.003472222222222222
1 0.6168981481481481 0.1955054012345679 0.004629629629629629 0.003279320987654321
1 0.2902199074074074 0.1310763888888889 0.007523148148148148 0.00636574074074074
1 0.4114583333333333 0.08960262345679013 0.004050925925925926 0.0028935185185185184
1 0.28804976851851855 0.2277199074074074 0.005497685185185185 0.0036651234567901233
0 0.5 0.21354166666666666 0.02025462962962963 0.006944444444444444
0 0.49754050925925924 0.19926697530864199 0.01070601851851852 0.0073302469135802465
0 0.5379050925925926 0.21199845679012347 0.02546296296296296 0.006944444444444444
0 0.5811631944444444 0.22183641975308643 0.02228009259259259 0.006172839506172839
8 0.6038773148148148 0.30324074074074076 0.01273148148148148 0.008101851851851851
6 0.4526909722222222 0.40615354938271603 0.006076388888888889 0.004050925925925926
0 0.48683449074074076 0.37258873456790126 0.011863425925925927 0.00636574074074074
0 0.5030381944444444 0.38069058641975306 0.005497685185185185 0.004436728395061728
0 0.7967303240740741 0.23042052469135801 0.004918981481481482 0.004822530864197531
0 0.46802662037037035 0.2255979938271605 0.010127314814814815 0.004050925925925926
0 0.5222800925925926 0.2275270061728395 0.015046296296296295 0.00945216049382716
0 0.5130208333333334 0.21296296296296297 0.006944444444444444 0.004629629629629629
1 0.6987847222222222 0.13368055555555555 0.00636574074074074 0.005015432098765432
1 0.23958333333333334 0.16647376543209877 0.009837962962962963 0.005401234567901234
1 0.2271412037037037 0.1630979938271605 0.006944444444444444 0.0055941358024691355
1 0.19299768518518517 0.18586033950617284 0.009259259259259259 0.0055941358024691355
1 0.20934606481481483 0.26456404320987653 0.006655092592592593 0.0036651234567901233
1 0.8650173611111112 0.26803626543209874 0.004918981481481482 0.004822530864197531
1 0.8887442129629629 0.24672067901234568 0.006076388888888889 0.004243827160493827
1 0.9139178240740741 0.22038966049382716 0.006655092592592593 0.004822530864197531
1 0.7450810185185185 0.16599151234567902 0.00636574074074074 0.004050925925925926
1 0.7909432870370371 0.15113811728395063 0.006655092592592593 0.004436728395061728
1 0.5460069444444444 0.1349344135802469 0.005787037037037037 0.0028935185185185184
0 0.5590277777777778 0.22897376543209877 0.018518518518518517 0.0073302469135802465
0 0.5209780092592593 0.2103587962962963 0.008391203703703705 0.007523148148148148
0 0.43822337962962965 0.18441358024691357 0.007233796296296296 0.005015432098765432
0 0.5300925925925926 0.2021604938271605 0.01099537037037037 0.005787037037037037
1 0.5805844907407407 0.18123070987654322 0.00318287037037037 0.002507716049382716
8 0.08723958333333333 0.3856095679012346 0.008391203703703705 0.010416666666666666
8 0.1501736111111111 0.5264274691358025 0.009259259259259259 0.005401234567901234
0 0.24204282407407407 0.6306905864197531 0.019386574074074073 0.010609567901234568
0 0.29976851851851855 0.6006944444444444 0.013888888888888888 0.009645061728395061
6 0.5355902777777778 0.5604745370370371 0.009837962962962963 0.0055941358024691355
6 0.48857060185185186 0.6067708333333334 0.007233796296296296 0.004050925925925926
8 0.4600694444444444 0.6395640432098766 0.006944444444444444 0.004822530864197531
8 0.76953125 0.6008873456790124 0.018229166666666668 0.01273148148148148
8 0.7721354166666666 0.5769675925925926 0.015914351851851853 0.009645061728395061
8 0.9198495370370371 0.3890817901234568 0.01099537037037037 0.006944444444444444
8 0.9160879629629629 0.5611496913580247 0.013888888888888888 0.009645061728395061
8 0.8153935185185185 0.7774884259259259 0.017361111111111112 0.011766975308641976
9 0.8627025462962963 0.5793788580246914 0.010127314814814815 0.007137345679012345
8 0.25795717592592593 0.6838348765432098 0.010127314814814815 0.006172839506172839
1 0.5559895833333334 0.30092592592592593 0.006655092592592593 0.005015432098765432
6 0.47410300925925924 0.23852237654320987 0.006076388888888889 0.004050925925925926
6 0.45413773148148145 0.26630015432098764 0.006076388888888889 0.0036651234567901233
0 0.5122974537037037 0.36313657407407407 0.006655092592592593 0.004050925925925926
8 0.4351851851851852 0.37374614197530864 0.009837962962962963 0.004822530864197531
1 0.5743634259259259 0.39380787037037035 0.004629629629629629 0.003279320987654321
0 0.46903935185185186 0.20987654320987653 0.008680555555555556 0.0038580246913580245
1 0.5179398148148148 0.4273726851851852 0.004050925925925926 0.002507716049382716
1 0.4431423611111111 0.4270833333333333 0.003761574074074074 0.002700617283950617
1 0.39033564814814814 0.4077932098765432 0.005208333333333333 0.0038580246913580245
1 0.3949652777777778 0.40788966049382713 0.0023148148148148147 0.001736111111111111
8 0.07696759259259259 0.33111496913580246 0.010416666666666666 0.011766975308641976
8 0.47294560185185186 0.16570216049382716 0.014178240740740741 0.008487654320987654
1 0.8342013888888888 0.17515432098765432 0.005208333333333333 0.004243827160493827
6 0.5028935185185185 0.5298996913580247 0.005208333333333333 0.004243827160493827
1 0.3355034722222222 0.5782214506172839 0.006655092592592593 0.004050925925925926
8 0.5002893518518519 0.7176890432098766 0.011574074074074073 0.0055941358024691355
6 0.5727719907407407 0.7204861111111112 0.007233796296296296 0.003472222222222222
8 0.40031828703703703 0.7027391975308642 0.0078125 0.005015432098765432
1 0.27445023148148145 0.7442129629629629 0.010127314814814815 0.006944444444444444
1 0.8336226851851852 0.5565200617283951 0.006944444444444444 0.004243827160493827
6 0.2287326388888889 0.7062114197530864 0.005497685185185185 0.003472222222222222
8 0.2152777777777778 0.6401427469135802 0.00636574074074074 0.004822530864197531
9 0.08940972222222222 0.5890239197530864 0.009837962962962963 0.008294753086419753
1 0.7138310185185185 0.6290509259259259 0.005208333333333333 0.0038580246913580245
1 0.5380497685185185 0.5940393518518519 0.0078125 0.004436728395061728
1 0.6999421296296297 0.7376543209876543 0.007523148148148148 0.005401234567901234
9 0.8062789351851852 0.7292631172839507 0.007233796296296296 0.004822530864197531
0 0.8357928240740741 0.6306905864197531 0.021701388888888888 0.020640432098765434
0 0.8459201388888888 0.5959683641975309 0.013020833333333334 0.00945216049382716
0 0.7928240740740741 0.6417824074074074 0.013888888888888888 0.013888888888888888
8 0.7893518518518519 0.5902777777777778 0.009259259259259259 0.005401234567901234
3 0.9376446759259259 0.4535108024691358 0.009548611111111112 0.008487654320987654
1 0.6723090277777778 0.4940200617283951 0.005497685185185185 0.0030864197530864196
0 0.18721064814814814 0.5988618827160493 0.017361111111111112 0.00945216049382716
0 0.17607060185185186 0.5823688271604939 0.015914351851851853 0.010416666666666666
0 0.1880787037037037 0.5762924382716049 0.009259259259259259 0.007137345679012345
0 0.1724537037037037 0.6010802469135802 0.011574074074074073 0.009645061728395061
1 0.24681712962962962 0.6024305555555556 0.00636574074074074 0.006172839506172839
1 0.2371238425925926 0.5410879629629629 0.004340277777777778 0.002700617283950617
1 0.31741898148148145 0.5341435185185185 0.005787037037037037 0.0030864197530864196
8 0.21773726851851852 0.6730324074074074 0.007233796296296296 0.004629629629629629
1 0.17679398148148148 0.6430362654320988 0.004050925925925926 0.0028935185185185184
0 0.1605902777777778 0.589891975308642 0.010416666666666666 0.006944444444444444
1 0.7401620370370371 0.5710841049382716 0.00636574074074074 0.004436728395061728
8 0.10315393518518519 0.6401427469135802 0.0078125 0.007523148148148148
1 0.6901041666666666 0.857445987654321 0.007523148148148148 0.006172839506172839
6 0.6892361111111112 0.8197337962962963 0.004629629629629629 0.003279320987654321
0 0.4791666666666667 0.5815007716049383 0.00636574074074074 0.0036651234567901233
0 0.16116898148148148 0.6089891975308642 0.012152777777777778 0.009645061728395061
0 0.10185185185185185 0.5771604938271605 0.012152777777777778 0.011959876543209876
0 0.11950231481481481 0.5793788580246914 0.008680555555555556 0.006751543209876543
0 0.1328125 0.5927854938271605 0.01273148148148148 0.009645061728395061
0 0.12008101851851852 0.5954861111111112 0.013310185185185185 0.0073302469135802465
8 0.8274016203703703 0.7549189814814815 0.01765046296296296 0.013310185185185185
6 0.8142361111111112 0.6766975308641975 0.011574074074074073 0.008101851851851851
6 0.3794849537037037 0.19048996913580246 0.011863425925925927 0.006751543209876543
0 0.45298032407407407 0.2244405864197531 0.008969907407407407 0.005208333333333333
0 0.44994212962962965 0.22077546296296297 0.007523148148148148 0.003279320987654321
0 0.27054398148148145 0.2890625 0.009837962962962963 0.0055941358024691355
6 0.8903356481481481 0.6339699074074074 0.00636574074074074 0.004436728395061728
6 0.8514178240740741 0.6989776234567902 0.006655092592592593 0.005208333333333333
0 0.24927662037037038 0.6463155864197531 0.01244212962962963 0.008680555555555556
0 0.26200810185185186 0.6387924382716049 0.01765046296296296 0.010223765432098766
6 0.3576388888888889 0.853491512345679 0.012152777777777778 0.007523148148148148
6 0.3074363425925926 0.8314043209876543 0.015335648148148149 0.010416666666666666
6 0.37876157407407407 0.8804976851851852 0.00636574074074074 0.004436728395061728
8 0.33275462962962965 0.8831983024691358 0.010416666666666666 0.005208333333333333
0 0.3337673611111111 0.5758101851851852 0.011284722222222222 0.007716049382716049
6 0.45891203703703703 0.5187114197530864 0.006944444444444444 0.004629629629629629
6 0.39771412037037035 0.8725887345679012 0.006655092592592593 0.0036651234567901233
0 0.3003472222222222 0.5731095679012346 0.009259259259259259 0.005787037037037037
0 0.16536458333333334 0.5841049382716049 0.008391203703703705 0.010030864197530864
0 0.15494791666666666 0.5979938271604939 0.007233796296296296 0.005015432098765432
0 0.11429398148148148 0.6116898148148148 0.009259259259259259 0.008101851851851851
0 0.17780671296296297 0.6065779320987654 0.006076388888888889 0.0036651234567901233
0 0.1818576388888889 0.6103395061728395 0.01070601851851852 0.005787037037037037
0 0.17708333333333334 0.6185378086419753 0.008680555555555556 0.006751543209876543
0 0.19212962962962962 0.6224922839506173 0.00636574074074074 0.005787037037037037
0 0.21556712962962962 0.6219135802469136 0.006944444444444444 0.005787037037037037
0 0.18677662037037038 0.6162229938271605 0.008391203703703705 0.007523148148148148
6 0.22178819444444445 0.17901234567901234 0.0078125 0.004629629629629629
1 0.2881944444444444 0.1661844135802469 0.011574074074074073 0.006751543209876543
1 0.7307581018518519 0.1558641975308642 0.011863425925925927 0.006944444444444444
1 0.6048900462962963 0.09018132716049383 0.011284722222222222 0.0055941358024691355
6 0.19241898148148148 0.7053433641975309 0.008680555555555556 0.005979938271604938
1 0.45775462962962965 0.15027006172839505 0.011574074074074073 0.006172839506172839
1 0.3392650462962963 0.1583719135802469 0.011284722222222222 0.006558641975308642
8 0.9616608796296297 0.41695601851851855 0.011284722222222222 0.010223765432098766
6 0.9171006944444444 0.5344328703703703 0.01070601851851852 0.007908950617283951
8 0.9657118055555556 0.5790895061728395 0.007233796296296296 0.009259259259259259
0 0.8483796296296297 0.6167052469135802 0.01273148148148148 0.009645061728395061
1 0.7151331018518519 0.5777391975308642 0.009548611111111112 0.006172839506172839
0 0.4900173611111111 0.6735146604938271 0.006076388888888889 0.007908950617283951
6 0.5662615740740741 0.6633873456790124 0.008101851851851851 0.005015432098765432
6 0.5353009259259259 0.6729359567901234 0.00636574074074074 0.005208333333333333
0 0.13802083333333334 0.5621141975308642 0.011574074074074073 0.004629629629629629
0 0.7835648148148148 0.6654128086419753 0.009837962962962963 0.007523148148148148
0 0.7589699074074074 0.6201774691358025 0.00636574074074074 0.006558641975308642
1 0.18229166666666666 0.19695216049382716 0.006944444444444444 0.004243827160493827
1 0.24016203703703703 0.18518518518518517 0.00636574074074074 0.0038580246913580245
6 0.3546006944444444 0.17881944444444445 0.007233796296296296 0.004243827160493827
1 0.5839120370370371 0.10696373456790123 0.006944444444444444 0.004050925925925926
1 0.6892361111111112 0.12162422839506173 0.006944444444444444 0.005979938271604938
1 0.8842592592592593 0.39197530864197533 0.008680555555555556 0.007716049382716049
8 0.9714988425925926 0.44222608024691357 0.010127314814814815 0.007523148148148148
8 0.9852430555555556 0.4931520061728395 0.015046296296296295 0.017939814814814815
8 0.9014756944444444 0.548804012345679 0.01765046296296296 0.011574074074074073
1 0.7646122685185185 0.6697530864197531 0.005497685185185185 0.003472222222222222
8 0.8287037037037037 0.8107638888888888 0.012152777777777778 0.011188271604938271
8 0.1697048611111111 0.7648533950617284 0.014178240740740741 0.011574074074074073
8 0.13411458333333334 0.6990740740740741 0.02228009259259259 0.017746913580246913
7 0.10865162037037036 0.5698302469135802 0.005497685185185185 0.0073302469135802465
6 0.49623842592592593 0.5788001543209876 0.005208333333333333 0.004050925925925926
8 0.5983796296296297 0.6285686728395061 0.010416666666666666 0.006751543209876543
6 0.4683159722222222 0.34857253086419754 0.0078125 0.005401234567901234
0 0.4500868055555556 0.35734953703703703 0.01244212962962963 0.007137345679012345
0 0.5415219907407407 0.36178626543209874 0.01765046296296296 0.006751543209876543
6 0.5752314814814815 0.3699845679012346 0.007523148148148148 0.004629629629629629
1 0.6390335648148148 0.11805555555555555 0.009548611111111112 0.005015432098765432
8 0.7081886574074074 0.19010416666666666 0.01070601851851852 0.005979938271604938
1 0.6996527777777778 0.21315586419753085 0.008680555555555556 0.005015432098765432
1 0.8590856481481481 0.21633873456790123 0.008101851851851851 0.00636574074074074
8 0.2647569444444444 0.8285108024691358 0.028356481481481483 0.018518518518518517
8 0.8072916666666666 0.8038194444444444 0.013310185185185185 0.008101851851851851
6 0.7855902777777778 0.7109375 0.007523148148148148 0.0055941358024691355
0 0.7750289351851852 0.6922260802469136 0.0078125 0.007137345679012345
0 0.8349247685185185 0.6698495370370371 0.008969907407407407 0.010609567901234568
6 0.7883391203703703 0.6501736111111112 0.008391203703703705 0.004822530864197531
1 0.13585069444444445 0.26321373456790126 0.008391203703703705 0.004822530864197531
1 0.1478587962962963 0.2683256172839506 0.005208333333333333 0.003472222222222222
8 0.8197337962962963 0.12876157407407407 0.014467592592592593 0.009066358024691358
1 0.7997685185185185 0.19212962962962962 0.007523148148148148 0.004629629629629629
1 0.7978877314814815 0.2189429012345679 0.006655092592592593 0.004243827160493827
1 0.8304398148148148 0.27584876543209874 0.004629629629629629 0.002700617283950617
8 0.9450231481481481 0.6865354938271605 0.006944444444444444 0.009645061728395061
8 0.9037905092592593 0.6471836419753086 0.005497685185185185 0.0038580246913580245
0 0.8330439814814815 0.6800733024691358 0.014467592592592593 0.011766975308641976
0 0.8446180555555556 0.6513310185185185 0.01099537037037037 0.01408179012345679
6 0.6553819444444444 0.8858024691358025 0.005787037037037037 0.003472222222222222
6 0.44907407407407407 0.6728395061728395 0.006944444444444444 0.005015432098765432
1 0.06278935185185185 0.4193672839506173 0.005787037037037037 0.0038580246913580245
0 0.0787037037037037 0.43171296296296297 0.017939814814814815 0.02507716049382716
0 0.44212962962962965 0.390625 0.009837962962962963 0.004629629629629629
8 0.10112847222222222 0.18836805555555555 0.004918981481481482 0.003279320987654321
0 0.07783564814814815 0.31491126543209874 0.007523148148148148 0.010223765432098766
1 0.3576388888888889 0.18479938271604937 0.004629629629629629 0.0030864197530864196
1 0.8938078703703703 0.24932484567901234 0.005208333333333333 0.0036651234567901233
8 0.9625289351851852 0.3956404320987654 0.013020833333333334 0.011574074074074073
1 0.34056712962962965 0.8804976851851852 0.00636574074074074 0.003279320987654321