1 0.8024941995359629 0.24706521739130435 0.0069605568445475635 0.005434782608695652
1 0.7060614849187935 0.12054347826086957 0.010150812064965197 0.007173913043478261
1 0.666038283062645 0.11847826086956521 0.007250580046403712 0.005652173913043478
1 0.21026682134570765 0.21315217391304347 0.009280742459396751 0.005869565217391304
3 0.15356728538283063 0.46152173913043476 0.01769141531322506 0.013043478260869565
3 0.11629930394431555 0.4790217391304348 0.0063805104408352666 0.006304347826086957
3 0.0923723897911833 0.46630434782608693 0.01131090487238979 0.00782608695652174
1 0.0912122969837587 0.45054347826086955 0.0095707656612529 0.008913043478260869
3 0.04161832946635731 0.4834782608695652 0.007830626450116009 0.00826086956521739
3 0.08178654292343387 0.47402173913043477 0.0069605568445475635 0.007608695652173913
3 0.09135730858468677 0.4841304347826087 0.008120649651972157 0.011304347826086957
3 0.08120649651972157 0.4606521739130435 0.005220417633410673 0.005652173913043478
3 0.08367169373549883 0.4959782608695652 0.004930394431554524 0.006739130434782609
3 0.04161832946635731 0.5048913043478261 0.004930394431554524 0.01108695652173913
3 0.07627610208816706 0.5051086956521739 0.008120649651972157 0.008043478260869565
3 0.12122969837587007 0.501195652173913 0.018561484918793503 0.006304347826086957
3 0.121084686774942 0.5352173913043479 0.010730858468677494 0.011304347826086957
1 0.20345127610208816 0.5508695652173913 0.013051044083526682 0.008695652173913044
6 0.21737238979118328 0.5655434782608696 0.007830626450116009 0.004565217391304348
1 0.1982308584686775 0.5870652173913044 0.005510440835266821 0.004565217391304348
1 0.21534222737819025 0.6183695652173913 0.006090487238979118 0.006304347826086957
1 0.1515371229698376 0.6391304347826087 0.008410672853828306 0.01
1 0.2060614849187935 0.5906521739130435 0.008990719257540603 0.004782608695652174
3 0.15748259860788863 0.4727173913043478 0.0075406032482598605 0.005434782608695652
3 0.16966357308584687 0.5067391304347826 0.017981438515081206 0.00826086956521739
3 0.8590487238979119 0.48630434782608695 0.016241299303944315 0.01391304347826087
3 0.8902262180974478 0.48630434782608695 0.008990719257540603 0.00826086956521739
3 0.9260440835266821 0.483695652173913 0.0075406032482598605 0.010869565217391304
3 0.8509280742459396 0.49880434782608696 0.013921113689095127 0.009782608695652175
3 0.9013921113689095 0.5121739130434783 0.011020881670533642 0.008695652173913044
3 0.9325696055684455 0.5125 0.005510440835266821 0.006739130434782609
1 0.8462877030162413 0.5898913043478261 0.008120649651972157 0.005434782608695652
8 0.6980858468677494 0.6266304347826087 0.01334106728538283 0.010652173913043479
3 0.8736948955916474 0.5118478260869566 0.013631090487238979 0.014130434782608696
3 0.8488979118329466 0.5076086956521739 0.013921113689095127 0.00782608695652174
6 0.7096867749419954 0.5788043478260869 0.005220417633410673 0.004565217391304348
1 0.6824245939675174 0.5785869565217391 0.0069605568445475635 0.004565217391304348
8 0.7953886310904872 0.6558695652173913 0.008990719257540603 0.00782608695652174
8 0.8303364269141531 0.783804347826087 0.009280742459396751 0.008043478260869565
8 0.7795823665893271 0.8081521739130435 0.010440835266821345 0.011956521739130435
8 0.6545823665893271 0.8628260869565217 0.013921113689095127 0.010434782608695653
1 0.7237529002320185 0.8542391304347826 0.006090487238979118 0.005434782608695652
7 0.5455336426914154 0.7102173913043478 0.03248259860788863 0.02391304347826087
8 0.5712006960556845 0.7316304347826087 0.017111368909512762 0.015434782608695652
0 0.4762180974477958 0.5934782608695652 0.013921113689095127 0.018260869565217393
8 0.314385150812065 0.7364130434782609 0.017981438515081206 0.012826086956521739
8 0.3620939675174014 0.7577173913043478 0.015951276102088168 0.01717391304347826
8 0.3800754060324826 0.7382608695652174 0.014211136890951276 0.01
1 0.3190255220417633 0.7653260869565217 0.0075406032482598605 0.006304347826086957
8 0.1980858468677494 0.8398913043478261 0.014501160092807424 0.014130434782608696
3 0.5698955916473318 0.4791304347826087 0.011020881670533642 0.01
3 0.416038283062645 0.5133695652173913 0.015951276102088168 0.010652173913043479
1 0.656322505800464 0.641195652173913 0.008700696055684454 0.006739130434782609
0 0.7614559164733179 0.6468478260869566 0.008410672853828306 0.005869565217391304
8 0.5870069605568445 0.7729347826086956 0.009860788863109048 0.008478260869565218
8 0.8032192575406032 0.8259782608695653 0.01131090487238979 0.011956521739130435
9 0.8484628770301624 0.6794565217391304 0.02117169373549884 0.015869565217391305
3 0.11803944315545244 0.6181521739130434 0.008700696055684454 0.008478260869565218
3 0.09860788863109049 0.6092391304347826 0.008120649651972157 0.007608695652173913
3 0.12964037122969838 0.5705434782608696 0.01160092807424594 0.011956521739130435
3 0.1644431554524362 0.5760869565217391 0.012761020881670533 0.006956521739130435
3 0.07888631090487239 0.5430434782608695 0.008700696055684454 0.011739130434782608
3 0.08468677494199536 0.5456521739130434 0.0075406032482598605 0.006521739130434782
3 0.07091067285382831 0.5335869565217392 0.007250580046403712 0.008043478260869565
3 0.04103828306264501 0.5303260869565217 0.0037703016241299302 0.006739130434782609
3 0.04799883990719257 0.5227173913043478 0.007830626450116009 0.012391304347826086
3 0.05930974477958237 0.49195652173913046 0.004350348027842227 0.00391304347826087
3 0.09382250580046404 0.4075 0.01131090487238979 0.009782608695652175
3 0.1019431554524362 0.42619565217391303 0.013051044083526682 0.012391304347826086
6 0.8345417633410673 0.6031521739130434 0.005510440835266821 0.004130434782608695
1 0.849477958236659 0.6182608695652174 0.0075406032482598605 0.0052173913043478265
1 0.8159802784222738 0.596304347826087 0.008410672853828306 0.005652173913043478
6 0.7892981438515081 0.6220652173913044 0.007830626450116009 0.005
1 0.777262180974478 0.6055434782608695 0.008120649651972157 0.007173913043478261
6 0.7060614849187935 0.563695652173913 0.006090487238979118 0.005652173913043478
3 0.7196925754060325 0.3840217391304348 0.011890951276102088 0.007608695652173913
1 0.43662993039443154 0.4007608695652174 0.01131090487238979 0.008478260869565218
7 0.7911832946635731 0.2891304347826087 0.0388631090487239 0.03304347826086956
0 0.8790603248259861 0.5689130434782609 0.009860788863109048 0.01217391304347826
0 0.8774651972157773 0.5767391304347826 0.004930394431554524 0.0026086956521739132
0 0.8786252900232019 0.5818478260869565 0.006670533642691415 0.005
0 0.8918213457076566 0.5766304347826087 0.010440835266821345 0.005869565217391304
3 0.9035672853828306 0.5320652173913043 0.008410672853828306 0.006739130434782609
3 0.9154582366589327 0.524891304347826 0.006090487238979118 0.008043478260869565
3 0.9148781902552204 0.5159782608695652 0.0026102088167053363 0.003260869565217391
3 0.8562935034802784 0.5277173913043478 0.010150812064965197 0.008043478260869565
3 0.8742749419953596 0.5293478260869565 0.007250580046403712 0.01
1 0.884860788863109 0.5623913043478261 0.004060324825986079 0.00391304347826087
3 0.44968097447795824 0.4416304347826087 0.006090487238979118 0.004130434782608695
1 0.6267401392111369 0.5164130434782609 0.00580046403712297 0.0036956521739130435
1 0.20939675174013922 0.2415217391304348 0.0034802784222737818 0.0026086956521739132
1 0.3352668213457077 0.8782608695652174 0.008700696055684454 0.006521739130434782
0 0.3467227378190255 0.6705434782608696 0.007830626450116009 0.013260869565217392
0 0.3333816705336427 0.6552173913043479 0.010150812064965197 0.009565217391304347
1 0.5187064965197216 0.9004347826086957 0.0037703016241299302 0.0026086956521739132
1 0.38892111368909515 0.9067391304347826 0.00580046403712297 0.00391304347826087
0 0.195330626450116 0.7104347826086956 0.005510440835266821 0.004782608695652174
0 0.19228538283062646 0.745 0.01334106728538283 0.013478260869565217
7 0.31003480278422274 0.815 0.0765661252900232 0.052608695652173916
1 0.16589327146171692 0.15978260869565217 0.009280742459396751 0.007391304347826087
0 0.5062354988399071 0.38021739130434784 0.014211136890951276 0.010869565217391304
1 0.693445475638051 0.1882608695652174 0.008120649651972157 0.006521739130434782
1 0.9095127610208816 0.3166304347826087 0.00580046403712297 0.007173913043478261
1 0.8322215777262181 0.5415217391304348 0.004930394431554524 0.00391304347826087
8 0.492169373549884 0.8955434782608696 0.008700696055684454 0.007173913043478261
0 0.5838167053364269 0.6882608695652174 0.01334106728538283 0.01
8 0.22505800464037123 0.779891304347826 0.011020881670533642 0.01108695652173913
1 0.2984338747099768 0.6528260869565218 0.010440835266821345 0.00826086956521739
1 0.275377030162413 0.6798913043478261 0.008990719257540603 0.005869565217391304
1 0.28857308584686775 0.1975 0.00580046403712297 0.005
1 0.28799303944315546 0.23141304347826086 0.005220417633410673 0.005434782608695652
1 0.33802204176334105 0.09260869565217392 0.004350348027842227 0.004347826086956522
1 0.664008120649652 0.5944565217391304 0.005510440835266821 0.004565217391304348
1 0.644431554524362 0.9205434782608696 0.004060324825986079 0.004130434782608695
2 0.441415313225058 0.8957608695652174 0.010440835266821345 0.005434782608695652
8 0.17444895591647333 0.7144565217391304 0.007830626450116009 0.007608695652173913
1 0.32743619489559167 0.7183695652173913 0.013921113689095127 0.009347826086956522
1 0.13587587006960558 0.5475 0.008410672853828306 0.006739130434782609
0 0.09585266821345707 0.33119565217391306 0.008410672853828306 0.011521739130434782
1 0.7737819025522041 0.22695652173913045 0.0075406032482598605 0.006521739130434782
1 0.5542343387470998 0.9101086956521739 0.004060324825986079 0.003260869565217391
1 0.5691705336426914 0.913804347826087 0.004350348027842227 0.003260869565217391
1 0.9190835266821346 0.5590217391304347 0.0069605568445475635 0.005434782608695652
8 0.24173433874709976 0.8796739130434783 0.018851508120649653 0.015434782608695652
1 0.4332946635730858 0.3446739130434783 0.00580046403712297 0.004130434782608695
0 0.5743909512761021 0.28152173913043477 0.006090487238979118 0.01
0 0.3180104408352668 0.26217391304347826 0.010150812064965197 0.005652173913043478