9 0.2923433874709977 0.9132608695652173 0.011020881670533642 0.00826086956521739
4 0.22491299303944315 0.9096739130434782 0.007830626450116009 0.006739130434782609
9 0.6570475638051044 0.8763043478260869 0.006670533642691415 0.006521739130434782
9 0.22157772621809746 0.691195652173913 0.014501160092807424 0.008043478260869565
8 0.10179814385150812 0.7760869565217391 0.008120649651972157 0.008695652173913044
8 0.18010440835266822 0.8345652173913043 0.008120649651972157 0.007391304347826087
1 0.5540893271461717 0.7084782608695652 0.007250580046403712 0.006521739130434782
1 0.4448955916473318 0.2258695652173913 0.013921113689095127 0.00608695652173913
1 0.3850058004640371 0.17782608695652175 0.013051044083526682 0.006521739130434782
1 0.37021461716937354 0.23554347826086958 0.011890951276102088 0.005869565217391304
1 0.4064675174013921 0.06880434782608695 0.007830626450116009 0.005869565217391304
1 0.5014501160092807 0.06184782608695652 0.01160092807424594 0.005
1 0.3805104408352668 0.11076086956521738 0.008700696055684454 0.005434782608695652
1 0.6532772621809745 0.12717391304347825 0.005510440835266821 0.0052173913043478265
1 0.7381090487238979 0.1927173913043478 0.0063805104408352666 0.005869565217391304
8 0.7849477958236659 0.7421739130434782 0.0095707656612529 0.00608695652173913
1 0.7062064965197216 0.7498913043478261 0.005220417633410673 0.004130434782608695
1 0.6141241299303944 0.8366304347826087 0.006670533642691415 0.005869565217391304
0 0.4989849187935035 0.7286956521739131 0.004350348027842227 0.007391304347826087
0 0.496084686774942 0.7214130434782609 0.010150812064965197 0.006739130434782609
1 0.3660092807424594 0.7097826086956521 0.0063805104408352666 0.0052173913043478265
1 0.5778712296983759 0.4273913043478261 0.008410672853828306 0.006956521739130435
1 0.5700406032482599 0.4043478260869565 0.006090487238979118 0.004347826086956522
1 0.6205046403712297 0.41358695652173916 0.006090487238979118 0.0036956521739130435
1 0.8238109048723898 0.5078260869565218 0.005510440835266821 0.004347826086956522
1 0.863399071925754 0.48641304347826086 0.004060324825986079 0.002826086956521739
3 0.8371519721577726 0.4965217391304348 0.008410672853828306 0.009565217391304347
3 0.8377320185614849 0.5134782608695653 0.006670533642691415 0.005652173913043478
3 0.8568735498839907 0.4907608695652174 0.0095707656612529 0.009782608695652175
3 0.11412412993039443 0.5002173913043478 0.008410672853828306 0.010434782608695653
3 0.08033642691415313 0.4981521739130435 0.01160092807424594 0.007608695652173913
1 0.1492169373549884 0.46641304347826085 0.0037703016241299302 0.003260869565217391
4 0.8960266821345708 0.2617391304347826 0.005510440835266821 0.00608695652173913
1 0.8674593967517401 0.2534782608695652 0.002320185614849188 0.003043478260869565
1 0.6222447795823666 0.18706521739130436 0.006090487238979118 0.0036956521739130435
1 0.7639211136890951 0.5520652173913043 0.0034802784222737818 0.0036956521739130435
3 0.14602668213457076 0.4152173913043478 0.007250580046403712 0.011304347826086957
1 0.5783062645011601 0.6981521739130435 0.005220417633410673 0.0036956521739130435
1 0.5929524361948956 0.6951086956521739 0.004350348027842227 0.002826086956521739
0 0.4053074245939675 0.5364130434782609 0.006090487238979118 0.008043478260869565
3 0.822215777262181 0.5641304347826087 0.015081206496519721 0.010434782608695653
3 0.863254060324826 0.5228260869565218 0.024651972157772623 0.02
3 0.859483758700696 0.45010869565217393 0.03857308584686775 0.03326086956521739
0 0.5870069605568445 0.135 0.00580046403712297 0.0034782608695652175
3 0.4554814385150812 0.53 0.01131090487238979 0.01565217391304348
3 0.4388051044083527 0.5218478260869566 0.015661252900232018 0.009347826086956522
3 0.42140371229698376 0.4915217391304348 0.009860788863109048 0.00826086956521739
3 0.40748259860788866 0.5040217391304348 0.012180974477958236 0.014565217391304348
3 0.6083236658932715 0.5252173913043479 0.008410672853828306 0.00826086956521739
3 0.5870069605568445 0.5055434782608695 0.0069605568445475635 0.005
0 0.17357888631090487 0.5453260869565217 0.01537122969837587 0.011956521739130435
0 0.17865429234338748 0.7196739130434783 0.012180974477958236 0.015434782608695652
8 0.1541473317865429 0.7989130434782609 0.006090487238979118 0.0052173913043478265
1 0.1480568445475638 0.21467391304347827 0.007830626450116009 0.005869565217391304
0 0.26899651972157773 0.23391304347826086 0.012470997679814385 0.011739130434782608
3 0.09715777262180975 0.4733695652173913 0.023781902552204175 0.027608695652173915
3 0.1290603248259861 0.47108695652173915 0.012180974477958236 0.00826086956521739
3 0.14820185614849188 0.4909782608695652 0.02320185614849188 0.020652173913043477
3 0.1205046403712297 0.5078260869565218 0.03103248259860789 0.017391304347826087
3 0.057569605568445474 0.48445652173913045 0.01131090487238979 0.010217391304347826
1 0.05466937354988399 0.49684782608695655 0.004350348027842227 0.004130434782608695
0 0.12978538283062646 0.5945652173913043 0.010730858468677494 0.011739130434782608
3 0.8404872389791184 0.5356521739130434 0.0191415313225058 0.01391304347826087
3 0.8609338747099768 0.5676086956521739 0.020011600928074247 0.03
8 0.876885150812065 0.6022826086956522 0.011890951276102088 0.007608695652173913
8 0.8990719257540604 0.625 0.005220417633410673 0.0052173913043478265
6 0.4425754060324826 0.7571739130434783 0.004640371229698376 0.00391304347826087
8 0.9070475638051044 0.3269565217391304 0.014791183294663572 0.01608695652173913
0 0.2534802784222738 0.6352173913043478 0.012761020881670533 0.007391304347826087
9 0.8407772621809745 0.5947826086956521 0.016241299303944315 0.010869565217391304
0 0.6998259860788864 0.6203260869565217 0.013921113689095127 0.009347826086956522
0 0.5578596287703016 0.9243478260869565 0.010730858468677494 0.010869565217391304
0 0.552784222737819 0.7044565217391304 0.008120649651972157 0.006739130434782609
8 0.7995939675174014 0.827391304347826 0.005220417633410673 0.004782608695652174
8 0.8187354988399071 0.7715217391304348 0.00580046403712297 0.005652173913043478
0 0.228538283062645 0.8007608695652174 0.015661252900232018 0.011956521739130435
1 0.18097447795823665 0.5866304347826087 0.005220417633410673 0.004565217391304348
1 0.24129930394431554 0.61 0.00580046403712297 0.00608695652173913
0 0.23071345707656613 0.7042391304347826 0.013051044083526682 0.010217391304347826
0 0.25710556844547566 0.7267391304347826 0.024651972157772623 0.012608695652173913
1 0.1277552204176334 0.6766304347826086 0.004930394431554524 0.004130434782608695
1 0.11397911832946636 0.7039130434782609 0.004640371229698376 0.004347826086956522
1 0.17778422273781902 0.87 0.0075406032482598605 0.00782608695652174
1 0.8058294663573086 0.7038043478260869 0.004930394431554524 0.0036956521739130435
0 0.8235208816705336 0.6481521739130435 0.02291183294663573 0.013260869565217392
1 0.33077146171693733 0.13804347826086957 0.008990719257540603 0.00608695652173913
1 0.416038283062645 0.09184782608695652 0.007250580046403712 0.004565217391304348
0 0.490284222737819 0.15380434782608696 0.013631090487238979 0.006739130434782609
0 0.4904292343387471 0.1608695652173913 0.016241299303944315 0.00782608695652174
1 0.706931554524362 0.1957608695652174 0.0095707656612529 0.007608695652173913
1 0.6922853828306265 0.14608695652173914 0.009280742459396751 0.005652173913043478
9 0.4456206496519722 0.3606521739130435 0.007830626450116009 0.004782608695652174
8 0.11832946635730858 0.8025 0.004640371229698376 0.004565217391304348