4 0.05290920716112532 0.6035722848237832 0.008631713554987212 0.013186286262287222
4 0.22474424552429667 0.5312874610405178 0.017902813299232736 0.014385039558858786
9 0.32544757033248084 0.5990170222968113 0.016624040920716114 0.012227283625029969
3 0.5479539641943734 0.5532246463677775 0.015345268542199489 0.012706784943658594
3 0.503037084398977 0.6312634859745865 0.01438618925831202 0.012467034284344283
3 0.6272378516624041 0.6415727643251019 0.01854219948849105 0.015344042196116039
3 0.6403452685421995 0.6588348117957324 0.010869565217391304 0.012467034284344283
3 0.7621483375959079 0.7269239990409974 0.017263427109974423 0.009590026372572525
3 0.7701406649616368 0.4168065212179333 0.014066496163682864 0.009350275713258211
8 0.7062020460358056 0.9055382402301606 0.016624040920716114 0.01390553824023016
9 0.6636828644501279 0.8840805562215296 0.017902813299232736 0.013186286262287222
8 0.6390664961636828 0.9115320067130185 0.027493606138107418 0.022057060656916806
8 0.6299552429667519 0.8957084631982738 0.01694373401534527 0.011028530328458403
9 0.5107097186700768 0.9080556221529609 0.0239769820971867 0.015104291536801727
8 0.12627877237851662 0.7784703907935747 0.01278772378516624 0.012946535602972908
3 0.08759590792838874 0.48153919923279787 0.014066496163682864 0.010309278350515464
1 0.2709398976982097 0.0932630064732678 0.010549872122762148 0.008151522416686647
3 0.9427749360613811 0.4023016063294174 0.016624040920716114 0.01006952769120115
3 0.9077685421994884 0.5055142651642291 0.01118925831202046 0.009829777031886838
0 0.7474424552429667 0.5915847518580676 0.021099744245524295 0.012706784943658594
0 0.7164322250639387 0.5957803883960681 0.01854219948849105 0.009590026372572525
8 0.905690537084399 0.7006713018460801 0.008951406649616368 0.007911771757372333
1 0.22090792838874682 0.8771277871014145 0.008312020460358057 0.006473267801486454
8 0.20012787723785166 0.8633421241908416 0.00959079283887468 0.007672021098058019
8 0.18142583120204603 0.846080076720211 0.006713554987212276 0.005274514504914889
1 0.07720588235294118 0.6432510189403021 0.003516624040920716 0.0038360105490290097
1 0.11125319693094629 0.655358427235675 0.0038363171355498722 0.0026372572524574443
7 0.6507352941176471 0.9238791656677056 0.02717391304347826 0.012227283625029969
1 0.4749040920716113 0.2182929753056821 0.007352941176470588 0.005034763845600575
6 0.4913682864450128 0.07432270438743707 0.0076726342710997444 0.004315511867657636
0 0.24504475703324807 0.685327259649964 0.009271099744245524 0.005993766482857828
8 0.11668797953964194 0.69983217453848 0.014066496163682864 0.012467034284344283
8 0.09239130434782608 0.6951570366818509 0.007033248081841432 0.009350275713258211
8 0.08775575447570333 0.7051066890433949 0.006713554987212276 0.007672021098058019
8 0.050671355498721225 0.6511627906976745 0.007352941176470588 0.01150803164708703
8 0.042679028132992326 0.5788779669144091 0.0079923273657289 0.008870774394629586
8 0.04203964194373402 0.605730040757612 0.009271099744245524 0.011268280987772716
8 0.15824808184143221 0.7618077199712299 0.011508951406649617 0.011268280987772716
2 0.28548593350383633 0.8943898345720451 0.017902813299232736 0.012706784943658594
8 0.29092071611253195 0.9147686406137617 0.00639386189258312 0.005034763845600575
8 0.5863171355498721 0.8791656677055862 0.021739130434782608 0.014385039558858786
8 0.6886189258312021 0.8977463438024454 0.019820971867007674 0.014145288899544474
1 0.7250639386189258 0.7589307120594582 0.005754475703324808 0.0035962598897146965
9 0.7412084398976982 0.77487413090386 0.007352941176470588 0.005274514504914889
0 0.2958759590792839 0.5824742268041238 0.013746803069053709 0.006473267801486454
1 0.6347506393861893 0.5109086549988012 0.01118925831202046 0.007192519779429393
9 0.5110294117647058 0.7278830016782546 0.015664961636828643 0.011987532965715655
8 0.08136189258312021 0.6235914648765284 0.0041560102301790285 0.005274514504914889
0 0.49744245524296676 0.3434428194677535 0.01278772378516624 0.011268280987772716