4 0.3187354988399072 0.21717391304347827 0.019721577726218097 0.013478260869565217
4 0.763631090487239 0.8993478260869565 0.012761020881670533 0.00826086956521739
8 0.7399941995359629 0.7555434782608695 0.015951276102088168 0.011521739130434782
8 0.19504060324825986 0.7119565217391305 0.014791183294663572 0.009130434782608696
8 0.4250290023201856 0.36695652173913046 0.018271461716937356 0.011739130434782608
9 0.6845997679814385 0.14043478260869566 0.013631090487238979 0.010434782608695653
8 0.6863399071925754 0.1334782608695652 0.0095707656612529 0.00608695652173913
1 0.46824245939675174 0.15782608695652173 0.004350348027842227 0.003043478260869565
1 0.4147331786542923 0.12206521739130435 0.008120649651972157 0.005
6 0.3109048723897912 0.20771739130434783 0.00580046403712297 0.004130434782608695
6 0.3720997679814385 0.17945652173913043 0.005220417633410673 0.004130434782608695
1 0.23433874709976799 0.33804347826086956 0.009860788863109048 0.009130434782608696
1 0.08874709976798144 0.48793478260869566 0.0069605568445475635 0.007173913043478261
0 0.36571925754060325 0.48456521739130437 0.008700696055684454 0.009130434782608696
3 0.19228538283062646 0.5043478260869565 0.017981438515081206 0.00782608695652174
3 0.21911252900232017 0.4969565217391304 0.01769141531322506 0.008695652173913044
3 0.11644431554524362 0.4984782608695652 0.011890951276102088 0.007391304347826087
3 0.14167633410672853 0.49195652173913046 0.008410672853828306 0.00608695652173913
3 0.14733178654292342 0.4881521739130435 0.0075406032482598605 0.005
1 0.14602668213457076 0.5394565217391304 0.005510440835266821 0.004130434782608695
1 0.3109048723897912 0.5551086956521739 0.00580046403712297 0.0036956521739130435
1 0.35658352668213456 0.5445652173913044 0.004930394431554524 0.004347826086956522
0 0.17778422273781902 0.5639130434782609 0.016241299303944315 0.009130434782608696
3 0.09614269141531323 0.4916304347826087 0.01131090487238979 0.006304347826086957
3 0.0726508120649652 0.4292391304347826 0.010150812064965197 0.009782608695652175
3 0.16154292343387472 0.38369565217391305 0.010440835266821345 0.00826086956521739
8 0.24463457076566125 0.21858695652173912 0.007830626450116009 0.005869565217391304
6 0.40023201856148494 0.10934782608695652 0.004640371229698376 0.0034782608695652175
8 0.36354408352668216 0.07326086956521739 0.010730858468677494 0.006956521739130435
6 0.2707366589327146 0.21989130434782608 0.0037703016241299302 0.002391304347826087
1 0.5479988399071926 0.42369565217391303 0.007250580046403712 0.005652173913043478
8 0.7942285382830626 0.3482608695652174 0.015951276102088168 0.011739130434782608
9 0.912122969837587 0.22891304347826086 0.015081206496519721 0.014782608695652174
8 0.7924883990719258 0.2267391304347826 0.01537122969837587 0.007391304347826087
1 0.8603538283062645 0.22554347826086957 0.006670533642691415 0.0036956521739130435
1 0.5810614849187935 0.06891304347826087 0.006670533642691415 0.0034782608695652175
1 0.6962006960556845 0.18141304347826087 0.014211136890951276 0.009347826086956522
1 0.9641821345707656 0.43293478260869567 0.006670533642691415 0.005
8 0.7979988399071926 0.6273913043478261 0.014791183294663572 0.009565217391304347
0 0.6545823665893271 0.6059782608695652 0.009280742459396751 0.008478260869565218
0 0.5036252900232019 0.7240217391304348 0.0095707656612529 0.006304347826086957
0 0.4508410672853828 0.7139130434782609 0.013051044083526682 0.011739130434782608
0 0.28306264501160094 0.7191304347826087 0.01740139211136891 0.007391304347826087
8 0.13486078886310904 0.720108695652174 0.013921113689095127 0.012391304347826086
8 0.1424013921113689 0.8066304347826087 0.008700696055684454 0.008913043478260869
1 0.5694605568445475 0.7404347826086957 0.006670533642691415 0.004782608695652174
1 0.6709686774941995 0.5886956521739131 0.004930394431554524 0.00391304347826087
1 0.6664733178654292 0.5821739130434782 0.0069605568445475635 0.0034782608695652175
8 0.9064675174013921 0.6285869565217391 0.005510440835266821 0.005
3 0.7985788863109049 0.5120652173913044 0.010150812064965197 0.007173913043478261
3 0.8525232018561485 0.4821739130434783 0.0095707656612529 0.006956521739130435
8 0.8152552204176334 0.23315217391304346 0.0063805104408352666 0.005
1 0.20243619489559164 0.5164130434782609 0.0063805104408352666 0.004130434782608695
7 0.39631670533642693 0.5175 0.049593967517401395 0.04456521739130435
3 0.09585266821345707 0.5260869565217391 0.015951276102088168 0.018260869565217393
3 0.04524361948955916 0.518804347826087 0.012180974477958236 0.021521739130434783
7 0.4926044083526682 0.14304347826086958 0.033932714617169374 0.03826086956521739
8 0.572360788863109 0.11945652173913043 0.018271461716937356 0.015869565217391305
8 0.31453016241299303 0.10608695652173913 0.007250580046403712 0.0052173913043478265
0 0.35440835266821347 0.1284782608695652 0.008120649651972157 0.004782608695652174
1 0.2476798143851508 0.13010869565217392 0.008700696055684454 0.005434782608695652
1 0.25145011600928074 0.14771739130434783 0.008120649651972157 0.005869565217391304
3 0.14153132250580047 0.48032608695652174 0.009860788863109048 0.008478260869565218
0 0.16980858468677495 0.634891304347826 0.010150812064965197 0.008913043478260869
0 0.22607308584686775 0.6345652173913043 0.015951276102088168 0.01217391304347826
8 0.8283062645011601 0.8465217391304348 0.008700696055684454 0.00826086956521739
0 0.771606728538283 0.14782608695652175 0.01131090487238979 0.008695652173913044
3 0.30713457076566125 0.3566304347826087 0.015081206496519721 0.013260869565217392
1 0.72665313225058 0.19119565217391304 0.01131090487238979 0.009347826086956522
1 0.7079466357308585 0.17228260869565218 0.009860788863109048 0.008043478260869565
8 0.2078016241299304 0.23402173913043478 0.013051044083526682 0.008043478260869565
6 0.48564385150812067 0.20304347826086958 0.006090487238979118 0.00391304347826087
0 0.6315255220417634 0.22456521739130436 0.01537122969837587 0.009130434782608696
0 0.6316705336426914 0.20141304347826086 0.009860788863109048 0.006739130434782609
0 0.7349187935034803 0.6228260869565218 0.01160092807424594 0.00782608695652174
0 0.6818445475638051 0.605108695652174 0.012761020881670533 0.006739130434782609
0 0.716792343387471 0.6354347826086957 0.0095707656612529 0.007391304347826087
0 0.7276682134570766 0.6572826086956521 0.008120649651972157 0.007608695652173913
0 0.7640661252900232 0.6242391304347826 0.013631090487238979 0.009782608695652175
8 0.7998839907192575 0.8956521739130435 0.023781902552204175 0.014782608695652174
8 0.1537122969837587 0.841304347826087 0.02088167053364269 0.01217391304347826
8 0.1537122969837587 0.8717391304347826 0.010440835266821345 0.006956521739130435
0 0.18010440835266822 0.6693478260869565 0.008120649651972157 0.005652173913043478
8 0.049593967517401395 0.2590217391304348 0.010440835266821345 0.01108695652173913
8 0.1519721577726218 0.2708695652173913 0.01160092807424594 0.010434782608695653
0 0.3716647331786543 0.2358695652173913 0.013051044083526682 0.01217391304347826
1 0.4469257540603248 0.12402173913043478 0.00580046403712297 0.004130434782608695
1 0.7794373549883991 0.2093478260869565 0.010150812064965197 0.006521739130434782
8 0.9303944315545244 0.38380434782608697 0.009860788863109048 0.007608695652173913
8 0.9504060324825986 0.6577173913043478 0.008700696055684454 0.016304347826086956
0 0.8296113689095128 0.7097826086956521 0.01943155452436195 0.03
0 0.7727668213457076 0.6890217391304347 0.010150812064965197 0.006304347826086957
0 0.7502900232018561 0.7238043478260869 0.016821345707656612 0.013695652173913043
0 0.77334686774942 0.653804347826087 0.007830626450116009 0.005434782608695652
0 0.5052204176334106 0.7297826086956521 0.009280742459396751 0.006956521739130435
0 0.20794663573085848 0.7771739130434783 0.0069605568445475635 0.009565217391304347
0 0.26450116009280744 0.6345652173913043 0.016821345707656612 0.00782608695652174
0 0.2009860788863109 0.6297826086956522 0.012761020881670533 0.009130434782608696
1 0.09715777262180975 0.37673913043478263 0.009280742459396751 0.00782608695652174
0 0.7270881670533643 0.6077173913043479 0.009280742459396751 0.007173913043478261
0 0.6924303944315545 0.6196739130434783 0.01131090487238979 0.007608695652173913
0 0.7482598607888631 0.6970652173913043 0.010440835266821345 0.006304347826086957
6 0.5698955916473318 0.7504347826086957 0.008700696055684454 0.006521739130434782
0 0.41690835266821347 0.18782608695652173 0.007250580046403712 0.006956521739130435
8 0.6106438515081206 0.5530434782608695 0.012470997679814385 0.009130434782608696
8 0.1345707656612529 0.7322826086956522 0.012761020881670533 0.010652173913043479
0 0.09701276102088167 0.45858695652173914 0.011890951276102088 0.013695652173913043
