0 0.11658932714617169 0.2447826086956522 0.020301624129930394 0.022608695652173914
7 0.099622969837587 0.5453260869565217 0.016531322505800465 0.01847826086956522
8 0.27102668213457076 0.6364130434782609 0.017111368909512762 0.011521739130434782
9 0.3368619489559165 0.6409782608695652 0.020011600928074247 0.011956521739130435
8 0.23274361948955916 0.7460869565217392 0.030452436194895592 0.01652173913043478
8 0.21911252900232017 0.7846739130434782 0.02697215777262181 0.02108695652173913
9 0.5282772621809745 0.8952173913043479 0.03103248259860789 0.02043478260869565
9 0.4447505800464037 0.8782608695652174 0.01537122969837587 0.010869565217391304
9 0.4957946635730858 0.8768478260869565 0.014211136890951276 0.008478260869565218
9 0.41096287703016243 0.9344565217391304 0.012761020881670533 0.008478260869565218
8 0.6670533642691415 0.5446739130434782 0.02088167053364269 0.03152173913043478
0 0.6260150812064965 0.7098913043478261 0.013051044083526682 0.01108695652173913
4 0.539008120649652 0.4057608695652174 0.02349187935034803 0.021521739130434783
0 0.7410092807424594 0.5439130434782609 0.019721577726218097 0.009130434782608696
0 0.7700116009280742 0.5859782608695652 0.015661252900232018 0.013260869565217392
0 0.7821925754060325 0.6082608695652174 0.034222737819025524 0.03304347826086956
0 0.8483178654292344 0.6702173913043479 0.0069605568445475635 0.00826086956521739
0 0.7837877030162413 0.6905434782608696 0.011890951276102088 0.007608695652173913
5 0.7170823665893271 0.8514130434782609 0.049593967517401395 0.03152173913043478
8 0.761745939675174 0.8143478260869565 0.018851508120649653 0.015217391304347827
1 0.6605278422273781 0.23434782608695653 0.010730858468677494 0.006956521739130435
0 0.7114269141531323 0.23434782608695653 0.011020881670533642 0.00826086956521739
0 0.3609338747099768 0.1807608695652174 0.008410672853828306 0.008913043478260869
4 0.08454176334106729 0.5929347826086957 0.007830626450116009 0.011521739130434782
8 0.1756090487238979 0.6656521739130434 0.01943155452436195 0.02434782608695652
0 0.22955336426914152 0.7216304347826087 0.012470997679814385 0.008043478260869565
0 0.24115429234338748 0.6102173913043478 0.01943155452436195 0.009130434782608696
0 0.28393271461716935 0.5810869565217391 0.014501160092807424 0.01
1 0.7463747099767981 0.19608695652173913 0.007250580046403712 0.00608695652173913
7 0.22723317865429235 0.5355434782608696 0.011890951276102088 0.007173913043478261
6 0.25536542923433875 0.717391304347826 0.007250580046403712 0.004782608695652174
0 0.8113399071925754 0.5584782608695652 0.026392111368909513 0.022608695652173914
1 0.2798723897911833 0.17869565217391303 0.0075406032482598605 0.00608695652173913
1 0.5595997679814385 0.4072826086956522 0.007830626450116009 0.006739130434782609
0 0.5620649651972158 0.41456521739130436 0.009280742459396751 0.006521739130434782
0 0.2585556844547564 0.5721739130434783 0.03915313225058004 0.03391304347826087
8 0.5928074245939675 0.9071739130434783 0.013921113689095127 0.009565217391304347
0 0.9351798143851509 0.5040217391304348 0.008990719257540603 0.011956521739130435
6 0.326131090487239 0.11967391304347826 0.005510440835266821 0.004130434782608695
6 0.6142691415313225 0.08760869565217391 0.0069605568445475635 0.00391304347826087
8 0.8488979118329466 0.5269565217391304 0.017981438515081206 0.01391304347826087
0 0.8680394431554525 0.582391304347826 0.008700696055684454 0.00826086956521739
1 0.8687645011600929 0.5533695652173913 0.014211136890951276 0.007608695652173913
8 0.8314965197215777 0.6972826086956522 0.0191415313225058 0.011521739130434782
8 0.8039443155452436 0.7307608695652174 0.016821345707656612 0.016304347826086956
8 0.7979988399071926 0.7979347826086957 0.017111368909512762 0.012391304347826086
0 0.4756380510440835 0.5842391304347826 0.00580046403712297 0.009782608695652175
0 0.3654292343387471 0.5939130434782609 0.008700696055684454 0.008695652173913044
0 0.24144431554524362 0.7127173913043479 0.012470997679814385 0.005869565217391304
0 0.6599477958236659 0.1666304347826087 0.008990719257540603 0.006739130434782609
1 0.3874709976798144 0.40010869565217394 0.0069605568445475635 0.005434782608695652
6 0.23752900232018562 0.6275 0.00580046403712297 0.005
0 0.2275232018561485 0.6541304347826087 0.017111368909512762 0.01217391304347826
0 0.2663863109048724 0.5944565217391304 0.010150812064965197 0.009782608695652175
8 0.42096867749419953 0.9109782608695652 0.01769141531322506 0.011956521739130435
8 0.6793793503480279 0.6465217391304348 0.024651972157772623 0.023478260869565216
0 0.7453596287703016 0.6353260869565217 0.015081206496519721 0.007608695652173913
0 0.7581206496519721 0.6082608695652174 0.012761020881670533 0.009130434782608696
0 0.7800174013921114 0.6283695652173913 0.010150812064965197 0.007608695652173913
0 0.810469837587007 0.5293478260869565 0.014791183294663572 0.00826086956521739
0 0.7507250580046404 0.6551086956521739 0.01537122969837587 0.009347826086956522
1 0.9111078886310905 0.43728260869565216 0.006090487238979118 0.006304347826086957
8 0.814530162412993 0.09358695652173914 0.010730858468677494 0.007608695652173913
0 0.884860788863109 0.591304347826087 0.008700696055684454 0.00826086956521739
0 0.798723897911833 0.6847826086956522 0.008700696055684454 0.006521739130434782
0 0.789008120649652 0.7116304347826087 0.010150812064965197 0.007173913043478261
0 0.810469837587007 0.6739130434782609 0.016531322505800465 0.00826086956521739
0 0.8719547563805105 0.6181521739130434 0.010730858468677494 0.011521739130434782
8 0.6883700696055685 0.9080434782608696 0.01943155452436195 0.014347826086956521
0 0.5984628770301624 0.9231521739130435 0.028132250580046404 0.011521739130434782
8 0.40342227378190254 0.7667391304347826 0.015661252900232018 0.011304347826086957
0 0.26421113689095127 0.6617391304347826 0.02088167053364269 0.005652173913043478
9 0.7990139211136891 0.6408695652173914 0.030162412993039442 0.024782608695652172
0 0.7884280742459396 0.6991304347826087 0.014791183294663572 0.007391304347826087
5 0.3059744779582367 0.9111956521739131 0.037122969837587005 0.028478260869565217
8 0.9285092807424594 0.5677173913043478 0.01537122969837587 0.02673913043478261
8 0.06220997679814385 0.4584782608695652 0.005510440835266821 0.016956521739130436
