8 0.11413043478260869 0.02469431790937425 0.014066496163682864 0.01006952769120115
8 0.1656010230179028 0.026732198513545913 0.008951406649616368 0.005034763845600575
8 0.2538363171355499 0.0411172380724047 0.008951406649616368 0.00695276912011508
8 0.2754156010230179 0.009350275713258211 0.01118925831202046 0.007192519779429393
8 0.2281010230179028 0.05957803883960681 0.008631713554987212 0.005514265164229201
0 0.5126278772378516 0.10261328218652602 0.01438618925831202 0.008631023735315272
0 0.512468030690537 0.11244305921841286 0.014066496163682864 0.007672021098058019
8 0.559462915601023 0.1572764325101894 0.017263427109974423 0.011028530328458403
8 0.7701406649616368 0.023495564612802684 0.015345268542199489 0.01150803164708703
1 0.7050831202046036 0.020738432030688085 0.01118925831202046 0.007432270438743707
1 0.6727941176470589 0.0046751378566291055 0.006713554987212276 0.004555262526971949
8 0.767423273657289 0.10644929273555502 0.016304347826086956 0.009110525053943897
8 0.9275895140664961 0.13557899784224406 0.010549872122762148 0.010788779669144091
4 0.9050511508951407 0.1371373771277871 0.011508951406649617 0.01006952769120115
4 0.6687979539641944 0.4756653080795972 0.00959079283887468 0.013426036921601535
4 0.38794757033248084 0.584272356748981 0.01694373401534527 0.016782546152001917
4 0.22937979539641945 0.5350035962598897 0.015025575447570333 0.015104291536801727
4 0.10406010230179027 0.5192999280748022 0.01118925831202046 0.008631023735315272
9 0.24904092071611253 0.6909614001438504 0.012148337595907928 0.009110525053943897
8 0.25191815856777494 0.703668185087509 0.013427109974424553 0.009590026372572525
8 0.21755115089514065 0.678374490529849 0.008631713554987212 0.00695276912011508
9 0.16320332480818414 0.6939582833852793 0.01438618925831202 0.010788779669144091
8 0.9456521739130435 0.6732198513545912 0.00959079283887468 0.010549029009829777
8 0.9347826086956522 0.6844881323423639 0.010869565217391304 0.012946535602972908
4 0.19197570332480818 0.8440421961160394 0.007352941176470588 0.00695276912011508
8 0.768542199488491 0.8961879645169024 0.014705882352941176 0.008631023735315272
8 0.7197890025575447 0.9526492447854231 0.015664961636828643 0.0146247902181731
8 0.5607416879795396 0.42999280748022056 0.010869565217391304 0.007911771757372333
6 0.49264705882352944 0.5378806041716615 0.00959079283887468 0.005993766482857828
9 0.6211636828644501 0.6382162550947015 0.007033248081841432 0.005754015823543515
8 0.13634910485933505 0.7964516902421481 0.01438618925831202 0.015344042196116039
4 0.08695652173913043 0.7554543274994007 0.0038363171355498722 0.0038360105490290097
0 0.1133312020460358 0.5097099017022296 0.015025575447570333 0.007192519779429393
0 0.13570971867007672 0.5408774874130904 0.012468030690537084 0.009590026372572525
0 0.10869565217391304 0.5544233996643491 0.020460358056265986 0.020378806041716616
0 0.14402173913043478 0.5980580196595541 0.013107416879795396 0.008391273076000958
0 0.09846547314578005 0.6323423639415008 0.010869565217391304 0.010788779669144091
0 0.11253196930946291 0.6360584991608726 0.015345268542199489 0.011987532965715655
0 0.10198209718670077 0.6467274035003596 0.017902813299232736 0.011747782306401342
8 0.09942455242966752 0.6470870294893311 0.004475703324808184 0.0028770079117717575
1 0.2348145780051151 0.6594341884440182 0.0079923273657289 0.005034763845600575
8 0.8240089514066496 0.8041237113402062 0.026534526854219948 0.01918005274514505
8 0.5345268542199488 0.9409014624790218 0.019820971867007674 0.010309278350515464
8 0.5551470588235294 0.9530088707743947 0.012468030690537084 0.011987532965715655
6 0.568574168797954 0.9338288180292496 0.0041560102301790285 0.0028770079117717575
0 0.1563299232736573 0.6830496283864781 0.014705882352941176 0.008631023735315272
0 0.07544757033248081 0.5984176456485255 0.016624040920716114 0.009110525053943897
1 0.8148976982097187 0.005873891153200671 0.008951406649616368 0.005514265164229201
9 0.8307225063938619 0.011747782306401342 0.012468030690537084 0.008151522416686647
1 0.837116368286445 0.02888995444737473 0.011828644501278773 0.007432270438743707
1 0.8842710997442456 0.02996883241428914 0.0076726342710997444 0.0038360105490290097
9 0.946611253196931 0.0061136418125149845 0.007033248081841432 0.005034763845600575
8 0.9285485933503836 0.07024694317909375 0.0079923273657289 0.005754015823543515
1 0.4584398976982097 0.3319347878206665 0.010869565217391304 0.008870774394629586
9 0.38331202046035806 0.8947494605610166 0.008951406649616368 0.007192519779429393
1 0.434462915601023 0.9235195396787341 0.005754475703324808 0.004315511867657636
8 0.47218670076726343 0.9243586669863342 0.010869565217391304 0.006473267801486454
8 0.06985294117647059 0.7155358427235675 0.01118925831202046 0.013186286262287222
4 0.5775255754475703 0.528290577799089 0.013746803069053709 0.012706784943658594
0 0.9248721227621484 0.6517621673459602 0.021739130434782608 0.023735315272117
0 0.9798593350383632 0.6623111963557899 0.026854219948849106 0.033325341644689525
0 0.9528452685421995 0.7198513545912252 0.03804347826086957 0.04723087988491968
0 0.9295076726342711 0.6721409733876769 0.02717391304347826 0.026132821865260128
0 0.9053708439897699 0.7085830736034524 0.04219948849104859 0.041956365380004794
0 0.86556905370844 0.7386717813473987 0.015664961636828643 0.016303044833373293
8 0.030850383631713555 0.17034284344281947 0.007352941176470588 0.008870774394629586
8 0.054987212276214836 0.16566770558619037 0.00639386189258312 0.007192519779429393
9 0.11365089514066497 0.031766962359146486 0.009271099744245524 0.00695276912011508
1 0.11908567774936062 0.13234236394150084 0.005434782608695652 0.004795013186286262
1 0.1198849104859335 0.06988731719012227 0.005115089514066497 0.004555262526971949
1 0.09558823529411764 0.14313114361064494 0.0038363171355498722 0.005754015823543515
1 0.5626598465473146 0.19120115080316472 0.008312020460358057 0.006473267801486454
1 0.6943734015345269 0.11244305921841286 0.004475703324808184 0.0038360105490290097
1 0.7952365728900256 0.0493886358187485 0.007352941176470588 0.005274514504914889
9 0.3692455242966752 0.5374011028530329 0.010230179028132993 0.007432270438743707
0 0.2965153452685422 0.519899304723088 0.0079923273657289 0.006473267801486454
8 0.21115728900255754 0.846080076720211 0.01694373401534527 0.01390553824023016
2 0.32320971867007675 0.8237832654039798 0.03324808184143223 0.009590026372572525
9 0.2757352941176471 0.9139295133061616 0.007352941176470588 0.005274514504914889
8 0.2647058823529412 0.9052984895708464 0.01854219948849105 0.014385039558858786
8 0.43398337595907927 0.7043874370654519 0.015664961636828643 0.009590026372572525
8 0.19725063938618925 0.05166626708223448 0.0076726342710997444 0.005514265164229201
1 0.25175831202046034 0.031167585710860705 0.006074168797953964 0.005754015823543515
0 0.38858695652173914 0.16806521217933348 0.008631713554987212 0.010549029009829777
0 0.48673273657289 0.20378806041716616 0.012468030690537084 0.009110525053943897
0 0.6318734015345269 0.1608726923999041 0.01118925831202046 0.014864540877487413
0 0.9822570332480819 0.5637736753776073 0.025255754475703326 0.02757132582114601
0 0.9053708439897699 0.6474466554783026 0.01854219948849105 0.010309278350515464
8 0.8427109974424553 0.792495804363462 0.011508951406649617 0.0146247902181731
8 0.678388746803069 0.8278590266123231 0.017902813299232736 0.017262047470630544
8 0.6796675191815856 0.8527930951810118 0.008951406649616368 0.010549029009829777
8 0.7453644501278772 0.9151282666027332 0.009271099744245524 0.008151522416686647
9 0.4875319693094629 0.8849196835291298 0.008951406649616368 0.006233517142172141
8 0.3029092071611253 0.9257971709422201 0.011828644501278773 0.010309278350515464
8 0.30898337595907927 0.8674178853991849 0.008631713554987212 0.007192519779429393
0 0.0915920716112532 0.7235674898105969 0.02078005115089514 0.022057060656916806
0 0.07784526854219949 0.634739870534644 0.011828644501278773 0.011747782306401342
0 0.14673913043478262 0.6317429872932151 0.00639386189258312 0.005754015823543515
0 0.13858695652173914 0.6533205466315032 0.006713554987212276 0.004795013186286262
6 0.5489130434782609 0.3666986334212419 0.00959079283887468 0.00695276912011508
0 0.2618286445012788 0.0430352433469192 0.034526854219948847 0.018940302085830737
1 0.9750639386189258 0.3535123471589547 0.004475703324808184 0.0035962598897146965
0 0.8713235294117647 0.6541596739391033 0.018222506393861894 0.007432270438743707
0 0.8746803069053708 0.6475665308079597 0.01278772378516624 0.008151522416686647
0 0.8631713554987213 0.6723807240469911 0.01278772378516624 0.00695276912011508
0 0.8543797953964194 0.7072644449772237 0.01438618925831202 0.012467034284344283
0 0.14562020460358055 0.7028290577799089 0.015664961636828643 0.015104291536801727
0 0.16448209718670076 0.7168544713497962 0.018222506393861894 0.014864540877487413
0 0.15169437340153452 0.6689043394869336 0.018222506393861894 0.016782546152001917
0 0.1555306905370844 0.6413330136657875 0.022058823529411766 0.008151522416686647
0 0.19053708439897699 0.530688084392232 0.010869565217391304 0.008870774394629586
1 0.2172314578005115 0.49880124670342846 0.006074168797953964 0.004075761208343323
0 0.45588235294117646 0.47230879884919685 0.01278772378516624 0.006713018460800768
0 0.46755115089514065 0.4743466794533685 0.010549872122762148 0.007911771757372333
0 0.47778132992327366 0.4741069287940542 0.009910485933503837 0.006473267801486454
8 0.42311381074168797 0.9543274994006233 0.016304347826086956 0.011747782306401342
