4 0.5379930394431555 0.03978260869565217 0.022041763341067284 0.011304347826086957
8 0.4170533642691415 0.08565217391304347 0.02262180974477958 0.01652173913043478
6 0.4650522041763341 0.23554347826086958 0.007830626450116009 0.007608695652173913
5 0.7895881670533643 0.12119565217391304 0.020011600928074247 0.02108695652173913
8 0.7885730858468677 0.22228260869565217 0.016241299303944315 0.007608695652173913
8 0.9489559164733179 0.36891304347826087 0.012761020881670533 0.04217391304347826
8 0.9756380510440835 0.37543478260869567 0.008120649651972157 0.021739130434782608
8 0.699100928074246 0.16717391304347826 0.007830626450116009 0.003043478260869565
0 0.2049013921113689 0.12391304347826088 0.037412993039443156 0.02391304347826087
0 0.43155452436194897 0.3060869565217391 0.0191415313225058 0.012608695652173913
9 0.25478538283062646 0.3222826086956522 0.012470997679814385 0.011521739130434782
9 0.23056844547563804 0.32869565217391306 0.031902552204176336 0.014782608695652174
9 0.09831786542923433 0.4557608695652174 0.016241299303944315 0.014130434782608696
3 0.13109048723897912 0.43967391304347825 0.010440835266821345 0.006739130434782609
3 0.1345707656612529 0.4522826086956522 0.015081206496519721 0.009782608695652175
8 0.015226218097447796 0.48641304347826086 0.007830626450116009 0.013260869565217392
3 0.2679814385150812 0.5390217391304348 0.009280742459396751 0.007608695652173913
3 0.2779872389791183 0.5321739130434783 0.011890951276102088 0.00608695652173913
6 0.2196925754060325 0.5314130434782609 0.008990719257540603 0.007173913043478261
6 0.5301624129930395 0.3397826086956522 0.010440835266821345 0.006956521739130435
3 0.6196345707656613 0.5171739130434783 0.058294663573085846 0.02782608695652174
9 0.7078016241299304 0.5518478260869565 0.014211136890951276 0.007608695652173913
4 0.6935904872389791 0.6073913043478261 0.014211136890951276 0.01608695652173913
4 0.5495939675174014 0.6 0.009860788863109048 0.009130434782608696
6 0.48970417633410673 0.5420652173913043 0.004350348027842227 0.0036956521739130435
6 0.48781902552204176 0.6084782608695652 0.0063805104408352666 0.004782608695652174
1 0.5114559164733179 0.6264130434782609 0.006670533642691415 0.005869565217391304
0 0.4904292343387471 0.6230434782608696 0.011020881670533642 0.01
9 0.29016821345707655 0.7132608695652174 0.011890951276102088 0.009130434782608696
6 0.6782192575406032 0.7418478260869565 0.006090487238979118 0.005
8 0.7072215777262181 0.7381521739130434 0.010730858468677494 0.008478260869565218
4 0.7897331786542924 0.7418478260869565 0.015081206496519721 0.013695652173913043
9 0.8248259860788864 0.7547826086956522 0.01334106728538283 0.01
4 0.7182424593967517 0.8763043478260869 0.010730858468677494 0.008695652173913044
8 0.38094547563805103 0.72 0.006090487238979118 0.007391304347826087
6 0.16023781902552203 0.587391304347826 0.01131090487238979 0.009565217391304347
6 0.10745359628770301 0.5664130434782608 0.007250580046403712 0.005434782608695652
9 0.10339327146171694 0.601304347826087 0.007830626450116009 0.006956521739130435
0 0.07308584686774942 0.6165217391304347 0.0075406032482598605 0.00826086956521739
0 0.1277552204176334 0.6292391304347826 0.018271461716937356 0.025434782608695652
6 0.1334106728538283 0.66 0.0075406032482598605 0.006521739130434782
6 0.12427494199535963 0.6618478260869565 0.006090487238979118 0.005869565217391304
0 0.061194895591647334 0.5753260869565218 0.02320185614849188 0.03065217391304348
6 0.06728538283062645 0.5766304347826087 0.00580046403712297 0.006739130434782609
8 0.01812645011600928 0.5921739130434782 0.007250580046403712 0.017391304347826087
0 0.136745939675174 0.5819565217391305 0.012470997679814385 0.01565217391304348
0 0.15690255220417634 0.615 0.022041763341067284 0.023478260869565216
6 0.13645591647331787 0.7393478260869565 0.008410672853828306 0.00826086956521739
4 0.191415313225058 0.8742391304347826 0.0069605568445475635 0.005869565217391304
1 0.5816415313225058 0.6357608695652174 0.006090487238979118 0.004130434782608695
0 0.6917053364269141 0.8033695652173913 0.0382830626450116 0.020217391304347826
6 0.713022041763341 0.6463043478260869 0.006670533642691415 0.004782608695652174
6 0.7544953596287703 0.6659782608695652 0.0095707656612529 0.006739130434782609
9 0.8053944315545244 0.6344565217391305 0.019721577726218097 0.013260869565217392
9 0.8375870069605569 0.6711956521739131 0.016241299303944315 0.013695652173913043
9 0.9212587006960556 0.6710869565217391 0.008990719257540603 0.016956521739130436
9 0.9332946635730859 0.7275 0.0063805104408352666 0.004130434782608695
9 0.8390371229698376 0.8027173913043478 0.0075406032482598605 0.005869565217391304
9 0.7885730858468677 0.8718478260869565 0.018561484918793503 0.015
8 0.947215777262181 0.5672826086956522 0.013921113689095127 0.022391304347826088
8 0.9161832946635731 0.6032608695652174 0.013921113689095127 0.018695652173913044
0 0.9448955916473318 0.6629347826086956 0.01334106728538283 0.027608695652173915
9 0.9334396751740139 0.538695652173913 0.008990719257540603 0.01217391304347826
6 0.8971867749419954 0.5510869565217391 0.004930394431554524 0.004782608695652174
6 0.10759860788863108 0.5230434782608696 0.004060324825986079 0.004347826086956522
1 0.4876740139211137 0.9340217391304347 0.004350348027842227 0.004130434782608695
8 0.8602088167053364 0.8440217391304348 0.009280742459396751 0.006739130434782609
3 0.2476798143851508 0.44532608695652176 0.014501160092807424 0.006739130434782609
6 0.42241879350348027 0.5903260869565218 0.006670533642691415 0.005434782608695652
6 0.47868329466357307 0.5417391304347826 0.006090487238979118 0.004782608695652174
1 0.3236658932714617 0.529891304347826 0.0063805104408352666 0.006304347826086957
8 0.162122969837587 0.6675 0.008120649651972157 0.008043478260869565
0 0.16966357308584687 0.6554347826086957 0.008700696055684454 0.007391304347826087
6 0.18256960556844548 0.658804347826087 0.007830626450116009 0.005869565217391304
8 0.8191705336426914 0.6222826086956522 0.013051044083526682 0.010652173913043479
6 0.8900812064965197 0.5977173913043479 0.005220417633410673 0.004130434782608695
6 0.7473897911832946 0.631195652173913 0.008120649651972157 0.005434782608695652
8 0.8194605568445475 0.5784782608695652 0.016531322505800465 0.011304347826086957
6 0.7920533642691415 0.5710869565217391 0.0069605568445475635 0.00608695652173913
8 0.8523781902552204 0.7856521739130434 0.023781902552204175 0.018260869565217393
8 0.6080336426914154 0.9355434782608696 0.012470997679814385 0.008913043478260869
1 0.29741879350348027 0.0916304347826087 0.0095707656612529 0.006739130434782609
1 0.24144431554524362 0.11586956521739131 0.010150812064965197 0.0052173913043478265
1 0.21838747099767983 0.07065217391304347 0.0075406032482598605 0.0052173913043478265
1 0.296838747099768 0.13380434782608697 0.007250580046403712 0.004130434782608695
1 0.2449245939675174 0.15663043478260869 0.007830626450116009 0.005869565217391304
1 0.35368329466357307 0.08978260869565217 0.007830626450116009 0.00391304347826087
6 0.5017401392111369 0.19467391304347825 0.004640371229698376 0.004130434782608695
6 0.6031032482598608 0.09576086956521739 0.007250580046403712 0.004565217391304348
1 0.5743909512761021 0.09695652173913044 0.005510440835266821 0.004347826086956522
1 0.5790313225058005 0.09804347826086957 0.004930394431554524 0.00391304347826087
8 0.736223897911833 0.1267391304347826 0.010150812064965197 0.00608695652173913
8 0.7378190255220418 0.1323913043478261 0.009280742459396751 0.00608695652173913
8 0.9501160092807425 0.21760869565217392 0.01160092807424594 0.015217391304347827
0 0.923868909512761 0.25282608695652176 0.02291183294663573 0.0391304347826087
8 0.9663573085846868 0.28043478260869564 0.0069605568445475635 0.00782608695652174
1 0.9633120649651972 0.3176086956521739 0.004930394431554524 0.006956521739130435
1 0.923868909512761 0.3610869565217391 0.006670533642691415 0.006521739130434782
1 0.923723897911833 0.3531521739130435 0.0063805104408352666 0.007608695652173913
1 0.9361948955916474 0.4867391304347826 0.008120649651972157 0.00782608695652174
6 0.8578886310904872 0.6172826086956522 0.0069605568445475635 0.005434782608695652
6 0.8171403712296984 0.6528260869565218 0.006090487238979118 0.004347826086956522
6 0.7536252900232019 0.23032608695652174 0.006670533642691415 0.004565217391304348
1 0.6454466357308585 0.13728260869565218 0.008410672853828306 0.005
1 0.6458816705336426 0.12945652173913044 0.0069605568445475635 0.004565217391304348
1 0.6413863109048724 0.09804347826086957 0.004930394431554524 0.0034782608695652175
8 0.3668793503480278 0.1791304347826087 0.033642691415313224 0.021739130434782608
1 0.2845127610208817 0.2257608695652174 0.008700696055684454 0.005434782608695652
1 0.17531902552204176 0.10858695652173914 0.008410672853828306 0.005
1 0.03335266821345707 0.45065217391304346 0.0063805104408352666 0.011304347826086957
6 0.08700696055684455 0.5646739130434782 0.005220417633410673 0.005
0 0.10484338747099768 0.5561956521739131 0.017111368909512762 0.012391304347826086
0 0.09498259860788863 0.5659782608695653 0.0095707656612529 0.010652173913043479
6 0.12282482598607888 0.5520652173913043 0.004930394431554524 0.004565217391304348
6 0.13921113689095127 0.5967391304347827 0.0075406032482598605 0.006521739130434782
1 0.3938515081206497 0.917608695652174 0.004060324825986079 0.003043478260869565
1 0.45461136890951276 0.35130434782608694 0.004930394431554524 0.004347826086956522
0 0.47143271461716935 0.35880434782608694 0.008410672853828306 0.005434782608695652
6 0.35208816705336426 0.7151086956521739 0.00580046403712297 0.005
6 0.3329466357308585 0.6976086956521739 0.00580046403712297 0.004347826086956522
0 0.7688515081206496 0.19260869565217392 0.0771461716937355 0.03304347826086956
8 0.8638341067285383 0.5181521739130435 0.024651972157772623 0.01847826086956522
8 0.8628190255220418 0.5760869565217391 0.031902552204176336 0.018260869565217393
0 0.8546983758700696 0.6797826086956522 0.03654292343387471 0.03869565217391304
0 0.7816125290023201 0.7613043478260869 0.027262180974477957 0.021304347826086957
1 0.5930974477958236 0.9359782608695653 0.009860788863109048 0.007608695652173913
8 0.1875 0.19445652173913044 0.012470997679814385 0.010217391304347826
8 0.6142691415313225 0.235 0.018561484918793503 0.014782608695652174
0 0.8647041763341067 0.2008695652173913 0.043213457076566125 0.04652173913043478
8 0.10049303944315545 0.1934782608695652 0.01131090487238979 0.01217391304347826
8 0.05017401392111369 0.22304347826086957 0.008700696055684454 0.010869565217391304
1 0.23100348027842227 0.19010869565217392 0.008410672853828306 0.006739130434782609
1 0.7143271461716937 0.7242391304347826 0.0034802784222737818 0.002391304347826087
9 0.8133700696055685 0.5617391304347826 0.033932714617169374 0.02217391304347826
0 0.8329466357308585 0.6291304347826087 0.015661252900232018 0.01217391304347826
6 0.47781322505800466 0.5878260869565217 0.006090487238979118 0.00391304347826087
6 0.42995939675174016 0.6193478260869565 0.006670533642691415 0.0052173913043478265
1 0.4189385150812065 0.935 0.004350348027842227 0.003043478260869565
0 0.19344547563805103 0.6723913043478261 0.018561484918793503 0.02
0 0.16357308584686775 0.6396739130434783 0.0075406032482598605 0.005869565217391304
6 0.11615429234338748 0.6663043478260869 0.0037703016241299302 0.00391304347826087
8 0.529292343387471 0.3035869565217391 0.012761020881670533 0.01108695652173913
1 0.6325406032482599 0.05467391304347826 0.005220417633410673 0.004130434782608695
6 0.5213167053364269 0.16619565217391305 0.007250580046403712 0.006304347826086957
0 0.8880510440835266 0.2426086956521739 0.027842227378190254 0.023478260869565216
8 0.9695475638051044 0.29195652173913045 0.0069605568445475635 0.011739130434782608
6 0.8278712296983759 0.5939130434782609 0.005510440835266821 0.004782608695652174
1 0.570185614849188 0.4542391304347826 0.004640371229698376 0.004130434782608695
2 0.23346867749419953 0.8078260869565217 0.020301624129930394 0.013043478260869565
0 0.14428654292343387 0.23 0.015951276102088168 0.011304347826086957
8 0.2727668213457077 0.17706521739130435 0.027552204176334107 0.01108695652173913
8 0.3174303944315545 0.09967391304347827 0.014791183294663572 0.009347826086956522
0 0.6325406032482599 0.22141304347826088 0.008700696055684454 0.008478260869565218
8 0.8990719257540604 0.5828260869565217 0.011020881670533642 0.01652173913043478
0 0.7862529002320185 0.5794565217391304 0.012180974477958236 0.011956521739130435
8 0.8939965197215777 0.6175 0.008990719257540603 0.007608695652173913
8 0.10440835266821345 0.6506521739130435 0.021461716937354988 0.018695652173913044
8 0.0759860788863109 0.6648913043478261 0.008120649651972157 0.016304347826086956
