8 0.4235933503836317 0.35231359386238315 0.03836317135549872 0.021337808678973866
8 0.3393542199488491 0.20942220091105251 0.02973145780051151 0.023255813953488372
8 0.2958759590792839 0.06796931191560777 0.027813299232736573 0.018940302085830737
8 0.8700447570332481 0.12407096619515703 0.021419437340153454 0.016063294174058978
5 0.9335038363171355 0.18700551426516424 0.04219948849104859 0.045073123951090865
4 0.2281010230179028 0.3013665787580916 0.009910485933503837 0.008631023735315272
4 0.2261828644501279 0.7064253176696236 0.009910485933503837 0.007911771757372333
9 0.565537084398977 0.7202109805801966 0.019820971867007674 0.014385039558858786
9 0.2659846547314578 0.6492447854231599 0.00639386189258312 0.005754015823543515
9 0.2755754475703325 0.5841524814193239 0.005754475703324808 0.005514265164229201
9 0.15680946291560102 0.6508031647087029 0.023337595907928388 0.0146247902181731
1 0.2877237851662404 0.0951810117477823 0.013427109974424553 0.009590026372572525
1 0.2717391304347826 0.11627906976744186 0.013427109974424553 0.008631023735315272
1 0.2797314578005115 0.12562934548070007 0.010869565217391304 0.007192519779429393
1 0.39961636828644503 0.23627427475425558 0.010869565217391304 0.007432270438743707
8 0.4119245524296675 0.28374490529848956 0.024616368286445013 0.017022296811316232
1 0.5131074168797954 0.17813473987053463 0.00959079283887468 0.007672021098058019
1 0.5108695652173914 0.15487892591704627 0.00959079283887468 0.008151522416686647
1 0.42679028132992325 0.18448813234236394 0.008951406649616368 0.005993766482857828
6 0.6470588235294118 0.17837449052984897 0.011508951406649617 0.009110525053943897
6 0.5879156010230179 0.2033085590985375 0.0159846547314578 0.008631023735315272
6 0.7231457800511509 0.09757851834092544 0.010230179028132993 0.008151522416686647
6 0.6550511508951407 0.16063294174058979 0.008951406649616368 0.006713018460800768
6 0.7025255754475703 0.06305442339966436 0.009910485933503837 0.008151522416686647
1 0.7647058823529411 0.04555262526971949 0.00959079283887468 0.007672021098058019
6 0.782928388746803 0.01426516422920163 0.01278772378516624 0.007911771757372333
6 0.7551150895140665 0.03488372093023256 0.011508951406649617 0.007911771757372333
6 0.7758951406649617 0.042435866698633425 0.012148337595907928 0.008631023735315272
8 0.8032289002557544 0.026971949172860225 0.01438618925831202 0.011268280987772716
0 0.8754795396419437 0.18065212179333492 0.015025575447570333 0.015104291536801727
0 0.8992966751918159 0.2108607048669384 0.0159846547314578 0.013186286262287222
4 0.9712276214833759 0.26612323183888753 0.00639386189258312 0.011028530328458403
0 0.9146419437340153 0.645408774874131 0.01918158567774936 0.031167585710860705
0 0.7712595907928389 0.6120834332294414 0.010549872122762148 0.009110525053943897
0 0.7448849104859335 0.6327019899304723 0.021099744245524295 0.011987532965715655
6 0.7352941176470589 0.5525053943898346 0.014066496163682864 0.010788779669144091
9 0.6732736572890026 0.5866698633421242 0.014066496163682864 0.008151522416686647
0 0.7944373401534527 0.5411172380724047 0.014066496163682864 0.007192519779429393
1 0.7282608695652174 0.5165427954926876 0.007033248081841432 0.005993766482857828
8 0.43078644501278773 0.716734596020139 0.015664961636828643 0.014145288899544474
9 0.15105498721227623 0.8296571565571805 0.011828644501278773 0.012227283625029969
6 0.4179987212276215 0.08870774394629585 0.0079923273657289 0.006233517142172141
0 0.8788363171355499 0.7003116758571086 0.014066496163682864 0.0201390553824023
0 0.8411125319693095 0.6674658355310477 0.011508951406649617 0.008151522416686647
8 0.05115089514066496 0.655478302565332 0.017263427109974423 0.021577559338288182
8 0.022858056265984656 0.663869575641333 0.013746803069053709 0.01774154878925917
9 0.33471867007672634 0.9510908654998801 0.0159846547314578 0.01150803164708703
1 0.6590473145780051 0.6938384080556221 0.008631713554987212 0.006713018460800768
0 0.8479859335038363 0.16962359146487652 0.018861892583120203 0.007911771757372333
0 0.8884271099744245 0.11400143850395589 0.0159846547314578 0.014145288899544474
0 0.8908248081841432 0.08798849196835291 0.009271099744245524 0.007672021098058019
0 0.8391943734015346 0.01882042675617358 0.015345268542199489 0.011747782306401342
0 0.7357736572890026 0.021098058019659555 0.012468030690537084 0.009590026372572525
0 0.718190537084399 0.033684967633660995 0.011828644501278773 0.009829777031886838
0 0.5725703324808185 0.10069527691201151 0.00959079283887468 0.011028530328458403
6 0.5629795396419437 0.13737712778710143 0.011508951406649617 0.009590026372572525
0 0.33951406649616367 0.1252697194917286 0.008951406649616368 0.005514265164229201
1 0.35821611253196933 0.08247422680412371 0.010549872122762148 0.008151522416686647
6 0.2835677749360614 0.025173819228002877 0.007033248081841432 0.008151522416686647
6 0.17039641943734016 0.0356029729081755 0.010230179028132993 0.007432270438743707
8 0.25431585677749363 0.5491488851594342 0.011828644501278773 0.007911771757372333
0 0.4934462915601023 0.5523855190601774 0.018861892583120203 0.019659554063773677
8 0.4696291560102302 0.06161591944377847 0.01854219948849105 0.010549029009829777
8 0.13347186700767263 0.06904818988252218 0.010549872122762148 0.007192519779429393
8 0.19469309462915602 0.07636058499160872 0.0076726342710997444 0.005514265164229201
1 0.17647058823529413 0.11567969311915607 0.0038363171355498722 0.0031167585710860706
8 0.9309462915601023 0.16219132102613282 0.024936061381074168 0.02085830736034524
9 0.7963554987212276 0.061496044114121316 0.02237851662404092 0.01989930472308799
8 0.8291240409207161 0.08702948933109567 0.01438618925831202 0.009110525053943897
4 0.7073209718670077 0.9337089426995924 0.00479539641943734 0.004075761208343323
9 0.322730179028133 0.9346679453368497 0.009910485933503837 0.008391273076000958
2 0.4208759590792839 0.9126108846799329 0.013746803069053709 0.00695276912011508
2 0.4774616368286445 0.905058738911532 0.01758312020460358 0.006233517142172141
2 0.5062340153452686 0.9230400383601055 0.012468030690537084 0.005274514504914889
2 0.5461956521739131 0.9211220330855909 0.009271099744245524 0.0038360105490290097
2 0.4359015345268542 0.9104531287461041 0.012468030690537084 0.004555262526971949
2 0.414002557544757 0.8984655957803884 0.008312020460358057 0.004555262526971949
2 0.40201406649616367 0.8954687125389594 0.009910485933503837 0.005754015823543515
2 0.39354219948849106 0.9120115080316471 0.014066496163682864 0.007192519779429393
2 0.4424552429667519 0.916566770558619 0.010869565217391304 0.004795013186286262
2 0.49312659846547313 0.9210021577559339 0.013107416879795396 0.005993766482857828
6 0.1366687979539642 0.5638935507072644 0.0079923273657289 0.006713018460800768
7 0.027493606138107418 0.3705346439702709 0.026854219948849106 0.025173819228002877
0 0.13810741687979539 0.6184368257012707 0.016624040920716114 0.016063294174058978
0 0.18734015345268543 0.6901222728362503 0.013427109974424553 0.015104291536801727
0 0.0639386189258312 0.6703428434428195 0.01278772378516624 0.012946535602972908
3 0.2984335038363171 0.8433229441380964 0.011828644501278773 0.009829777031886838
8 0.047474424552429666 0.19647566530807958 0.00479539641943734 0.005034763845600575
1 0.860613810741688 0.07168544713497962 0.010869565217391304 0.011028530328458403
6 0.8879475703324808 0.07648046032126589 0.006713554987212276 0.005754015823543515
0 0.9766624040920716 0.3119156077679214 0.0159846547314578 0.019659554063773677
0 0.80306905370844 0.6486454087748741 0.01854219948849105 0.008391273076000958
8 0.8820332480818415 0.806281467274035 0.007033248081841432 0.007672021098058019
8 0.8452685421994884 0.8368496763366099 0.013427109974424553 0.010309278350515464
8 0.28820332480818417 0.9000239750659315 0.011828644501278773 0.008631023735315272
9 0.019820971867007674 0.6790937425077919 0.008312020460358057 0.008870774394629586
7 0.03660485933503836 0.6716614720690481 0.00479539641943734 0.005993766482857828
1 0.13123401534526855 0.03236633900743227 0.009271099744245524 0.007192519779429393
1 0.2289002557544757 0.038599856149604414 0.013427109974424553 0.008151522416686647
0 0.3773976982097187 0.17561735794773436 0.008631713554987212 0.007432270438743707
8 0.03244884910485934 0.705945816350995 0.007352941176470588 0.010788779669144091
8 0.02509590792838875 0.6150803164708702 0.010549872122762148 0.012706784943658594
8 0.05131074168797954 0.6992327978901942 0.013746803069053709 0.01989930472308799
8 0.1309143222506394 0.7764325101894031 0.010549872122762148 0.009829777031886838
8 0.21930946291560102 0.8773675377607288 0.014705882352941176 0.011268280987772716
8 0.232576726342711 0.8423639415008392 0.01118925831202046 0.009350275713258211
8 0.6924552429667519 0.7743946295852313 0.010230179028132993 0.009590026372572525
8 0.967391304347826 0.6764564852553344 0.00959079283887468 0.011747782306401342
8 0.9624360613810742 0.574322704387437 0.006074168797953964 0.007911771757372333
0 0.39178388746803067 0.19599616398945097 0.009271099744245524 0.010788779669144091
0 0.9116048593350383 0.11903620234955646 0.015664961636828643 0.0146247902181731
8 0.3583759590792839 0.2522176935986574 0.010230179028132993 0.007672021098058019