3 0.17067865429234338 0.3719565217391304 0.024651972157772623 0.013043478260869565
3 0.15675754060324826 0.38369565217391305 0.013051044083526682 0.008695652173913044
3 0.1661832946635731 0.35489130434782606 0.02320185614849188 0.008913043478260869
3 0.8433874709976799 0.49119565217391303 0.025522041763341066 0.01934782608695652
3 0.8892111368909513 0.4259782608695652 0.01160092807424594 0.008913043478260869
3 0.8725348027842227 0.4384782608695652 0.03799303944315545 0.029565217391304348
3 0.8771751740139211 0.45565217391304347 0.011890951276102088 0.011739130434782608
3 0.8541183294663574 0.4756521739130435 0.048723897911832945 0.03434782608695652
3 0.6927204176334106 0.35434782608695653 0.011890951276102088 0.007391304347826087
3 0.744199535962877 0.3606521739130435 0.02668213457076566 0.01652173913043478
3 0.7575406032482599 0.3755434782608696 0.01740139211136891 0.008043478260869565
3 0.8735498839907193 0.5002173913043478 0.030162412993039442 0.014782608695652174
3 0.061049883990719256 0.43815217391304345 0.01131090487238979 0.01108695652173913
3 0.07787122969837587 0.4364130434782609 0.014791183294663572 0.010217391304347826
3 0.06554524361948956 0.45054347826086955 0.012180974477958236 0.006304347826086957
3 0.0568445475638051 0.46880434782608693 0.010440835266821345 0.008478260869565218
3 0.0421983758700696 0.47206521739130436 0.013051044083526682 0.010652173913043479
3 0.02624709976798144 0.47532608695652173 0.028132250580046404 0.02891304347826087
3 0.021606728538283063 0.5026086956521739 0.024071925754060326 0.030869565217391304
3 0.012325986078886311 0.5246739130434782 0.013631090487238979 0.01847826086956522
3 0.051479118329466354 0.5023913043478261 0.014211136890951276 0.017826086956521738
3 0.06235498839907193 0.49923913043478263 0.015661252900232018 0.019782608695652175
3 0.09817285382830626 0.45771739130434785 0.03451276102088167 0.011521739130434782
3 0.1915603248259861 0.4726086956521739 0.016531322505800465 0.010434782608695653
3 0.15733758700696054 0.47130434782608693 0.03103248259860789 0.01391304347826087
3 0.06772041763341068 0.4790217391304348 0.04031322505800464 0.03326086956521739
3 0.09106728538283063 0.47880434782608694 0.02320185614849188 0.015869565217391305
3 0.11107888631090487 0.49217391304347824 0.031902552204176336 0.024782608695652172
3 0.11890951276102088 0.5016304347826087 0.015661252900232018 0.014565217391304348
3 0.11107888631090487 0.47206521739130436 0.02842227378190255 0.019782608695652175
3 0.2072215777262181 0.49630434782608696 0.06003480278422274 0.05
3 0.24115429234338748 0.5119565217391304 0.013051044083526682 0.00826086956521739
3 0.26189095127610207 0.503695652173913 0.031322505800464036 0.023043478260869565
3 0.3531032482598608 0.48967391304347824 0.029292343387470998 0.02891304347826087
3 0.35339327146171695 0.5285869565217391 0.010730858468677494 0.010652173913043479
3 0.2730568445475638 0.5227173913043478 0.011890951276102088 0.008043478260869565
3 0.2884280742459397 0.551304347826087 0.015951276102088168 0.01608695652173913
3 0.4084976798143852 0.46902173913043477 0.008410672853828306 0.008913043478260869
3 0.39994199535962877 0.4830434782608696 0.0069605568445475635 0.019130434782608695
3 0.40574245939675174 0.48141304347826086 0.005220417633410673 0.007608695652173913
3 0.767691415313225 0.49543478260869567 0.08700696055684455 0.03173913043478261
3 0.8328016241299304 0.5178260869565218 0.04727378190255221 0.026521739130434784
3 0.8745649651972158 0.5095652173913043 0.0095707656612529 0.009130434782608696
3 0.8821055684454756 0.5160869565217391 0.012470997679814385 0.012608695652173913
3 0.9037122969837587 0.48630434782608695 0.06438515081206496 0.04826086956521739
3 0.9216937354988399 0.5268478260869566 0.02842227378190255 0.035869565217391305
3 0.5855568445475638 0.6039130434782609 0.0075406032482598605 0.009565217391304347
3 0.7163573085846868 0.5233695652173913 0.02262180974477958 0.017608695652173913
3 0.730568445475638 0.5508695652173913 0.017981438515081206 0.01608695652173913
3 0.7369489559164734 0.5348913043478261 0.027842227378190254 0.019782608695652175
3 0.7572505800464037 0.5465217391304348 0.012761020881670533 0.00826086956521739
3 0.8999419953596288 0.45054347826086955 0.01740139211136891 0.016304347826086956
3 0.9264791183294664 0.4518478260869565 0.013051044083526682 0.016304347826086956
3 0.9360498839907193 0.4201086956521739 0.010730858468677494 0.016304347826086956
3 0.9250290023201856 0.43728260869565216 0.025812064965197216 0.028043478260869566
3 0.9489559164733179 0.4508695652173913 0.0191415313225058 0.02043478260869565
3 0.9411252900232019 0.4796739130434783 0.009860788863109048 0.008478260869565218
3 0.9502610208816705 0.47695652173913045 0.006090487238979118 0.00826086956521739
3 0.9028422273781903 0.5102173913043478 0.012180974477958236 0.018695652173913044
3 0.8979118329466357 0.5266304347826087 0.01334106728538283 0.013260869565217392
3 0.9026972157772621 0.5434782608695652 0.036832946635730855 0.02391304347826087
3 0.9060324825986079 0.5580434782608695 0.009860788863109048 0.01217391304347826
3 0.9293793503480279 0.5601086956521739 0.025812064965197216 0.02673913043478261
3 0.9466357308584686 0.5305434782608696 0.033642691415313224 0.025869565217391303
3 0.9450406032482599 0.5448913043478261 0.010150812064965197 0.013695652173913043
3 0.9464907192575406 0.5120652173913044 0.02117169373549884 0.014130434782608696
3 0.8735498839907193 0.5564130434782608 0.015081206496519721 0.014565217391304348
3 0.8864559164733179 0.5702173913043478 0.012470997679814385 0.011304347826086957
3 0.8616589327146171 0.5722826086956522 0.021461716937354988 0.015869565217391305
3 0.580046403712297 0.48391304347826086 0.009860788863109048 0.010869565217391304
3 0.5584396751740139 0.48489130434782607 0.010730858468677494 0.009347826086956522
3 0.5556844547563805 0.4756521739130435 0.0075406032482598605 0.009130434782608696
3 0.5809164733178654 0.495 0.013921113689095127 0.01565217391304348
3 0.6845997679814385 0.5134782608695653 0.021751740139211138 0.01608695652173913
3 0.6247099767981439 0.5073913043478261 0.014501160092807424 0.012608695652173913
1 0.6909802784222738 0.6043478260869565 0.007830626450116009 0.007391304347826087
3 0.789008120649652 0.5204347826086957 0.02349187935034803 0.01217391304347826
3 0.77334686774942 0.5413043478260869 0.030452436194895592 0.01608695652173913
3 0.8013341067285383 0.5381521739130435 0.027842227378190254 0.02326086956521739
3 0.099622969837587 0.5284782608695652 0.016531322505800465 0.015217391304347827
3 0.09744779582366589 0.5115217391304347 0.020301624129930394 0.017826086956521738
3 0.12470997679814386 0.5197826086956522 0.034222737819025524 0.022608695652173914
3 0.150377030162413 0.49684782608695655 0.02349187935034803 0.026304347826086958
3 0.14834686774941996 0.513804347826087 0.016531322505800465 0.012391304347826086
3 0.1683584686774942 0.5204347826086957 0.018271461716937356 0.014347826086956521
3 0.18590487238979117 0.5361956521739131 0.017981438515081206 0.011956521739130435
3 0.23854408352668213 0.523695652173913 0.02291183294663573 0.01652173913043478
1 0.23071345707656613 0.5260869565217391 0.004350348027842227 0.0034782608695652175
1 0.33207656612529 0.5170652173913044 0.017981438515081206 0.010217391304347826
1 0.33860208816705334 0.5278260869565218 0.013631090487238979 0.00782608695652174
3 0.06235498839907193 0.6273913043478261 0.012180974477958236 0.013478260869565217
4 0.19112529002320186 0.787608695652174 0.01160092807424594 0.01
4 0.26493619489559167 0.9507608695652174 0.010730858468677494 0.008043478260869565
4 0.6071635730858469 0.8468478260869565 0.011890951276102088 0.008478260869565218
7 0.23970417633410673 0.8555434782608695 0.006670533642691415 0.005434782608695652
4 0.7211426914153132 0.7466304347826087 0.008990719257540603 0.006304347826086957
3 0.7173723897911833 0.5653260869565218 0.024071925754060326 0.019782608695652175
3 0.7457946635730859 0.5239130434782608 0.01537122969837587 0.011739130434782608
3 0.7633410672853829 0.5268478260869566 0.015081206496519721 0.007608695652173913
3 0.6126740139211136 0.3617391304347826 0.0095707656612529 0.006521739130434782
3 0.6418213457076566 0.3557608695652174 0.008700696055684454 0.007173913043478261
3 0.6070185614849188 0.3783695652173913 0.0069605568445475635 0.004565217391304348
3 0.802784222737819 0.3633695652173913 0.017981438515081206 0.010652173913043479
3 0.7829176334106729 0.3507608695652174 0.029872389791183295 0.013695652173913043
3 0.8702146171693735 0.39510869565217394 0.02291183294663573 0.014130434782608696
3 0.8910962877030162 0.39467391304347826 0.008990719257540603 0.009782608695652175
1 0.8881960556844548 0.4122826086956522 0.005510440835266821 0.004130434782608695
3 0.7682714617169374 0.3908695652173913 0.014501160092807424 0.01
3 0.7745069605568445 0.37021739130434783 0.0095707656612529 0.006956521739130435
3 0.3953016241299304 0.5021739130434782 0.009860788863109048 0.010434782608695653
3 0.41197795823665895 0.5284782608695652 0.007830626450116009 0.00608695652173913
3 0.3922563805104408 0.5211956521739131 0.007830626450116009 0.006739130434782609
3 0.09295243619489559 0.5467391304347826 0.010730858468677494 0.011304347826086957
3 0.02972737819025522 0.5193478260869565 0.014791183294663572 0.01652173913043478
3 0.023056844547563807 0.5316304347826087 0.008410672853828306 0.01108695652173913
3 0.04161832946635731 0.537608695652174 0.020011600928074247 0.023478260869565216
3 0.05713457076566125 0.5139130434782608 0.015081206496519721 0.011739130434782608
3 0.06003480278422274 0.5370652173913043 0.011020881670533642 0.012391304347826086
3 0.048723897911832945 0.5583695652173913 0.02494199535962877 0.026304347826086958
3 0.08541183294663574 0.5755434782608696 0.017111368909512762 0.014565217391304348
1 0.1519721577726218 0.5532608695652174 0.008700696055684454 0.005652173913043478
3 0.24854988399071926 0.36119565217391303 0.01160092807424594 0.008043478260869565
3 0.2555104408352668 0.3731521739130435 0.010440835266821345 0.005869565217391304
3 0.2691415313225058 0.3426086956521739 0.012761020881670533 0.00608695652173913
3 0.22099767981438515 0.38532608695652176 0.014501160092807424 0.010217391304347826
3 0.24637470997679814 0.38271739130434784 0.0287122969837587 0.011521739130434782
3 0.38602088167053367 0.40097826086956523 0.00580046403712297 0.007173913043478261
3 0.4093677494199536 0.43021739130434783 0.007830626450116009 0.008695652173913044
1 0.21737238979118328 0.3773913043478261 0.010150812064965197 0.006956521739130435
3 0.39327146171693733 0.44554347826086954 0.011020881670533642 0.012391304347826086
3 0.548868909512761 0.5555434782608696 0.0095707656612529 0.011521739130434782
3 0.5671403712296984 0.5779347826086957 0.014791183294663572 0.016739130434782607
8 0.7594257540603249 0.6896739130434782 0.014211136890951276 0.01108695652173913
4 0.35498839907192575 0.37119565217391304 0.0075406032482598605 0.006739130434782609
6 0.7253480278422274 0.6183695652173913 0.009280742459396751 0.006739130434782609
8 0.7337587006960556 0.6015217391304348 0.014501160092807424 0.009130434782608696
8 0.765661252900232 0.7084782608695652 0.017981438515081206 0.012608695652173913
0 0.2816125290023202 0.6459782608695652 0.009860788863109048 0.005869565217391304
2 0.49927494199535966 0.8770652173913044 0.018271461716937356 0.008913043478260869
0 0.1886600928074246 0.5877173913043479 0.006670533642691415 0.013260869565217392
0 0.15907772621809746 0.5878260869565217 0.008990719257540603 0.0052173913043478265
