9 0.4421355498721228 0.4639175257731959 0.02557544757033248 0.01774154878925917
9 0.5161445012787724 0.43934308319347876 0.022698209718670075 0.014145288899544474
9 0.6026214833759591 0.4440182210501079 0.020460358056265986 0.016782546152001917
9 0.5573849104859335 0.34224406617118197 0.009910485933503837 0.007432270438743707
9 0.5791240409207161 0.2585710860704867 0.013746803069053709 0.009350275713258211
9 0.6173273657289002 0.21337808678973866 0.017902813299232736 0.01150803164708703
6 0.6895780051150895 0.14744665547830257 0.008951406649616368 0.008151522416686647
6 0.6627237851662404 0.16458882761927596 0.00959079283887468 0.007432270438743707
6 0.706042199488491 0.07228482378326541 0.009910485933503837 0.006473267801486454
6 0.643542199488491 0.06281467274035003 0.011508951406649617 0.008151522416686647
6 0.7229859335038363 0.11016542795492687 0.01118925831202046 0.007432270438743707
8 0.7421675191815856 0.059098537520978184 0.022698209718670075 0.014145288899544474
8 0.6889386189258312 0.05813953488372093 0.026214833759590793 0.02229681131623112
9 0.8008312020460358 0.19156077679213618 0.026854219948849106 0.018700551426516422
1 0.7496803069053708 0.14133301366578757 0.010869565217391304 0.008870774394629586
1 0.7544757033248082 0.16986334212419085 0.012148337595907928 0.007911771757372333
1 0.7178708439897699 0.1843682570127068 0.0079923273657289 0.006233517142172141
1 0.6908567774936062 0.15955406377367537 0.010869565217391304 0.006473267801486454
1 0.6766304347826086 0.1352193718532726 0.013107416879795396 0.011987532965715655
1 0.6416240409207161 0.20163030448333732 0.0076726342710997444 0.006233517142172141
1 0.5019181585677749 0.20510668904339488 0.0159846547314578 0.010309278350515464
9 0.4018542199488491 0.11627906976744186 0.010230179028132993 0.008151522416686647
9 0.36445012787723785 0.02829057779908895 0.016624040920716114 0.011028530328458403
6 0.43398337595907927 0.10213378086789739 0.01118925831202046 0.007672021098058019
6 0.3211317135549872 0.1271877247662431 0.008631713554987212 0.006473267801486454
6 0.3537404092071611 0.14708702948933108 0.009910485933503837 0.008391273076000958
6 0.3171355498721228 0.0742028290577799 0.00959079283887468 0.005993766482857828
6 0.32065217391304346 0.1189163270198993 0.0076726342710997444 0.004795013186286262
1 0.2549552429667519 0.17262047470630545 0.009910485933503837 0.006713018460800768
1 0.29827365728900257 0.13857588108367297 0.010869565217391304 0.008151522416686647
1 0.3067455242966752 0.08726923999040997 0.01118925831202046 0.007192519779429393
1 0.3195332480818414 0.08391273076000959 0.009910485933503837 0.007672021098058019
1 0.36381074168797956 0.08367298010069528 0.008951406649616368 0.007672021098058019
1 0.3438299232736573 0.22200911052505395 0.012468030690537084 0.008631023735315272
1 0.22634271099744246 0.18340925437544953 0.010869565217391304 0.01006952769120115
6 0.3032289002557545 0.1068089187245265 0.009910485933503837 0.007432270438743707
6 0.2942774936061381 0.10309278350515463 0.007352941176470588 0.005754015823543515
1 0.3209718670076726 0.060656916806521216 0.008312020460358057 0.006233517142172141
1 0.28324808184143224 0.07216494845360824 0.007033248081841432 0.006233517142172141
1 0.25591432225063937 0.07432270438743707 0.009910485933503837 0.006713018460800768
1 0.25031969309462915 0.08115559817789499 0.008951406649616368 0.005514265164229201
6 0.20907928388746802 0.0841524814193239 0.00639386189258312 0.005274514504914889
6 0.22474424552429667 0.0805562215296092 0.007033248081841432 0.005274514504914889
1 0.26838235294117646 0.07648046032126589 0.010549872122762148 0.006713018460800768
1 0.3313618925831202 0.1169983217453848 0.009910485933503837 0.008151522416686647
1 0.37899616368286443 0.05106689043394869 0.007352941176470588 0.006233517142172141
1 0.3444693094629156 0.0402781107648046 0.007352941176470588 0.005274514504914889
1 0.3599744245524297 0.10417166147206905 0.007033248081841432 0.005034763845600575
6 0.38570971867007675 0.08475185806760968 0.0079923273657289 0.005514265164229201
1 0.4079283887468031 0.09302325581395349 0.007033248081841432 0.005274514504914889
0 0.4007352941176471 0.1349796211939583 0.02717391304347826 0.007672021098058019
0 0.41048593350383633 0.12634859745864302 0.026214833759590793 0.01006952769120115
0 0.37931585677749363 0.14217214097338768 0.023337595907928388 0.007672021098058019
6 0.3618925831202046 0.0758810836729801 0.010869565217391304 0.005514265164229201
9 0.215153452685422 0.7994485734835771 0.02557544757033248 0.015583792855430352
9 0.542039641943734 0.5519060177415488 0.009271099744245524 0.007672021098058019
9 0.8399936061381074 0.5046751378566291 0.013746803069053709 0.009590026372572525
4 0.7947570332480819 0.49700311675857106 0.012148337595907928 0.008151522416686647
1 0.7961956521739131 0.5424358666986334 0.018861892583120203 0.010309278350515464
9 0.8212915601023018 0.7646847278830017 0.008312020460358057 0.005993766482857828
4 0.6648017902813299 0.9281946775353632 0.012468030690537084 0.006473267801486454
9 0.14370204603580564 0.7646847278830017 0.009910485933503837 0.008870774394629586
8 0.01294757033248082 0.5218173099976025 0.015664961636828643 0.017981299448573483
3 0.13427109974424553 0.47578518340925435 0.011508951406649617 0.011747782306401342
1 0.17119565217391305 0.1299448573483577 0.006713554987212276 0.005754015823543515
6 0.21579283887468031 0.15847518580676098 0.008951406649616368 0.008631023735315272
6 0.47378516624040923 0.1532006713018461 0.010869565217391304 0.008631023735315272
6 0.4648337595907928 0.09002637257252458 0.005754475703324808 0.005514265164229201
1 0.5465153452685422 0.13198273795252938 0.009910485933503837 0.00695276912011508
1 0.5274936061381074 0.18868376888036442 0.007033248081841432 0.007192519779429393
1 0.6289961636828645 0.1451690242148166 0.009271099744245524 0.00695276912011508
1 0.5789641943734015 0.10417166147206905 0.0076726342710997444 0.00695276912011508
1 0.6269181585677749 0.22332773915128268 0.008312020460358057 0.006473267801486454
1 0.6742327365728901 0.19108127547350756 0.008312020460358057 0.008631023735315272
1 0.6416240409207161 0.18352912970510668 0.00959079283887468 0.005993766482857828
1 0.6956521739130435 0.11939582833852794 0.008951406649616368 0.009590026372572525
1 0.6468989769820972 0.16458882761927596 0.008631713554987212 0.005993766482857828
1 0.5425191815856778 0.09961639894509709 0.00959079283887468 0.00695276912011508
1 0.9328644501278772 0.4412610884679933 0.005754475703324808 0.005514265164229201
1 0.9483695652173914 0.4210021577559338 0.007352941176470588 0.007672021098058019
3 0.8937020460358056 0.45576600335650924 0.015664961636828643 0.010549029009829777
3 0.8054667519181585 0.519180052745145 0.03292838874680307 0.014145288899544474
3 0.6446611253196931 0.528290577799089 0.016304347826086956 0.023735315272117
6 0.13842710997442456 0.657036681850875 0.00639386189258312 0.005034763845600575
1 0.09830562659846548 0.6679453368496764 0.006074168797953964 0.008631023735315272
1 0.10965473145780051 0.13450011987532964 0.010869565217391304 0.007192519779429393
1 0.10150255754475704 0.20966195157036682 0.008631713554987212 0.005993766482857828
8 0.12244245524296675 0.5541836490050348 0.015345268542199489 0.009829777031886838
9 0.545076726342711 0.40937425077918965 0.005115089514066497 0.004075761208343323
8 0.5311700767263428 0.4008631023735315 0.021419437340153454 0.014385039558858786
1 0.28180946291560105 0.1581155598177895 0.009910485933503837 0.007432270438743707
1 0.30179028132992325 0.02049868137137377 0.008312020460358057 0.006473267801486454
1 0.36524936061381075 0.048549508511148406 0.006713554987212276 0.005514265164229201
1 0.5370843989769821 0.05598177894989211 0.0076726342710997444 0.006473267801486454
1 0.7391304347826086 0.09913689762646848 0.008951406649616368 0.007432270438743707
1 0.7138746803069054 0.2033085590985375 0.008951406649616368 0.009110525053943897
6 0.9534846547314578 0.5190601774154879 0.00479539641943734 0.004795013186286262
3 0.9571611253196931 0.46427715176216733 0.0076726342710997444 0.008391273076000958
3 0.7466432225063938 0.5195396787341166 0.021419437340153454 0.010549029009829777
1 0.295076726342711 0.5499880124670343 0.0076726342710997444 0.008151522416686647
8 0.2159526854219949 0.5371613521937185 0.02589514066496164 0.020378806041716616
3 0.20156649616368286 0.5188204267561736 0.0239769820971867 0.012946535602972908
3 0.22202685421994886 0.5123471589546871 0.013746803069053709 0.008151522416686647
1 0.23337595907928388 0.17142172140973388 0.00959079283887468 0.006713018460800768
1 0.35070332480818417 0.12574922081035722 0.00959079283887468 0.007432270438743707
1 0.4635549872122762 0.05202589307120595 0.010869565217391304 0.009110525053943897
0 0.6039002557544757 0.18916327019899304 0.014705882352941176 0.012946535602972908
1 0.720108695652174 0.16099256772956125 0.009910485933503837 0.007432270438743707
8 0.14769820971867006 0.834572045073124 0.020460358056265986 0.014864540877487413
3 0.8793158567774936 0.4908894749460561 0.01438618925831202 0.016063294174058978
6 0.882193094629156 0.6157995684488132 0.0079923273657289 0.007432270438743707
6 0.8692455242966752 0.5665308079597219 0.008312020460358057 0.004795013186286262
3 0.8610933503836317 0.5179812994485735 0.018222506393861894 0.011268280987772716
6 0.7296994884910486 0.6226324622392712 0.005434782608695652 0.0038360105490290097
8 0.7787723785166241 0.708223447614481 0.015345268542199489 0.011028530328458403
8 0.8582161125319693 0.7849436585950611 0.01758312020460358 0.011987532965715655
6 0.947730179028133 0.5781587149364661 0.0041560102301790285 0.0026372572524574443
8 0.13634910485933505 0.21074082953728124 0.013746803069053709 0.01390553824023016
4 0.7228260869565217 0.266482857827859 0.015345268542199489 0.014145288899544474
1 0.6357097186700768 0.9454567250059938 0.006074168797953964 0.004075761208343323
1 0.6416240409207161 0.9401822105010789 0.00639386189258312 0.004555262526971949
8 0.31425831202046034 0.9332294413809638 0.010230179028132993 0.011268280987772716
8 0.30498721227621484 0.9358666986334212 0.011508951406649617 0.011268280987772716
1 0.04203964194373402 0.4115320067130185 0.005434782608695652 0.006473267801486454
9 0.9279092071611253 0.29381443298969073 0.008631713554987212 0.008391273076000958
1 0.972346547314578 0.5297290817549748 0.009271099744245524 0.010309278350515464
1 0.9665920716112532 0.5177415487892592 0.005434782608695652 0.005514265164229201
1 0.9657928388746803 0.510788779669144 0.005115089514066497 0.00695276912011508
1 0.859494884910486 0.8304962838647806 0.007352941176470588 0.007192519779429393
8 0.8005115089514067 0.8147926156796931 0.008951406649616368 0.006473267801486454
1 0.10917519181585678 0.7980100695276912 0.008631713554987212 0.005993766482857828
1 0.09702685421994885 0.7678014864540877 0.006074168797953964 0.00695276912011508
1 0.12436061381074169 0.747302805082714 0.008951406649616368 0.006713018460800768
1 0.0639386189258312 0.7311196355789978 0.005754475703324808 0.005993766482857828
1 0.2071611253196931 0.6548789259170462 0.005115089514066497 0.004075761208343323
8 0.6855818414322251 0.6811316231119635 0.021419437340153454 0.018700551426516422
7 0.9111253196930946 0.6102853032845841 0.10805626598465473 0.12682809877727164
8 0.30210997442455245 0.1746583553104771 0.01278772378516624 0.011268280987772716
1 0.2977941176470588 0.19695516662670823 0.005434782608695652 0.0035962598897146965
1 0.4135230179028133 0.1269479741069288 0.006713554987212276 0.005034763845600575
8 0.34782608695652173 0.1719012227283625 0.010230179028132993 0.007672021098058019
1 0.6320332480818415 0.17309997602493407 0.0076726342710997444 0.005274514504914889
1 0.6867007672634271 0.21289858547111004 0.00959079283887468 0.007192519779429393
1 0.7394501278772379 0.11711819707504195 0.008951406649616368 0.00695276912011508
8 0.6986892583120204 0.030688084392232078 0.015664961636828643 0.009110525053943897
1 0.8726023017902813 0.539798609446176 0.006074168797953964 0.004075761208343323
0 0.8471867007672634 0.6122033085590985 0.016624040920716114 0.011268280987772716
1 0.8476662404092071 0.8122752337568928 0.0079923273657289 0.004315511867657636
2 0.5805626598465473 0.9145288899544474 0.0159846547314578 0.009829777031886838
9 0.33711636828644503 0.9422200911052505 0.02014066496163683 0.011987532965715655
0 0.2375319693094629 0.6701030927835051 0.01854219948849105 0.008631023735315272
1 0.12324168797953965 0.5691680652121793 0.008631713554987212 0.006233517142172141
1 0.4440537084398977 0.48681371373771276 0.007033248081841432 0.005514265164229201
0 0.506074168797954 0.5475905058738911 0.02877237851662404 0.014385039558858786
0 0.5075127877237852 0.5358427235674899 0.01118925831202046 0.007192519779429393
1 0.5474744245524297 0.4682330376408535 0.005434782608695652 0.0038360105490290097
2 0.5423593350383632 0.5403979860944618 0.0079923273657289 0.006713018460800768
1 0.3000319693094629 0.1233517142172141 0.0079923273657289 0.004555262526971949
1 0.5231777493606138 0.2486214337089427 0.007352941176470588 0.005754015823543515
1 0.65153452685422 0.14756653080795973 0.0076726342710997444 0.005034763845600575
8 0.7202685421994884 0.1307839846559578 0.013427109974424553 0.008391273076000958
8 0.9322250639386189 0.37676816111244305 0.01278772378516624 0.012227283625029969
5 0.02797314578005115 0.6832893790457923 0.02589514066496164 0.03164708702948933
1 0.6470588235294118 0.905777990889475 0.00959079283887468 0.004795013186286262
8 0.9362212276214834 0.740469911292256 0.0079923273657289 0.009350275713258211
8 0.05274936061381074 0.3489570846319827 0.00639386189258312 0.00695276912011508
8 0.08184143222506395 0.3127547350755215 0.00959079283887468 0.010788779669144091
8 0.05035166240409207 0.31563174298729324 0.009271099744245524 0.013665787580915847
2 0.38842710997442453 0.9064972428674178 0.012148337595907928 0.008151522416686647
1 0.954923273657289 0.4527691201150803 0.007033248081841432 0.005514265164229201
8 0.9491687979539642 0.2606089666746584 0.005115089514066497 0.007192519779429393
8 0.9649936061381074 0.3120354830975785 0.006713554987212276 0.009829777031886838
8 0.9410166240409207 0.30040757612083435 0.006713554987212276 0.008631023735315272
8 0.947730179028133 0.2475425557420283 0.0041560102301790285 0.005993766482857828
8 0.8404731457800512 0.23903140733637018 0.007033248081841432 0.005274514504914889
1 0.6489769820971867 0.10369216015344042 0.007033248081841432 0.005514265164229201
1 0.6852621483375959 0.084991608726924 0.007352941176470588 0.005514265164229201
6 0.5201406649616368 0.10309278350515463 0.010230179028132993 0.006713018460800768
1 0.38539002557544755 0.17837449052984897 0.005434782608695652 0.0038360105490290097
1 0.39434143222506396 0.17609685926636298 0.00479539641943734 0.004075761208343323
8 0.142423273657289 0.0979381443298969 0.016304347826086956 0.014145288899544474
8 0.3407928388746803 0.07348357707983696 0.01918158567774936 0.015104291536801727
1 0.39354219948849106 0.19132102613282187 0.00959079283887468 0.007192519779429393
6 0.4570012787723785 0.09805801965955406 0.0079923273657289 0.006233517142172141
0 0.8523017902813299 0.6311436106449293 0.012148337595907928 0.011747782306401342
8 0.7555946291560103 0.9313114361064493 0.01118925831202046 0.009350275713258211
