8 0.4425754060324826 0.4181521739130435 0.02494199535962877 0.015434782608695652
8 0.11107888631090487 0.6503260869565217 0.015081206496519721 0.015434782608695652
8 0.09382250580046404 0.6259782608695652 0.015951276102088168 0.015869565217391305
8 0.11919953596287702 0.6196739130434783 0.017981438515081206 0.015434782608695652
8 0.6184744779582366 0.5577173913043478 0.018271461716937356 0.012391304347826086
4 0.2781322505800464 0.8875 0.02262180974477958 0.015869565217391305
4 0.48100348027842227 0.20358695652173914 0.008410672853828306 0.006304347826086957
4 0.06728538283062645 0.45869565217391306 0.0063805104408352666 0.005652173913043478
7 0.5732308584686775 0.4106521739130435 0.03915313225058004 0.028695652173913042
6 0.5079756380510441 0.6360869565217391 0.011890951276102088 0.00826086956521739
1 0.6071635730858469 0.6429347826086956 0.007830626450116009 0.006304347826086957
1 0.5809164733178654 0.6464130434782609 0.0069605568445475635 0.005869565217391304
1 0.5848317865429234 0.6319565217391304 0.006670533642691415 0.006521739130434782
1 0.5986078886310905 0.6490217391304348 0.00580046403712297 0.004565217391304348
1 0.5890371229698376 0.6593478260869565 0.0063805104408352666 0.0052173913043478265
1 0.6142691415313225 0.6555434782608696 0.00580046403712297 0.005
1 0.552784222737819 0.6419565217391304 0.00580046403712297 0.004782608695652174
1 0.5461136890951276 0.6581521739130435 0.0069605568445475635 0.005869565217391304
1 0.42430394431554525 0.6672826086956521 0.00580046403712297 0.006304347826086957
1 0.41908352668213456 0.6613043478260869 0.0075406032482598605 0.006521739130434782
1 0.41183294663573083 0.6644565217391304 0.0063805104408352666 0.004130434782608695
1 0.435614849187935 0.6568478260869566 0.004640371229698376 0.005434782608695652
1 0.42430394431554525 0.6494565217391305 0.005220417633410673 0.0036956521739130435
1 0.4440255220417633 0.6698913043478261 0.00580046403712297 0.005434782608695652
6 0.232453596287703 0.6215217391304347 0.008990719257540603 0.006956521739130435
8 0.18662993039443154 0.6677173913043478 0.020591647331786544 0.01717391304347826
1 0.16734338747099767 0.5735869565217391 0.008700696055684454 0.007173913043478261
1 0.85542343387471 0.6207608695652174 0.007250580046403712 0.009347826086956522
1 0.8539733178654292 0.5366304347826087 0.006090487238979118 0.005434782608695652
3 0.8694895591647331 0.4908695652173913 0.009860788863109048 0.010434782608695653
6 0.5739559164733179 0.3020652173913044 0.004640371229698376 0.005
1 0.18880510440835266 0.23521739130434782 0.013921113689095127 0.010869565217391304
1 0.2275232018561485 0.25173913043478263 0.011890951276102088 0.01
1 0.26493619489559167 0.18989130434782608 0.0095707656612529 0.008043478260869565
1 0.3029292343387471 0.16010869565217392 0.010150812064965197 0.006739130434782609
1 0.35049303944315546 0.13880434782608694 0.008990719257540603 0.006304347826086957
1 0.27914733178654294 0.17195652173913042 0.010730858468677494 0.00826086956521739
1 0.5365429234338747 0.6856521739130435 0.004640371229698376 0.004347826086956522
1 0.5224767981438515 0.678695652173913 0.007250580046403712 0.00608695652173913
1 0.5374129930394431 0.6661956521739131 0.0075406032482598605 0.005434782608695652
1 0.46664733178654294 0.6622826086956521 0.00580046403712297 0.007173913043478261
1 0.48216357308584684 0.6711956521739131 0.004930394431554524 0.006304347826086957
1 0.507685614849188 0.6520652173913043 0.007250580046403712 0.004565217391304348
1 0.48230858468677495 0.6614130434782609 0.005220417633410673 0.006739130434782609
1 0.45519141531322505 0.6567391304347826 0.008410672853828306 0.00608695652173913
1 0.5482888631090487 0.6779347826086957 0.005510440835266821 0.004565217391304348
1 0.47868329466357307 0.6454347826086957 0.008990719257540603 0.006521739130434782
1 0.5949825986078886 0.6673913043478261 0.005510440835266821 0.00391304347826087
1 0.6009280742459396 0.6617391304347826 0.005220417633410673 0.00391304347826087
1 0.6057134570765661 0.6631521739130435 0.005510440835266821 0.0036956521739130435
1 0.6031032482598608 0.6673913043478261 0.006090487238979118 0.00391304347826087
1 0.5846867749419954 0.6668478260869565 0.00580046403712297 0.005
1 0.5680104408352669 0.6517391304347826 0.006090487238979118 0.0034782608695652175
1 0.5423433874709976 0.6308695652173913 0.0069605568445475635 0.00608695652173913
1 0.5493039443155452 0.6115217391304347 0.008120649651972157 0.007391304347826087
1 0.46374709976798145 0.6441304347826087 0.00580046403712297 0.004347826086956522
8 0.2814675174013921 0.8489130434782609 0.024071925754060326 0.014347826086956521
1 0.5017401392111369 0.6456521739130435 0.00580046403712297 0.004782608695652174
1 0.47273781902552203 0.6729347826086957 0.00580046403712297 0.004565217391304348
1 0.5285672853828306 0.662608695652174 0.006670533642691415 0.004347826086956522
1 0.5346577726218097 0.6596739130434782 0.004350348027842227 0.004565217391304348
1 0.5459686774941995 0.6521739130434783 0.006090487238979118 0.00391304347826087
1 0.4947795823665893 0.6589130434782609 0.00580046403712297 0.004347826086956522
1 0.21882250580046403 0.19478260869565217 0.012470997679814385 0.00826086956521739
1 0.29669373549883993 0.26619565217391306 0.005220417633410673 0.004130434782608695
1 0.6783642691415314 0.1683695652173913 0.0063805104408352666 0.005
0 0.20736658932714616 0.6193478260869565 0.008120649651972157 0.00391304347826087
0 0.2827726218097448 0.6202173913043478 0.015081206496519721 0.0052173913043478265
8 0.6041183294663574 0.678695652173913 0.00580046403712297 0.0052173913043478265
8 0.7466647331786543 0.648695652173913 0.005510440835266821 0.0034782608695652175
0 0.8935614849187935 0.5717391304347826 0.005220417633410673 0.004347826086956522
0 0.914008120649652 0.5906521739130435 0.004930394431554524 0.0052173913043478265
8 0.12224477958236658 0.7102173913043478 0.0095707656612529 0.008695652173913044
0 0.5465487238979119 0.2657608695652174 0.014791183294663572 0.011521739130434782
8 0.5275522041763341 0.6064130434782609 0.01160092807424594 0.010217391304347826
1 0.6631380510440835 0.7591304347826087 0.004930394431554524 0.004347826086956522
1 0.27552204176334105 0.19728260869565217 0.0034802784222737818 0.002826086956521739
0 0.8196055684454756 0.7329347826086956 0.009280742459396751 0.006304347826086957
1 0.2336136890951276 0.577391304347826 0.006090487238979118 0.004782608695652174