8 0.7408642691415314 0.6854347826086956 0.026392111368909513 0.017826086956521738
8 0.6232598607888631 0.6751086956521739 0.020301624129930394 0.016739130434782607
8 0.39675174013921116 0.8870652173913044 0.029582366589327145 0.02108695652173913
4 0.4116879350348028 0.6634782608695652 0.010730858468677494 0.010434782608695653
8 0.46142691415313225 0.663695652173913 0.020301624129930394 0.01565217391304348
8 0.19736078886310904 0.7121739130434782 0.010730858468677494 0.009130434782608696
8 0.1267401392111369 0.592391304347826 0.019721577726218097 0.012608695652173913
8 0.9411252900232019 0.38130434782608696 0.012180974477958236 0.01565217391304348
1 0.8915313225058005 0.43076086956521736 0.0069605568445475635 0.006304347826086957
8 0.9192285382830626 0.4647826086956522 0.007250580046403712 0.007391304347826087
0 0.841792343387471 0.5180434782608696 0.011890951276102088 0.008695652173913044
0 0.7457946635730859 0.5381521739130435 0.01131090487238979 0.007608695652173913
8 0.7060614849187935 0.12641304347826088 0.024651972157772623 0.016304347826086956
6 0.5727958236658933 0.06684782608695652 0.0069605568445475635 0.004565217391304348
6 0.5494489559164734 0.09815217391304348 0.006090487238979118 0.004130434782608695
6 0.48738399071925753 0.02402173913043478 0.006090487238979118 0.004565217391304348
6 0.509860788863109 0.02891304347826087 0.004060324825986079 0.003043478260869565
6 0.41850348027842227 0.07076086956521739 0.0069605568445475635 0.005
5 0.025522041763341066 0.2615217391304348 0.0191415313225058 0.04869565217391304
6 0.47766821345707655 0.5391304347826087 0.009280742459396751 0.00608695652173913
6 0.5174013921113689 0.5255434782608696 0.01160092807424594 0.007608695652173913
6 0.4853538283062645 0.49619565217391304 0.006670533642691415 0.006739130434782609
6 0.4724477958236659 0.4976086956521739 0.008120649651972157 0.005652173913043478
6 0.5024651972157773 0.4991304347826087 0.006670533642691415 0.005652173913043478
6 0.511745939675174 0.4758695652173913 0.007250580046403712 0.004782608695652174
6 0.4781032482598608 0.47445652173913044 0.006670533642691415 0.004565217391304348
6 0.49361948955916474 0.4508695652173913 0.0075406032482598605 0.004782608695652174
6 0.43430974477958234 0.49326086956521736 0.006670533642691415 0.004347826086956522
8 0.2033062645011601 0.7880434782608695 0.015081206496519721 0.013043478260869565
6 0.2476798143851508 0.7818478260869566 0.00580046403712297 0.004565217391304348
8 0.1632830626450116 0.8552173913043478 0.021461716937354988 0.01956521739130435
8 0.17154872389791184 0.8429347826086957 0.02523201856148492 0.01891304347826087
1 0.8304814385150812 0.4439130434782609 0.014211136890951276 0.009565217391304347
1 0.2634860788863109 0.09402173913043478 0.004930394431554524 0.002391304347826087
8 0.28596287703016243 0.0907608695652174 0.012761020881670533 0.010652173913043479
1 0.26609628770301624 0.10880434782608696 0.004930394431554524 0.005
0 0.9040023201856149 0.5458695652173913 0.01334106728538283 0.023043478260869565
7 0.8681844547563805 0.38815217391304346 0.005510440835266821 0.0036956521739130435
1 0.746084686774942 0.7348913043478261 0.004930394431554524 0.0036956521739130435
8 0.1318155452436195 0.2167391304347826 0.006670533642691415 0.0052173913043478265
6 0.3367169373549884 0.10934782608695652 0.004640371229698376 0.003043478260869565
8 0.7669663573085846 0.13923913043478262 0.005510440835266821 0.005
1 0.8520881670533643 0.4790217391304348 0.004640371229698376 0.002826086956521739
0 0.8074245939675174 0.5729347826086957 0.01334106728538283 0.009347826086956522
6 0.8152552204176334 0.5783695652173914 0.004060324825986079 0.0036956521739130435
0 0.3697795823665893 0.5373913043478261 0.024361948955916472 0.022608695652173914
6 0.1583526682134571 0.5848913043478261 0.0069605568445475635 0.005
8 0.18720997679814386 0.592391304347826 0.005510440835266821 0.00391304347826087
6 0.40733758700696054 0.21369565217391304 0.007830626450116009 0.00608695652173913
6 0.4076276102088167 0.17880434782608695 0.005510440835266821 0.004130434782608695
1 0.5555394431554525 0.10239130434782609 0.004930394431554524 0.0034782608695652175
1 0.6048433874709976 0.11228260869565218 0.006670533642691415 0.005434782608695652
0 0.9462006960556845 0.5018478260869565 0.008990719257540603 0.029347826086956522
0 0.7566705336426914 0.6178260869565217 0.008700696055684454 0.007391304347826087
8 0.6812645011600929 0.7679347826086956 0.02088167053364269 0.016304347826086956
8 0.13428074245939675 0.698695652173913 0.014501160092807424 0.013043478260869565
0 0.0855568445475638 0.7198913043478261 0.0191415313225058 0.023695652173913045
8 0.07584106728538283 0.7502173913043478 0.006090487238979118 0.00608695652173913
8 0.13863109048723898 0.8128260869565217 0.012180974477958236 0.009565217391304347
1 0.29350348027842227 0.5806521739130435 0.0075406032482598605 0.00608695652173913
8 0.05118909512761021 0.2358695652173913 0.010150812064965197 0.011739130434782608
8 0.9324245939675174 0.6172826086956522 0.0069605568445475635 0.011956521739130435
8 0.09773781902552205 0.7741304347826087 0.009860788863109048 0.011304347826086957
1 0.23854408352668213 0.6875 0.008410672853828306 0.006304347826086957
0 0.16763341067285384 0.6609782608695652 0.03480278422273782 0.014565217391304348
0 0.4251740139211137 0.47 0.00580046403712297 0.005652173913043478