9 0.3676044083526682 0.0658695652173913 0.008410672853828306 0.006956521739130435
5 0.17647911832946636 0.06130434782608696 0.07395591647331787 0.08608695652173913
8 0.17314385150812064 0.09967391304347827 0.012761020881670533 0.010652173913043479
4 0.09802784222737819 0.11956521739130435 0.008120649651972157 0.00608695652173913
5 0.04886890951276102 0.1325 0.03915313225058004 0.04630434782608696
4 0.06467517401392112 0.12641304347826088 0.009280742459396751 0.011956521739130435
9 0.40124709976798145 0.10739130434782608 0.010730858468677494 0.007391304347826087
6 0.3986368909512761 0.043695652173913045 0.008990719257540603 0.00608695652173913
6 0.40458236658932717 0.04630434782608696 0.00580046403712297 0.004782608695652174
6 0.47476798143851506 0.004021739130434783 0.005220417633410673 0.002826086956521739
6 0.5697505800464037 0.025978260869565218 0.005510440835266821 0.003260869565217391
6 0.5788863109048724 0.035978260869565216 0.005220417633410673 0.002826086956521739
6 0.6086136890951276 0.05391304347826087 0.006670533642691415 0.004347826086956522
6 0.627030162412993 0.06434782608695652 0.0063805104408352666 0.0052173913043478265
6 0.627030162412993 0.08760869565217391 0.0063805104408352666 0.004782608695652174
0 0.6982308584686775 0.1075 0.06525522041763342 0.024565217391304347
0 0.6805394431554525 0.125 0.016531322505800465 0.006521739130434782
0 0.6924303944315545 0.1373913043478261 0.016531322505800465 0.012608695652173913
0 0.6957656612529002 0.15804347826086956 0.019721577726218097 0.018695652173913044
4 0.5375580046403712 0.13891304347826086 0.0095707656612529 0.0052173913043478265
6 0.5693155452436195 0.16869565217391305 0.0063805104408352666 0.004347826086956522
6 0.3800754060324826 0.15217391304347827 0.008410672853828306 0.005652173913043478
5 0.4869489559164733 0.19032608695652173 0.07308584686774942 0.08108695652173913
6 0.5252320185614849 0.11434782608695652 0.008120649651972157 0.004347826086956522
6 0.5200116009280742 0.12065217391304348 0.0034802784222737818 0.003043478260869565
6 0.5777262180974478 0.12510869565217392 0.0034802784222737818 0.003260869565217391
6 0.44127030162412995 0.11684782608695653 0.006670533642691415 0.0036956521739130435
6 0.47998839907192575 0.09521739130434782 0.0069605568445475635 0.004347826086956522
6 0.4772331786542923 0.08739130434782609 0.004350348027842227 0.002173913043478261
6 0.43677494199535966 0.0925 0.004640371229698376 0.0036956521739130435
0 0.41531322505800466 0.1259782608695652 0.021461716937354988 0.009347826086956522
0 0.3033642691415313 0.10402173913043478 0.029582366589327145 0.009347826086956522
0 0.2601508120649652 0.0966304347826087 0.054524361948955914 0.030217391304347824
0 0.2797273781902552 0.12173913043478261 0.03509280742459397 0.011739130434782608
0 0.18648491879350348 0.14391304347826087 0.020301624129930394 0.017826086956521738
0 0.28016241299303946 0.1673913043478261 0.029002320185614848 0.013478260869565217
0 0.761600928074246 0.13402173913043477 0.04988399071925754 0.01934782608695652
4 0.7726218097447796 0.17989130434782608 0.015081206496519721 0.010652173913043479
9 0.9211136890951276 0.3244565217391304 0.0075406032482598605 0.009347826086956522
8 0.8812354988399071 0.15891304347826088 0.013631090487238979 0.018695652173913044
3 0.8103248259860789 0.28043478260869564 0.02088167053364269 0.010434782608695653
3 0.7879930394431555 0.2952173913043478 0.03538283062645012 0.02782608695652174
3 0.7740719257540604 0.3154347826086957 0.017981438515081206 0.009130434782608696
4 0.5362529002320185 0.3660869565217391 0.011020881670533642 0.008695652173913044
3 0.947215777262181 0.39260869565217393 0.013921113689095127 0.028695652173913042
3 0.9562064965197216 0.413695652173913 0.026102088167053363 0.015217391304347827
3 0.8892111368909513 0.43282608695652175 0.03248259860788863 0.021304347826086957
3 0.8686194895591647 0.4573913043478261 0.011020881670533642 0.011304347826086957
3 0.8428074245939675 0.42869565217391303 0.033642691415313224 0.013043478260869565
3 0.8297563805104409 0.4076086956521739 0.0191415313225058 0.009130434782608696
3 0.83584686774942 0.3991304347826087 0.008120649651972157 0.010434782608695653
3 0.9084976798143851 0.4404347826086957 0.013631090487238979 0.009130434782608696
3 0.9134280742459396 0.4356521739130435 0.015951276102088168 0.008695652173913044
3 0.918068445475638 0.4078260869565217 0.011890951276102088 0.00782608695652174
3 0.8993619489559165 0.4141304347826087 0.031902552204176336 0.017826086956521738
3 0.863399071925754 0.4125 0.017981438515081206 0.009347826086956522
3 0.8114849187935035 0.3393478260869565 0.008120649651972157 0.008695652173913044
3 0.89834686774942 0.36369565217391303 0.007250580046403712 0.012608695652173913
3 0.9185034802784223 0.36043478260869566 0.004640371229698376 0.01
3 0.7098317865429234 0.4190217391304348 0.1070185614849188 0.0641304347826087
3 0.6419663573085846 0.4116304347826087 0.028132250580046404 0.015
3 0.587877030162413 0.40402173913043476 0.015081206496519721 0.010652173913043479
3 0.49854988399071926 0.38456521739130434 0.018561484918793503 0.01217391304347826
3 0.5147911832946636 0.4334782608695652 0.016821345707656612 0.01
3 0.5300174013921114 0.4282608695652174 0.008410672853828306 0.00826086956521739
3 0.5345127610208816 0.40141304347826084 0.010440835266821345 0.007608695652173913
3 0.5520591647331786 0.39619565217391306 0.02117169373549884 0.02282608695652174
3 0.5179814385150812 0.3943478260869565 0.018561484918793503 0.018695652173913044
3 0.5929524361948956 0.44423913043478264 0.020591647331786544 0.019782608695652175
0 0.5152262180974478 0.3625 0.02697215777262181 0.026304347826086958
0 0.4820185614849188 0.3585869565217391 0.012180974477958236 0.008043478260869565
0 0.445330626450116 0.3542391304347826 0.01769141531322506 0.013695652173913043
1 0.4615719257540603 0.3731521739130435 0.007830626450116009 0.004130434782608695
1 0.45751160092807425 0.3957608695652174 0.004350348027842227 0.003260869565217391
1 0.48056844547563804 0.396304347826087 0.0075406032482598605 0.005652173913043478
1 0.46273201856148494 0.40608695652173915 0.006090487238979118 0.004347826086956522
1 0.46751740139211134 0.43543478260869567 0.0069605568445475635 0.004782608695652174
1 0.43720997679814383 0.40641304347826085 0.008990719257540603 0.0036956521739130435
3 0.43837006960556846 0.39043478260869563 0.015951276102088168 0.01217391304347826
3 0.42212877030162416 0.3978260869565217 0.008990719257540603 0.009565217391304347
8 0.4302494199535963 0.40456521739130435 0.007830626450116009 0.0052173913043478265
3 0.06844547563805105 0.33619565217391306 0.014501160092807424 0.015
3 0.16067285382830626 0.3198913043478261 0.012761020881670533 0.008043478260869565
3 0.09309744779582367 0.33847826086956523 0.010440835266821345 0.011739130434782608
3 0.19576566125290024 0.34097826086956523 0.0075406032482598605 0.005434782608695652
3 0.16473317865429235 0.3333695652173913 0.014501160092807424 0.009347826086956522
3 0.17270881670533642 0.3453260869565217 0.017111368909512762 0.008478260869565218
3 0.06786542923433875 0.40880434782608693 0.08468677494199536 0.051956521739130436
3 0.1312354988399072 0.4182608695652174 0.028132250580046404 0.010869565217391304
3 0.09846287703016242 0.4360869565217391 0.013631090487238979 0.00826086956521739
3 0.16473317865429235 0.4330434782608696 0.020301624129930394 0.025217391304347827
3 0.371084686774942 0.40304347826086956 0.010150812064965197 0.010869565217391304
3 0.35730858468677495 0.4118478260869565 0.0075406032482598605 0.004130434782608695
6 0.45649651972157773 0.6355434782608695 0.010440835266821345 0.008478260869565218
0 0.4788283062645012 0.6556521739130434 0.01334106728538283 0.012608695652173913
0 0.5854118329466357 0.6701086956521739 0.026392111368909513 0.034130434782608694
0 0.5440835266821346 0.6683695652173913 0.016241299303944315 0.010652173913043479
0 0.48564385150812067 0.6844565217391304 0.021751740139211138 0.011521739130434782
4 0.6245649651972158 0.6916304347826087 0.007830626450116009 0.005869565217391304
9 0.7921983758700696 0.7428260869565217 0.016531322505800465 0.013478260869565217
0 0.7356438515081206 0.6740217391304347 0.02291183294663573 0.01717391304347826
8 0.7862529002320185 0.71 0.009280742459396751 0.005652173913043478
8 0.6257250580046404 0.7317391304347826 0.007830626450116009 0.00826086956521739
0 0.7028712296983759 0.7214130434782609 0.018851508120649653 0.025434782608695652
0 0.675754060324826 0.7354347826086957 0.01160092807424594 0.011739130434782608
0 0.6861948955916474 0.7492391304347826 0.019721577726218097 0.013260869565217392
0 0.7212877030162413 0.7604347826086957 0.009860788863109048 0.010869565217391304
0 0.548868909512761 0.7001086956521739 0.024651972157772623 0.016304347826086956
0 0.4345997679814385 0.6680434782608695 0.004930394431554524 0.017391304347826087
0 0.45649651972157773 0.6811956521739131 0.008700696055684454 0.01108695652173913
0 0.3430974477958237 0.6543478260869565 0.0075406032482598605 0.009565217391304347
0 0.36238399071925753 0.6635869565217392 0.008410672853828306 0.008478260869565218
0 0.3249709976798144 0.6551086956521739 0.013631090487238979 0.008913043478260869
0 0.33251160092807425 0.6675 0.018851508120649653 0.015869565217391305
0 0.30423433874709976 0.6701086956521739 0.015661252900232018 0.007173913043478261
0 0.2727668213457077 0.7218478260869565 0.031612529002320186 0.022391304347826088
1 0.2877030162412993 0.9005434782608696 0.005220417633410673 0.0036956521739130435
4 0.43082946635730857 0.8255434782608696 0.015951276102088168 0.008478260869565218
0 0.4915893271461717 0.8806521739130435 0.026102088167053363 0.011304347826086957
0 0.5459686774941995 0.8801086956521739 0.07859628770301624 0.01847826086956522
1 0.47273781902552203 0.9135869565217392 0.0069605568445475635 0.005
0 0.6149941995359629 0.8825 0.029292343387470998 0.012826086956521739
8 0.4886890951276102 0.8659782608695652 0.015661252900232018 0.005869565217391304
0 0.22331786542923435 0.7557608695652174 0.012761020881670533 0.015434782608695652
0 0.2515951276102088 0.7494565217391305 0.021751740139211138 0.013695652173913043
0 0.24129930394431554 0.7579347826086956 0.015081206496519721 0.009347826086956522
0 0.2718967517401392 0.7490217391304348 0.013631090487238979 0.017608695652173913
0 0.22650812064965198 0.7920652173913043 0.031902552204176336 0.022391304347826088
0 0.523491879350348 0.47489130434782606 0.008700696055684454 0.007173913043478261
0 0.5227668213457076 0.49478260869565216 0.016531322505800465 0.019130434782608695
6 0.507830626450116 0.5626086956521739 0.008120649651972157 0.006521739130434782
8 0.5108758700696056 0.5667391304347826 0.010730858468677494 0.006521739130434782
6 0.42212877030162416 0.5752173913043478 0.004930394431554524 0.0052173913043478265
4 0.08686194895591648 0.6096739130434783 0.014791183294663572 0.020217391304347826
3 0.061049883990719256 0.49684782608695655 0.010730858468677494 0.009782608695652175
3 0.39037122969837584 0.42967391304347824 0.031902552204176336 0.03152173913043478
3 0.35498839907192575 0.45108695652173914 0.04524361948955916 0.029130434782608697
3 0.33033642691415316 0.4365217391304348 0.029002320185614848 0.017391304347826087
0 0.3091647331786543 0.45619565217391306 0.020301624129930394 0.02282608695652174
0 0.3890661252900232 0.2773913043478261 0.07743619489559164 0.09652173913043478
0 0.34425754060324826 0.2629347826086956 0.02668213457076566 0.017608695652173913
0 0.45243619489559167 0.22978260869565217 0.11020881670533643 0.02391304347826087
6 0.40342227378190254 0.2165217391304348 0.005220417633410673 0.004782608695652174
0 0.2943735498839907 0.2058695652173913 0.04524361948955916 0.018260869565217393
0 0.24448955916473317 0.19141304347826088 0.0574245939675174 0.015869565217391305
0 0.32308584686774944 0.23076086956521738 0.026102088167053363 0.016739130434782607
8 0.20142111368909513 0.1751086956521739 0.01131090487238979 0.007608695652173913
4 0.37877030162412995 0.0675 0.009280742459396751 0.0036956521739130435
3 0.2230278422273782 0.46043478260869564 0.014501160092807424 0.012608695652173913
9 0.208961716937355 0.4653260869565217 0.004930394431554524 0.008043478260869565
3 0.09135730858468677 0.5093478260869565 0.014501160092807424 0.014782608695652174
3 0.07468097447795824 0.5057608695652174 0.01131090487238979 0.010217391304347826
0 0.07975638051044083 0.523695652173913 0.008700696055684454 0.00608695652173913
6 0.09396751740139211 0.5258695652173913 0.005220417633410673 0.004782608695652174
0 0.0968677494199536 0.5472826086956522 0.00580046403712297 0.009347826086956522
0 0.10397331786542924 0.5375 0.006670533642691415 0.008913043478260869
0 0.14457656612529002 0.5311956521739131 0.015951276102088168 0.020652173913043477
0 0.12238979118329467 0.537608695652174 0.025522041763341066 0.017826086956521738
0 0.13863109048723898 0.5134782608695653 0.011020881670533642 0.011304347826086957
0 0.21635730858468677 0.5275 0.02494199535962877 0.009347826086956522
6 0.1818445475638051 0.5768478260869565 0.0063805104408352666 0.005
0 0.2060614849187935 0.6305434782608695 0.06003480278422274 0.02891304347826087
0 0.15240719257540603 0.6403260869565217 0.014791183294663572 0.011521739130434782
0 0.17270881670533642 0.6569565217391304 0.0484338747099768 0.029130434782608697
0 0.11890951276102088 0.6381521739130435 0.04640371229698376 0.03152173913043478
0 0.1638631090487239 0.5984782608695652 0.03248259860788863 0.023043478260869565
0 0.14225638051044084 0.6857608695652174 0.03567285382830626 0.02891304347826087
0 0.20867169373549885 0.5752173913043478 0.03857308584686775 0.017826086956521738
0 0.6529872389791184 0.5645652173913044 0.029872389791183295 0.029565217391304348
0 0.6442865429234339 0.5022826086956522 0.025812064965197216 0.01847826086956522
0 0.8307714617169374 0.5171739130434783 0.10295823665893271 0.058260869565217394
0 0.8819605568445475 0.5515217391304348 0.00580046403712297 0.01217391304347826
0 0.8386020881670534 0.5577173913043478 0.03219257540603248 0.03282608695652174
0 0.8251160092807425 0.5353260869565217 0.0075406032482598605 0.005434782608695652
0 0.802639211136891 0.5422826086956521 0.013631090487238979 0.010217391304347826
0 0.8142401392111369 0.5430434782608695 0.006670533642691415 0.004347826086956522
0 0.7697215777262181 0.5585869565217392 0.031322505800464036 0.025434782608695652
6 0.7779872389791184 0.5759782608695653 0.006090487238979118 0.006304347826086957
0 0.8032192575406032 0.5957608695652173 0.025812064965197216 0.020652173913043477
0 0.7758120649651972 0.6572826086956521 0.015081206496519721 0.015434782608695652
0 0.7920533642691415 0.6525 0.01740139211136891 0.014565217391304348
0 0.7887180974477959 0.611195652173913 0.018271461716937356 0.015869565217391305
0 0.7874129930394431 0.6289130434782608 0.012180974477958236 0.010869565217391304
1 0.8312064965197216 0.6826086956521739 0.005220417633410673 0.00608695652173913
1 0.8990719257540604 0.6643478260869565 0.004060324825986079 0.006956521739130435
0 0.7771171693735499 0.8603260869565217 0.014791183294663572 0.043260869565217394
0 0.838022041763341 0.6745652173913044 0.004350348027842227 0.004782608695652174
4 0.8285962877030162 0.6047826086956521 0.010440835266821345 0.006956521739130435
4 0.892691415313225 0.5690217391304347 0.00580046403712297 0.005869565217391304
0 0.9331496519721578 0.5897826086956521 0.020591647331786544 0.049130434782608694
0 0.9106728538283063 0.5142391304347826 0.0034802784222737818 0.005869565217391304
3 0.7437645011600929 0.4622826086956522 0.04147331786542923 0.019782608695652175
3 0.7312935034802784 0.48586956521739133 0.013631090487238979 0.014782608695652174
3 0.6424013921113689 0.47532608695652173 0.02262180974477958 0.021521739130434783
3 0.6603828306264501 0.4410869565217391 0.0568445475638051 0.03391304347826087
3 0.5997679814385151 0.4771739130434783 0.02088167053364269 0.011739130434782608
3 0.6157192575406032 0.46902173913043477 0.0191415313225058 0.012391304347826086
0 0.6099187935034803 0.4559782608695652 0.011020881670533642 0.008913043478260869
0 0.6354408352668214 0.4540217391304348 0.02494199535962877 0.018043478260869564
0 0.41850348027842227 0.5290217391304348 0.00580046403712297 0.0036956521739130435
1 0.4245939675174014 0.5522826086956522 0.0034802784222737818 0.004130434782608695
0 0.40806264501160094 0.5263043478260869 0.018561484918793503 0.026521739130434784
3 0.310614849187935 0.49141304347826087 0.03538283062645012 0.02282608695652174
3 0.25406032482598606 0.47402173913043477 0.03944315545243619 0.022391304347826088
3 0.13370069605568446 0.4791304347826087 0.02262180974477958 0.013043478260869565
3 0.17894431554524362 0.49 0.016241299303944315 0.011304347826086957
3 0.091792343387471 0.47358695652173916 0.05249419953596288 0.03369565217391304
3 0.05930974477958237 0.4641304347826087 0.004930394431554524 0.011739130434782608
0 0.03480278422273782 0.542608695652174 0.037703016241299306 0.08347826086956522
0 0.03523781902552204 0.48695652173913045 0.004930394431554524 0.013043478260869565
0 0.18909512761020883 0.5089130434782608 0.016821345707656612 0.02043478260869565
0 0.33932714617169374 0.9080434782608696 0.05336426914153132 0.049565217391304345
0 0.4166183294663573 0.8964130434782609 0.10991879350348027 0.05369565217391304
0 0.4831786542923434 0.8446739130434783 0.06496519721577726 0.03326086956521739
0 0.5933874709976799 0.8586956521739131 0.02320185614849188 0.008695652173913044
6 0.5129060324825986 0.9161956521739131 0.006090487238979118 0.004130434782608695
0 0.540893271461717 0.9059782608695652 0.014501160092807424 0.007608695652173913
0 0.4978248259860789 0.8881521739130435 0.012470997679814385 0.004565217391304348
0 0.490284222737819 0.8973913043478261 0.02291183294663573 0.01
9 0.6099187935034803 0.9183695652173913 0.01160092807424594 0.016739130434782607
1 0.6335556844547564 0.9232608695652174 0.006090487238979118 0.004347826086956522
6 0.6352958236658933 0.9267391304347826 0.004350348027842227 0.0034782608695652175
0 0.6241299303944315 0.9421739130434783 0.010440835266821345 0.009565217391304347
0 0.7040313225058005 0.7893478260869565 0.01943155452436195 0.0052173913043478265
0 0.8578886310904872 0.49521739130434783 0.014501160092807424 0.01565217391304348
3 0.8565835266821346 0.4701086956521739 0.07453596287703017 0.04021739130434782
0 0.13703596287703015 0.7102173913043478 0.020011600928074247 0.013478260869565217
1 0.11658932714617169 0.6584782608695652 0.0034802784222737818 0.0034782608695652175
0 0.06844547563805105 0.616304347826087 0.009280742459396751 0.008695652173913044
0 0.06801044083526682 0.591195652173913 0.017111368909512762 0.02673913043478261
0 0.11470417633410673 0.5598913043478261 0.006090487238979118 0.008478260869565218
0 0.13239559164733178 0.5556521739130434 0.014211136890951276 0.015217391304347827
0 0.10788863109048724 0.6082608695652174 0.01160092807424594 0.009565217391304347
0 0.11977958236658932 0.6205434782608695 0.02262180974477958 0.008913043478260869
0 0.05930974477958237 0.6326086956521739 0.06003480278422274 0.09
0 0.06772041763341068 0.6864130434782608 0.01943155452436195 0.026304347826086958
0 0.5545243619489559 0.5568478260869565 0.005220417633410673 0.006304347826086957
0 0.5001450116009281 0.5565217391304348 0.008990719257540603 0.011304347826086957
0 0.5346577726218097 0.5527173913043478 0.015951276102088168 0.014565217391304348
0 0.4538863109048724 0.5608695652173913 0.017981438515081206 0.011739130434782608
6 0.43822505800464034 0.5332608695652173 0.005220417633410673 0.00391304347826087
0 0.5462587006960556 0.5271739130434783 0.007250580046403712 0.009130434782608696
0 0.507830626450116 0.5501086956521739 0.013921113689095127 0.010217391304347826
6 0.5130510440835266 0.5566304347826087 0.004640371229698376 0.004130434782608695
1 0.4876740139211137 0.47054347826086956 0.0037703016241299302 0.003260869565217391
1 0.4618619489559165 0.45260869565217393 0.0031902552204176333 0.003043478260869565
0 0.451131090487239 0.5213043478260869 0.007250580046403712 0.00608695652173913
1 0.4944895591647332 0.47782608695652173 0.004640371229698376 0.0026086956521739132
0 0.4886890951276102 0.4830434782608696 0.019721577726218097 0.005652173913043478
0 0.4582366589327146 0.4782608695652174 0.015081206496519721 0.00826086956521739
3 0.416038283062645 0.47391304347826085 0.014211136890951276 0.014782608695652174
0 0.39109628770301624 0.4731521739130435 0.03277262180974478 0.02673913043478261
6 0.2887180974477958 0.48782608695652174 0.0031902552204176333 0.002173913043478261
0 0.26102088167053367 0.5268478260869566 0.052204176334106726 0.017608695652173913
0 0.20359628770301624 0.5422826086956521 0.029002320185614848 0.014130434782608696
0 0.2179524361948956 0.5598913043478261 0.010730858468677494 0.006739130434782609
0 0.19518561484918792 0.5568478260869565 0.0191415313225058 0.013260869565217392
0 0.400377030162413 0.5529347826086957 0.007830626450116009 0.006739130434782609
0 0.39153132250580047 0.5403260869565217 0.004640371229698376 0.005869565217391304
0 0.3839907192575406 0.5127173913043478 0.012180974477958236 0.013260869565217392
3 0.5649651972157773 0.4975 0.0075406032482598605 0.005
3 0.5694605568445475 0.4890217391304348 0.007830626450116009 0.004565217391304348
0 0.4798433874709977 0.5107608695652174 0.04147331786542923 0.016304347826086956
6 0.49071925754060325 0.5604347826086956 0.004060324825986079 0.0034782608695652175
0 0.43430974477958234 0.5681521739130435 0.008410672853828306 0.005869565217391304
0 0.42560904872389793 0.5332608695652173 0.005510440835266821 0.00391304347826087
0 0.5172563805104409 0.6458695652173913 0.018851508120649653 0.00782608695652174
0 0.5382830626450116 0.6251086956521739 0.0075406032482598605 0.010652173913043479
0 0.5256670533642691 0.6235869565217391 0.01537122969837587 0.005869565217391304
6 0.5308874709976799 0.6189130434782608 0.0031902552204176333 0.0026086956521739132
0 0.537122969837587 0.6364130434782609 0.019721577726218097 0.007608695652173913
0 0.7310034802784223 0.576304347826087 0.025812064965197216 0.01652173913043478
0 0.5014501160092807 0.22902173913043478 0.03654292343387471 0.04760869565217391
6 0.5323375870069605 0.05989130434782609 0.004930394431554524 0.004130434782608695
6 0.5716357308584686 0.06228260869565217 0.00580046403712297 0.004130434782608695
1 0.7426044083526682 0.09967391304347827 0.004930394431554524 0.004130434782608695
8 0.35339327146171695 0.8703260869565217 0.03973317865429234 0.02326086956521739
8 0.1943155452436195 0.8593478260869565 0.019721577726218097 0.01652173913043478
1 0.10919373549883991 0.2882608695652174 0.007830626450116009 0.004347826086956522
0 0.857453596287703 0.6033695652173913 0.02291183294663573 0.012826086956521739
0 0.6242749419953596 0.0425 0.0287122969837587 0.021956521739130434
0 0.5901972157772621 0.11108695652173912 0.029002320185614848 0.006956521739130435
0 0.24956496519721577 0.06597826086956522 0.058294663573085846 0.01891304347826087
0 0.03277262180974478 0.17619565217391303 0.02494199535962877 0.04586956521739131
0 0.05278422273781903 0.5431521739130435 0.008700696055684454 0.014565217391304348
0 0.3357018561484919 0.9410869565217391 0.01537122969837587 0.011739130434782608
6 0.4685324825986079 0.052282608695652176 0.004350348027842227 0.002826086956521739
6 0.4593967517401392 0.06054347826086957 0.005220417633410673 0.002826086956521739
6 0.4650522041763341 0.059782608695652176 0.004350348027842227 0.0026086956521739132
6 0.5420533642691415 0.06141304347826087 0.005220417633410673 0.004565217391304348
1 0.642691415313225 0.12054347826086957 0.012180974477958236 0.006739130434782609
6 0.7993039443155452 0.5252173913043479 0.0075406032482598605 0.004782608695652174
8 0.9186484918793504 0.5680434782608695 0.010150812064965197 0.007391304347826087
1 0.8616589327146171 0.4721739130434783 0.00580046403712297 0.00608695652173913
0 0.4892691415313225 0.6583695652173913 0.0069605568445475635 0.008478260869565218
6 0.3190255220417633 0.6521739130434783 0.005220417633410673 0.0034782608695652175
8 0.29712877030162416 0.9068478260869566 0.01769141531322506 0.014565217391304348
5 0.1875 0.7292391304347826 0.03451276102088167 0.03326086956521739
0 0.12296983758700696 0.5933695652173913 0.011020881670533642 0.007608695652173913
1 0.35600348027842227 0.4270652173913044 0.005510440835266821 0.005
9 0.652407192575406 0.0658695652173913 0.021751740139211138 0.017391304347826087
6 0.595707656612529 0.2890217391304348 0.008120649651972157 0.006739130434782609
0 0.5539443155452436 0.2875 0.022041763341067284 0.016739130434782607
0 0.15124709976798145 0.5783695652173914 0.007830626450116009 0.005869565217391304
2 0.40907772621809746 0.8623913043478261 0.02697215777262181 0.012608695652173913
0 0.744199535962877 0.8055434782608696 0.020301624129930394 0.01847826086956522
0 0.8052494199535963 0.7990217391304347 0.02291183294663573 0.025434782608695652
8 0.830191415313225 0.7082608695652174 0.020591647331786544 0.015217391304347827
0 0.878915313225058 0.6434782608695652 0.011890951276102088 0.013478260869565217
1 0.2679814385150812 0.8509782608695652 0.0069605568445475635 0.005869565217391304
9 0.13500580046403712 0.8488043478260869 0.010730858468677494 0.009347826086956522
0 0.10339327146171694 0.5684782608695652 0.017111368909512762 0.024782608695652172
0 0.0912122969837587 0.5852173913043478 0.0095707656612529 0.00826086956521739
8 0.40226218097447797 0.5346739130434782 0.02494199535962877 0.014565217391304348
1 0.6071635730858469 0.4317391304347826 0.0031902552204176333 0.0026086956521739132
1 0.597737819025522 0.4305434782608696 0.004060324825986079 0.003260869565217391
1 0.7863979118329466 0.11304347826086956 0.006090487238979118 0.0034782608695652175
0 0.8561484918793504 0.7126086956521739 0.012761020881670533 0.011304347826086957
0 0.826131090487239 0.6266304347826087 0.007250580046403712 0.012391304347826086
0 0.8129350348027842 0.625 0.01334106728538283 0.010869565217391304
9 0.5207366589327146 0.5772826086956522 0.01537122969837587 0.012391304347826086
