3 0.20794663573085848 0.5278260869565218 0.015081206496519721 0.01391304347826087
3 0.20693155452436196 0.5382608695652173 0.008410672853828306 0.005652173913043478
3 0.15733758700696054 0.5543478260869565 0.027552204176334107 0.015217391304347827
3 0.21751740139211137 0.5458695652173913 0.008700696055684454 0.009130434782608696
3 0.0822215777262181 0.47152173913043477 0.006670533642691415 0.0034782608695652175
3 0.10513341067285382 0.475 0.010730858468677494 0.006956521739130435
3 0.0884570765661253 0.48478260869565215 0.008120649651972157 0.004347826086956522
3 0.0912122969837587 0.5304347826086957 0.006670533642691415 0.006521739130434782
3 0.06496519721577726 0.5273913043478261 0.01160092807424594 0.01
3 0.037703016241299306 0.44880434782608697 0.00580046403712297 0.008478260869565218
3 0.05133410672853828 0.4568478260869565 0.0063805104408352666 0.004130434782608695
3 0.02247679814385151 0.45304347826086955 0.005510440835266821 0.006521739130434782
3 0.029292343387470998 0.45608695652173914 0.0034802784222737818 0.00391304347826087
3 0.017981438515081206 0.46152173913043476 0.0063805104408352666 0.005652173913043478
3 0.013486078886310905 0.47206521739130436 0.004350348027842227 0.007608695652173913
3 0.025087006960556844 0.47391304347826085 0.006090487238979118 0.0052173913043478265
3 0.029582366589327145 0.48891304347826087 0.0069605568445475635 0.00391304347826087
3 0.04524361948955916 0.5022826086956522 0.0075406032482598605 0.008478260869565218
3 0.05046403712296984 0.5097826086956522 0.0063805104408352666 0.0052173913043478265
3 0.04509860788863109 0.5727173913043478 0.007830626450116009 0.005869565217391304
3 0.07932134570765662 0.5363043478260869 0.01131090487238979 0.009130434782608696
3 0.09048723897911833 0.5126086956521739 0.0069605568445475635 0.00391304347826087
3 0.5394431554524362 0.505 0.008700696055684454 0.009130434782608696
3 0.6207946635730859 0.5346739130434782 0.01131090487238979 0.008913043478260869
3 0.7556554524361949 0.5366304347826087 0.012470997679814385 0.007608695652173913
3 0.7882830626450116 0.5346739130434782 0.012761020881670533 0.007608695652173913
3 0.8879060324825986 0.5311956521739131 0.0095707656612529 0.007608695652173913
3 0.8645591647331786 0.55 0.009280742459396751 0.010869565217391304
3 0.8390371229698376 0.5601086956521739 0.016241299303944315 0.010217391304347826
8 0.64457656612529 0.5777173913043478 0.010730858468677494 0.007608695652173913
0 0.7865429234338747 0.6136956521739131 0.02320185614849188 0.011739130434782608
9 0.8017691415313225 0.7470652173913044 0.01943155452436195 0.012826086956521739
0 0.7892981438515081 0.7393478260869565 0.012470997679814385 0.00782608695652174
4 0.8517981438515081 0.7573913043478261 0.01160092807424594 0.012608695652173913
8 0.6686484918793504 0.7807608695652174 0.022331786542923435 0.01847826086956522
9 0.6342807424593968 0.8748913043478261 0.0191415313225058 0.014565217391304348
9 0.7021461716937355 0.8415217391304348 0.008700696055684454 0.00608695652173913
0 0.8062645011600929 0.7729347826086956 0.008700696055684454 0.007608695652173913
0 0.8033642691415314 0.7620652173913044 0.008120649651972157 0.005
0 0.7745069605568445 0.7651086956521739 0.005510440835266821 0.004565217391304348
0 0.7550754060324826 0.751195652173913 0.010150812064965197 0.007173913043478261
0 0.8019141531322506 0.7272826086956522 0.015661252900232018 0.010217391304347826
0 0.7288283062645011 0.7258695652173913 0.015661252900232018 0.00608695652173913
8 0.6613979118329466 0.9173913043478261 0.027552204176334107 0.01956521739130435
5 0.5746809744779582 0.9153260869565217 0.036832946635730855 0.03239130434782609
8 0.2849477958236659 0.8516304347826087 0.018271461716937356 0.013695652173913043
8 0.26841647331786544 0.8623913043478261 0.028132250580046404 0.017391304347826087
8 0.3490429234338747 0.8772826086956522 0.014791183294663572 0.011521739130434782
2 0.3236658932714617 0.9029347826086956 0.019721577726218097 0.011521739130434782
2 0.341792343387471 0.903804347826087 0.010730858468677494 0.008043478260869565
0 0.42169373549883993 0.9016304347826087 0.016241299303944315 0.009782608695652175
8 0.21882250580046403 0.7497826086956522 0.012470997679814385 0.008695652173913044
0 0.26377610208816704 0.7522826086956522 0.010150812064965197 0.005
8 0.33584686774941996 0.6968478260869565 0.012761020881670533 0.008478260869565218
0 0.20823665893271462 0.6869565217391305 0.02262180974477958 0.018260869565217393
6 0.14776682134570765 0.6656521739130434 0.006090487238979118 0.004782608695652174
8 0.24448955916473317 0.8740217391304348 0.013921113689095127 0.011956521739130435
8 0.25768561484918795 0.8791304347826087 0.014791183294663572 0.013478260869565217
8 0.2769721577726218 0.8923913043478261 0.015081206496519721 0.010434782608695653
2 0.45417633410672853 0.566304347826087 0.021461716937354988 0.018260869565217393
2 0.4775232018561485 0.5778260869565217 0.010150812064965197 0.006521739130434782
2 0.43430974477958234 0.596304347826087 0.029292343387470998 0.030434782608695653
2 0.5268271461716937 0.5644565217391304 0.024651972157772623 0.016304347826086956
2 0.509860788863109 0.5725 0.03306264501160093 0.018043478260869564
2 0.552784222737819 0.5919565217391304 0.019721577726218097 0.0391304347826087
4 0.2707366589327146 0.3832608695652174 0.01769141531322506 0.010434782608695653
6 0.5574245939675174 0.45119565217391305 0.009860788863109048 0.009782608695652175
4 0.6943155452436195 0.4071739130434783 0.0075406032482598605 0.006956521739130435
0 0.8346867749419954 0.2732608695652174 0.0069605568445475635 0.006956521739130435
6 0.6136890951276102 0.09532608695652174 0.0063805104408352666 0.004130434782608695
0 0.7205626450116009 0.13543478260869565 0.02349187935034803 0.012608695652173913
8 0.6792343387470998 0.18684782608695652 0.01160092807424594 0.008913043478260869
8 0.6740139211136891 0.2023913043478261 0.009280742459396751 0.00782608695652174
1 0.5142111368909513 0.19184782608695652 0.009280742459396751 0.006739130434782609
0 0.46012180974477956 0.1375 0.013051044083526682 0.005869565217391304
0 0.47665313225058004 0.15271739130434783 0.0287122969837587 0.012391304347826086
8 0.28364269141531323 0.15554347826086956 0.018561484918793503 0.011956521739130435
8 0.2827726218097448 0.21597826086956523 0.014501160092807424 0.010217391304347826
1 0.1898201856148492 0.1676086956521739 0.011890951276102088 0.007391304347826087
8 0.07221577726218098 0.285 0.011020881670533642 0.01
8 0.1103538283062645 0.29141304347826086 0.013051044083526682 0.011956521739130435
1 0.06380510440835267 0.4025 0.0069605568445475635 0.005434782608695652
0 0.2437645011600928 0.26304347826086955 0.010730858468677494 0.00826086956521739
0 0.519431554524362 0.2990217391304348 0.013921113689095127 0.015434782608695652
0 0.5411832946635731 0.19 0.0191415313225058 0.012608695652173913
6 0.6415313225058005 0.15945652173913044 0.00580046403712297 0.004565217391304348
6 0.6593677494199536 0.14 0.004350348027842227 0.003043478260869565
8 0.7017111368909513 0.2415217391304348 0.005510440835266821 0.005652173913043478
1 0.6670533642691415 0.2566304347826087 0.008700696055684454 0.005869565217391304
5 0.4137180974477958 0.9292391304347826 0.06525522041763342 0.041956521739130434
9 0.5828016241299304 0.345 0.017111368909512762 0.014347826086956521
2 0.6184744779582366 0.6830434782608695 0.014211136890951276 0.012608695652173913
0 0.4767981438515081 0.7478260869565218 0.008700696055684454 0.011739130434782608
2 0.7372389791183295 0.6466304347826087 0.012761020881670533 0.008478260869565218
0 0.7410092807424594 0.6315217391304347 0.011020881670533642 0.006521739130434782
8 0.7892981438515081 0.8280434782608695 0.018851508120649653 0.017826086956521738
8 0.6825696055684455 0.8819565217391304 0.013631090487238979 0.010434782608695653
2 0.6915603248259861 0.8669565217391304 0.01131090487238979 0.013043478260869565
1 0.2779872389791183 0.11315217391304348 0.007830626450116009 0.004565217391304348
1 0.2573955916473318 0.20326086956521738 0.005510440835266821 0.004347826086956522
0 0.464907192575406 0.2565217391304348 0.010440835266821345 0.0052173913043478265
0 0.509860788863109 0.28054347826086956 0.013921113689095127 0.011956521739130435
0 0.5787412993039444 0.10760869565217392 0.02291183294663573 0.006956521739130435
0 0.6100638051044084 0.1383695652173913 0.01769141531322506 0.010652173913043479
8 0.87122969837587 0.16054347826086957 0.0069605568445475635 0.009347826086956522
8 0.9280742459396751 0.5881521739130435 0.01160092807424594 0.013260869565217392
4 0.3755800464037123 0.7885869565217392 0.008120649651972157 0.006304347826086957
0 0.21490719257540603 0.6176086956521739 0.011020881670533642 0.00826086956521739
0 0.19286542923433875 0.6085869565217391 0.012180974477958236 0.01108695652173913
0 0.20954176334106728 0.5954347826086956 0.008990719257540603 0.006521739130434782
1 0.07308584686774942 0.5158695652173914 0.005220417633410673 0.004347826086956522
0 0.5495939675174014 0.25380434782608696 0.011020881670533642 0.011521739130434782
0 0.564530162412993 0.2728260869565217 0.011890951276102088 0.008695652173913044
1 0.6651682134570766 0.11152173913043478 0.006090487238979118 0.00391304347826087
1 0.7775522041763341 0.15228260869565216 0.0063805104408352666 0.005
8 0.8538283062645011 0.658695652173913 0.008120649651972157 0.007391304347826087
8 0.7205626450116009 0.8181521739130435 0.020011600928074247 0.014130434782608696
0 0.2015661252900232 0.7306521739130435 0.0069605568445475635 0.0052173913043478265
0 0.21751740139211137 0.6590217391304348 0.030162412993039442 0.015869565217391305
1 0.38486078886310904 0.26663043478260867 0.0069605568445475635 0.005434782608695652
0 0.589762180974478 0.12304347826086956 0.013051044083526682 0.009565217391304347
0 0.9421403712296984 0.3540217391304348 0.010730858468677494 0.03369565217391304
0 0.9566415313225058 0.3839130434782609 0.007250580046403712 0.022608695652173914
1 0.6435614849187935 0.5964130434782609 0.0069605568445475635 0.005434782608695652
0 0.7220127610208816 0.653804347826087 0.01769141531322506 0.010652173913043479
0 0.8216357308584686 0.7266304347826087 0.015661252900232018 0.007608695652173913
6 0.5933874709976799 0.8807608695652174 0.0063805104408352666 0.005
6 0.18822505800464037 0.7697826086956522 0.009860788863109048 0.004782608695652174
8 0.01435614849187935 0.6005434782608695 0.007830626450116009 0.008043478260869565
0 0.4244489559164733 0.23576086956521738 0.016531322505800465 0.013695652173913043
0 0.7939385150812065 0.7722826086956521 0.008990719257540603 0.007173913043478261
8 0.4712877030162413 0.9020652173913043 0.03306264501160093 0.021956521739130434
5 0.29147331786542924 0.9020652173913043 0.03944315545243619 0.025869565217391303
