9 0.12804524361948955 0.6046739130434783 0.013051044083526682 0.009347826086956522
8 0.09164733178654293 0.7796739130434782 0.01160092807424594 0.011521739130434782
8 0.14457656612529002 0.7794565217391304 0.013051044083526682 0.015
9 0.33033642691415316 0.7352173913043478 0.026102088167053363 0.02217391304347826
9 0.5851218097447796 0.5165217391304348 0.011890951276102088 0.010869565217391304
9 0.6729988399071926 0.7626086956521739 0.008990719257540603 0.007391304347826087
8 0.7175174013921114 0.7732608695652174 0.009860788863109048 0.010869565217391304
9 0.5944025522041764 0.8490217391304348 0.01131090487238979 0.008478260869565218
1 0.33207656612529 0.8672826086956522 0.005220417633410673 0.0036956521739130435
8 0.3069895591647332 0.1793478260869565 0.0095707656612529 0.008695652173913044
1 0.6908352668213457 0.20054347826086957 0.008120649651972157 0.006739130434782609
8 0.7804524361948956 0.18728260869565216 0.01740139211136891 0.011521739130434782
9 0.8409222737819025 0.3110869565217391 0.008990719257540603 0.011304347826086957
3 0.613399071925754 0.5115217391304347 0.009280742459396751 0.01608695652173913
3 0.5659802784222738 0.49793478260869567 0.014211136890951276 0.016739130434782607
3 0.5807714617169374 0.4955434782608696 0.0095707656612529 0.008043478260869565
3 0.6290603248259861 0.5264130434782609 0.015081206496519721 0.015434782608695652
3 0.619054524361949 0.5432608695652174 0.012470997679814385 0.01217391304347826
3 0.6096287703016241 0.5582608695652174 0.01160092807424594 0.009130434782608696
3 0.5833816705336426 0.5344565217391304 0.012470997679814385 0.009782608695652175
3 0.5884570765661253 0.5478260869565217 0.021461716937354988 0.017391304347826087
3 0.7005510440835266 0.5507608695652174 0.014791183294663572 0.014130434782608696
3 0.41357308584686775 0.4934782608695652 0.008700696055684454 0.008695652173913044
3 0.3422273781902552 0.519891304347826 0.01740139211136891 0.01108695652173913
3 0.11470417633410673 0.46858695652173915 0.014791183294663572 0.008043478260869565
3 0.12079466357308585 0.4504347826086956 0.013631090487238979 0.005652173913043478
3 0.10034802784222738 0.42967391304347824 0.009860788863109048 0.009347826086956522
3 0.0738109048723898 0.4722826086956522 0.006670533642691415 0.006739130434782609
3 0.09077726218097448 0.4573913043478261 0.01740139211136891 0.011304347826086957
4 0.05887470997679815 0.5307608695652174 0.009860788863109048 0.010217391304347826
8 0.031322505800464036 0.5572826086956522 0.009280742459396751 0.007608695652173913
9 0.07787122969837587 0.5431521739130435 0.008410672853828306 0.005434782608695652
3 0.9189385150812065 0.5339130434782609 0.010150812064965197 0.010869565217391304
9 0.734483758700696 0.6976086956521739 0.007830626450116009 0.007391304347826087
8 0.7317285382830626 0.8735869565217391 0.01160092807424594 0.010217391304347826
8 0.810614849187935 0.8121739130434783 0.009280742459396751 0.010869565217391304
4 0.35107308584686775 0.9202173913043479 0.008990719257540603 0.007391304347826087
1 0.2513051044083527 0.22630434782608697 0.007250580046403712 0.004782608695652174
3 0.8523781902552204 0.40793478260869565 0.009860788863109048 0.009782608695652175
3 0.8354118329466357 0.5521739130434783 0.04437354988399072 0.028695652173913042
3 0.8562935034802784 0.565 0.03335266821345707 0.02434782608695652
3 0.8909512761020881 0.5404347826086957 0.01334106728538283 0.012608695652173913
1 0.06003480278422274 0.628804347826087 0.0063805104408352666 0.006304347826086957
0 0.1441415313225058 0.6771739130434783 0.0069605568445475635 0.00608695652173913
0 0.14907192575406034 0.6791304347826087 0.008700696055684454 0.00826086956521739
0 0.15081206496519722 0.6875 0.0075406032482598605 0.007173913043478261
4 0.13979118329466358 0.6871739130434783 0.00580046403712297 0.0052173913043478265
1 0.17502900232018562 0.672608695652174 0.0095707656612529 0.006956521739130435
6 0.5366879350348028 0.10347826086956521 0.004930394431554524 0.00391304347826087
1 0.6332656612529002 0.14173913043478262 0.01131090487238979 0.00826086956521739
8 0.7488399071925754 0.17141304347826086 0.01160092807424594 0.010217391304347826
8 0.8529582366589327 0.3190217391304348 0.0075406032482598605 0.008478260869565218
0 0.8490429234338747 0.5985869565217391 0.008990719257540603 0.008478260869565218
0 0.7994489559164734 0.5698913043478261 0.010150812064965197 0.006739130434782609
0 0.8312064965197216 0.7115217391304348 0.011020881670533642 0.01652173913043478
8 0.1273201856148492 0.765 0.012761020881670533 0.013478260869565217
8 0.06598027842227379 0.3517391304347826 0.008410672853828306 0.01391304347826087
0 0.496084686774942 0.22641304347826086 0.014211136890951276 0.011521739130434782
6 0.7594257540603249 0.2366304347826087 0.0031902552204176333 0.002391304347826087
6 0.8937064965197216 0.6043478260869565 0.005510440835266821 0.004347826086956522
0 0.7093967517401392 0.6953260869565218 0.01334106728538283 0.009782608695652175
1 0.564385150812065 0.7447826086956522 0.004640371229698376 0.0034782608695652175
8 0.3090197215777262 0.9372826086956522 0.010730858468677494 0.009347826086956522
1 0.21041183294663574 0.6683695652173913 0.005510440835266821 0.005434782608695652
1 0.30220417633410673 0.6044565217391304 0.004060324825986079 0.004130434782608695
4 0.12122969837587007 0.29630434782608694 0.004640371229698376 0.004782608695652174
8 0.026827146171693735 0.5907608695652173 0.0095707656612529 0.011956521739130435
1 0.08802204176334107 0.6744565217391304 0.008990719257540603 0.007173913043478261
8 0.17821925754060325 0.8072826086956522 0.007250580046403712 0.005869565217391304
8 0.45359628770301624 0.8484782608695652 0.008700696055684454 0.006521739130434782
0 0.48129350348027844 0.7192391304347826 0.012470997679814385 0.012391304347826086
1 0.7877030162412993 0.8067391304347826 0.0075406032482598605 0.006521739130434782
1 0.759860788863109 0.8122826086956522 0.009280742459396751 0.008913043478260869
8 0.8454176334106729 0.7134782608695652 0.008700696055684454 0.006956521739130435
8 0.7064965197215777 0.2023913043478261 0.010440835266821345 0.006521739130434782
0 0.5533642691415314 0.2643478260869565 0.009280742459396751 0.01565217391304348
0 0.5375580046403712 0.3791304347826087 0.004350348027842227 0.00826086956521739
8 0.6044083526682135 0.5775 0.01334106728538283 0.005869565217391304
1 0.8310614849187935 0.7596739130434783 0.010150812064965197 0.008478260869565218
1 0.328161252900232 0.8840217391304348 0.008410672853828306 0.005869565217391304
0 0.26087587006960555 0.7602173913043478 0.0095707656612529 0.01
0 0.3036542923433875 0.7486956521739131 0.00580046403712297 0.00782608695652174
8 0.08280162412993039 0.6945652173913044 0.004930394431554524 0.006956521739130435
8 0.8037993039443155 0.7652173913043478 0.012470997679814385 0.013043478260869565
8 0.20417633410672853 0.7308695652173913 0.009860788863109048 0.007391304347826087
