8 0.7059164733178654 0.8475 0.042923433874709975 0.02891304347826087
8 0.6785092807424594 0.8903260869565217 0.030452436194895592 0.020217391304347826
8 0.7286832946635731 0.9227173913043478 0.02117169373549884 0.018043478260869564
9 0.48738399071925753 0.8479347826086957 0.01943155452436195 0.011956521739130435
8 0.8110498839907193 0.6818478260869565 0.028132250580046404 0.018043478260869564
3 0.8430974477958236 0.6870652173913043 0.011020881670533642 0.008478260869565218
9 0.8754350348027842 0.7259782608695652 0.012470997679814385 0.009347826086956522
4 0.6296403712296984 0.5748913043478261 0.010440835266821345 0.009782608695652175
8 0.10107308584686775 0.7480434782608696 0.024651972157772623 0.022608695652173914
4 0.3220707656612529 0.7984782608695652 0.0095707656612529 0.00826086956521739
3 0.11615429234338748 0.3398913043478261 0.02523201856148492 0.01717391304347826
3 0.1031032482598608 0.3919565217391304 0.01131090487238979 0.008695652173913044
3 0.12296983758700696 0.41380434782608694 0.010440835266821345 0.006304347826086957
3 0.12630510440835266 0.4416304347826087 0.014791183294663572 0.007608695652173913
7 0.3190255220417633 0.4625 0.014501160092807424 0.011956521739130435
4 0.8258410672853829 0.4525 0.006670533642691415 0.004565217391304348
4 0.7053364269141531 0.48782608695652174 0.010440835266821345 0.006956521739130435
8 0.9859338747099768 0.5280434782608696 0.010730858468677494 0.011304347826086957
4 0.6332656612529002 0.6898913043478261 0.008990719257540603 0.008913043478260869
8 0.576276102088167 0.7345652173913043 0.0075406032482598605 0.005652173913043478
4 0.9575116009280742 0.2458695652173913 0.008410672853828306 0.01
8 0.8742749419953596 0.17402173913043478 0.012470997679814385 0.010652173913043479
4 0.76957656612529 0.14945652173913043 0.005510440835266821 0.004130434782608695
0 0.22404292343387472 0.663695652173913 0.02117169373549884 0.014782608695652174
4 0.07526102088167054 0.6285869565217391 0.008410672853828306 0.010217391304347826
8 0.9817285382830626 0.5968478260869565 0.019721577726218097 0.018043478260869564
8 0.9767981438515081 0.6648913043478261 0.010440835266821345 0.008043478260869565
8 0.8742749419953596 0.8164130434782608 0.014791183294663572 0.01108695652173913
2 0.3101798143851508 0.8694565217391305 0.022331786542923435 0.016304347826086956
4 0.05249419953596288 0.26565217391304347 0.008120649651972157 0.009565217391304347
4 0.08338167053364269 0.23173913043478261 0.004350348027842227 0.006956521739130435
4 0.12137470997679814 0.2619565217391304 0.006090487238979118 0.011739130434782608
7 0.5221867749419954 0.7575 0.1661832946635731 0.036304347826086956
5 0.919808584686775 0.25815217391304346 0.04263341067285383 0.04108695652173913
8 0.13486078886310904 0.058804347826086956 0.01160092807424594 0.008043478260869565
8 0.21940255220417634 0.01565217391304348 0.006670533642691415 0.006956521739130435
1 0.27653712296983757 0.13956521739130434 0.008990719257540603 0.0052173913043478265
1 0.25043503480278423 0.15065217391304347 0.0095707656612529 0.01
1 0.291038283062645 0.06978260869565217 0.005510440835266821 0.004782608695652174
1 0.2511600928074246 0.12217391304347826 0.0063805104408352666 0.005652173913043478
1 0.25478538283062646 0.07054347826086957 0.006670533642691415 0.005434782608695652
1 0.761600928074246 0.13010869565217392 0.008120649651972157 0.004130434782608695
8 0.824245939675174 0.1468478260869565 0.008120649651972157 0.005
1 0.8003190255220418 0.06771739130434783 0.006670533642691415 0.004130434782608695
1 0.7527552204176334 0.05532608695652174 0.008410672853828306 0.0036956521739130435
1 0.6805394431554525 0.1126086956521739 0.007250580046403712 0.00391304347826087
6 0.6976508120649652 0.10782608695652174 0.0031902552204176333 0.0017391304347826088
1 0.38297563805104406 0.057065217391304345 0.006670533642691415 0.004565217391304348
6 0.5578596287703016 0.2821739130434783 0.006670533642691415 0.0052173913043478265
6 0.502030162412993 0.46043478260869564 0.004060324825986079 0.003043478260869565
6 0.5559744779582366 0.49032608695652175 0.0034802784222737818 0.003260869565217391
8 0.07526102088167054 0.3581521739130435 0.020591647331786544 0.021521739130434783
1 0.10904872389791183 0.5014130434782609 0.009280742459396751 0.005
0 0.1902552204176334 0.6123913043478261 0.0069605568445475635 0.00826086956521739
0 0.21867749419953597 0.5952173913043478 0.016241299303944315 0.00782608695652174
8 0.1497969837587007 0.7557608695652174 0.014211136890951276 0.011521739130434782
8 0.8148201856148491 0.7084782608695652 0.011890951276102088 0.009130434782608696
0 0.18053944315545242 0.5927173913043479 0.007250580046403712 0.008478260869565218
0 0.20475638051044084 0.6319565217391304 0.01740139211136891 0.010434782608695653
0 0.17720417633410673 0.6106521739130435 0.014501160092807424 0.01652173913043478
8 0.2849477958236659 0.8961956521739131 0.008410672853828306 0.007173913043478261
2 0.6805394431554525 0.9206521739130434 0.015951276102088168 0.007391304347826087
8 0.642691415313225 0.745 0.008700696055684454 0.005652173913043478
0 0.7906032482598608 0.6478260869565218 0.02494199535962877 0.016956521739130436
0 0.8641241299303944 0.6371739130434783 0.007830626450116009 0.01
1 0.7517401392111369 0.12380434782608696 0.0069605568445475635 0.0036956521739130435
1 0.7327436194895591 0.0907608695652174 0.007250580046403712 0.005
1 0.3206206496519722 0.06554347826086956 0.010730858468677494 0.008043478260869565
9 0.9905742459396751 0.351195652173913 0.008990719257540603 0.009782608695652175
0 0.1745939675174014 0.5715217391304348 0.010440835266821345 0.007391304347826087
0 0.4763631090487239 0.09706521739130435 0.022331786542923435 0.008478260869565218
0 0.6944605568445475 0.14065217391304347 0.016531322505800465 0.01
1 0.6677784222737819 0.2852173913043478 0.006670533642691415 0.004347826086956522
0 0.9691125290023201 0.2776086956521739 0.010150812064965197 0.017391304347826087
0 0.9306844547563805 0.5372826086956521 0.015081206496519721 0.02108695652173913
8 0.9656322505800464 0.5548913043478261 0.007250580046403712 0.006739130434782609
0 0.21244199535962877 0.606195652173913 0.020591647331786544 0.011521739130434782
1 0.16139791183294663 0.4489130434782609 0.005510440835266821 0.004347826086956522
6 0.33178654292343385 0.45304347826086955 0.004060324825986079 0.003043478260869565
1 0.2769721577726218 0.4885869565217391 0.004640371229698376 0.004130434782608695
