2 0.6508120649651972 0.8885869565217391 0.025522041763341066 0.015
2 0.5651102088167054 0.928804347826087 0.03103248259860789 0.018043478260869564
2 0.6671983758700696 0.9051086956521739 0.01131090487238979 0.010652173913043479
2 0.6135440835266821 0.9192391304347826 0.013051044083526682 0.009782608695652175
2 0.3744199535962877 0.9009782608695652 0.018561484918793503 0.008478260869565218
2 0.47157772621809746 0.9204347826086956 0.025522041763341066 0.013043478260869565
8 0.32961136890951276 0.7428260869565217 0.01131090487238979 0.006521739130434782
8 0.9166183294663574 0.40554347826086956 0.011890951276102088 0.025
0 0.2111368909512761 0.7298913043478261 0.016241299303944315 0.007608695652173913
0 0.6579176334106729 0.6086956521739131 0.010150812064965197 0.009130434782608696
0 0.6827146171693735 0.7041304347826087 0.015661252900232018 0.00826086956521739
0 0.7315835266821346 0.6519565217391304 0.010150812064965197 0.006521739130434782
0 0.752030162412993 0.6717391304347826 0.009280742459396751 0.006956521739130435
0 0.7457946635730859 0.6447826086956522 0.0095707656612529 0.005652173913043478
0 0.5735208816705336 0.6008695652173913 0.005510440835266821 0.00608695652173913
0 0.5620649651972158 0.44782608695652176 0.009280742459396751 0.00608695652173913
0 0.5426334106728539 0.4721739130434783 0.008700696055684454 0.006956521739130435
0 0.3304814385150812 0.6315217391304347 0.013051044083526682 0.011304347826086957
0 0.35788863109048724 0.6185869565217391 0.016241299303944315 0.012391304347826086
0 0.46708236658932717 0.9045652173913044 0.018271461716937356 0.009565217391304347
0 0.5201566125290024 0.41891304347826086 0.007250580046403712 0.00608695652173913
0 0.5725058004640371 0.4201086956521739 0.012180974477958236 0.007608695652173913
6 0.4351798143851508 0.12130434782608696 0.0095707656612529 0.00608695652173913
1 0.630800464037123 0.7507608695652174 0.014501160092807424 0.009782608695652175
1 0.2652262180974478 0.31521739130434784 0.010730858468677494 0.006956521739130435
0 0.5793213457076566 0.43119565217391304 0.006670533642691415 0.005
3 0.9289443155452436 0.5048913043478261 0.012180974477958236 0.034130434782608694
3 0.32801624129930396 0.5575 0.008120649651972157 0.008043478260869565
3 0.10034802784222738 0.7021739130434783 0.008700696055684454 0.011739130434782608
4 0.8855858468677494 0.4404347826086957 0.005510440835266821 0.011304347826086957
4 0.11658932714617169 0.6633695652173913 0.009280742459396751 0.007608695652173913
3 0.5746809744779582 0.5347826086956522 0.006670533642691415 0.00608695652173913
3 0.8681844547563805 0.5377173913043478 0.0095707656612529 0.007608695652173913
4 0.8461426914153132 0.5109782608695652 0.005510440835266821 0.005
4 0.5290023201856149 0.7226086956521739 0.00580046403712297 0.006521739130434782
0 0.7610208816705336 0.7304347826086957 0.01160092807424594 0.0052173913043478265
0 0.740284222737819 0.7140217391304348 0.01131090487238979 0.005434782608695652
0 0.757830626450116 0.6525 0.01160092807424594 0.006304347826086957
0 0.7307134570765661 0.6645652173913044 0.007830626450116009 0.00608695652173913
0 0.7629060324825986 0.6769565217391305 0.0095707656612529 0.010434782608695653
0 0.7640661252900232 0.6934782608695652 0.007830626450116009 0.005652173913043478
0 0.7647911832946636 0.7015217391304348 0.0069605568445475635 0.005652173913043478
0 0.7217227378190255 0.6930434782608695 0.0095707656612529 0.006521739130434782
0 0.6808294663573086 0.6971739130434783 0.0095707656612529 0.0052173913043478265
0 0.6753190255220418 0.6119565217391304 0.01943155452436195 0.01
0 0.17372389791183296 0.7226086956521739 0.029002320185614848 0.013478260869565217
0 0.17082366589327147 0.7094565217391304 0.0191415313225058 0.008478260869565218
6 0.4193735498839907 0.4464130434782609 0.01160092807424594 0.008478260869565218
0 0.4380800464037123 0.4334782608695652 0.004350348027842227 0.00608695652173913
1 0.5165313225058005 0.9197826086956522 0.011020881670533642 0.00826086956521739
1 0.5611948955916474 0.907608695652174 0.0075406032482598605 0.004782608695652174
2 0.5832366589327146 0.8971739130434783 0.014501160092807424 0.008695652173913044
2 0.5901972157772621 0.9035869565217391 0.012180974477958236 0.008478260869565218
0 0.3851508120649652 0.23358695652173914 0.008120649651972157 0.004565217391304348
4 0.13892111368909513 0.6777173913043478 0.002900232018561485 0.002826086956521739
0 0.5437935034802784 0.3968478260869565 0.015081206496519721 0.016739130434782607
0 0.584106728538283 0.3816304347826087 0.0063805104408352666 0.007173913043478261
6 0.46534222737819025 0.4955434782608696 0.005510440835266821 0.004565217391304348
8 0.0388631090487239 0.6635869565217392 0.012761020881670533 0.013695652173913043
8 0.1238399071925754 0.34902173913043477 0.0063805104408352666 0.005434782608695652
8 0.06714037122969838 0.3873913043478261 0.007250580046403712 0.009565217391304347
1 0.7253480278422274 0.26119565217391305 0.008700696055684454 0.005434782608695652
0 0.5182714617169374 0.3665217391304348 0.004640371229698376 0.007391304347826087
0 0.5208816705336426 0.37565217391304345 0.004060324825986079 0.0052173913043478265
0 0.5203016241299304 0.38782608695652177 0.008120649651972157 0.00782608695652174
0 0.5160962877030162 0.34456521739130436 0.006090487238979118 0.008695652173913044
0 0.5129060324825986 0.3198913043478261 0.004930394431554524 0.01891304347826087
0 0.4388051044083527 0.35304347826086957 0.004060324825986079 0.010434782608695653
0 0.18416473317865428 0.733804347826087 0.011020881670533642 0.008478260869565218
0 0.18372969837587008 0.7425 0.016531322505800465 0.006739130434782609
0 0.17749419953596288 0.7544565217391305 0.016241299303944315 0.007173913043478261
0 0.15762761020881672 0.7390217391304348 0.018851508120649653 0.011956521739130435
1 0.27784222737819025 0.8096739130434782 0.0075406032482598605 0.004565217391304348
2 0.3185904872389791 0.8780434782608696 0.027552204176334107 0.01565217391304348
7 0.7054814385150812 0.8168478260869565 0.0031902552204176333 0.003260869565217391
6 0.5516241299303944 0.7652173913043478 0.005220417633410673 0.004347826086956522
1 0.7178074245939675 0.7447826086956522 0.00580046403712297 0.00391304347826087
0 0.12035962877030162 0.7141304347826087 0.0191415313225058 0.011304347826086957
0 0.49637470997679817 0.4434782608695652 0.021751740139211138 0.01565217391304348
0 0.33033642691415316 0.755 0.005220417633410673 0.004347826086956522
6 0.44388051044083526 0.9130434782608695 0.006090487238979118 0.0052173913043478265