8 0.787122969837587 0.8003260869565217 0.01334106728538283 0.015
9 0.7180974477958236 0.9520652173913043 0.024361948955916472 0.014565217391304348
9 0.3441125290023202 0.9204347826086956 0.013051044083526682 0.008695652173913044
4 0.47143271461716935 0.5435869565217392 0.010730858468677494 0.010652173913043479
4 0.4150232018561485 0.5935869565217391 0.0075406032482598605 0.007608695652173913
4 0.42821925754060325 0.63 0.0095707656612529 0.007391304347826087
7 0.4170533642691415 0.6481521739130435 0.01160092807424594 0.008913043478260869
0 0.49332946635730857 0.6028260869565217 0.009280742459396751 0.011304347826086957
8 0.2798723897911833 0.2951086956521739 0.012761020881670533 0.008043478260869565
1 0.701276102088167 0.2301086956521739 0.014501160092807424 0.008043478260869565
4 0.9488109048723898 0.45054347826086955 0.0037703016241299302 0.004565217391304348
4 0.9601218097447796 0.495 0.0037703016241299302 0.00608695652173913
4 0.9037122969837587 0.4940217391304348 0.0069605568445475635 0.005869565217391304
0 0.7977088167053364 0.6670652173913043 0.0287122969837587 0.015869565217391305
4 0.800899071925754 0.6657608695652174 0.004930394431554524 0.004565217391304348
8 0.786977958236659 0.7180434782608696 0.013631090487238979 0.01217391304347826
8 0.8023491879350348 0.716304347826087 0.010730858468677494 0.00826086956521739
4 0.7897331786542924 0.8821739130434783 0.008700696055684454 0.00826086956521739
9 0.7340487238979119 0.8894565217391305 0.009280742459396751 0.008913043478260869
8 0.2904582366589327 0.7884782608695652 0.013051044083526682 0.009565217391304347
8 0.23477378190255221 0.7292391304347826 0.01131090487238979 0.008913043478260869
8 0.22288283062645012 0.7440217391304348 0.008990719257540603 0.007173913043478261
8 0.10339327146171694 0.7284782608695652 0.006670533642691415 0.005652173913043478
8 0.09976798143851508 0.7815217391304348 0.00580046403712297 0.00608695652173913
8 0.06482018561484919 0.8010869565217391 0.007250580046403712 0.01
8 0.28204756380510443 0.7155434782608696 0.02117169373549884 0.011521739130434782
1 0.2588457076566125 0.6955434782608696 0.008410672853828306 0.006304347826086957
8 0.20011600928074247 0.7183695652173913 0.008700696055684454 0.007173913043478261
8 0.2529002320185615 0.7414130434782609 0.012761020881670533 0.010652173913043479
0 0.5068155452436195 0.7322826086956522 0.01131090487238979 0.007608695652173913
1 0.7001160092807425 0.7391304347826086 0.008700696055684454 0.0052173913043478265
1 0.685614849187935 0.7222826086956522 0.0063805104408352666 0.006739130434782609
0 0.8580336426914154 0.6554347826086957 0.0095707656612529 0.00608695652173913
8 0.8473027842227379 0.638804347826087 0.01131090487238979 0.008043478260869565
5 0.1970707656612529 0.8996739130434782 0.03103248259860789 0.024565217391304347
8 0.2325986078886311 0.8741304347826087 0.01740139211136891 0.013043478260869565
0 0.13210556844547564 0.6239130434782608 0.005510440835266821 0.00391304347826087
0 0.1898201856148492 0.6395652173913043 0.011890951276102088 0.009565217391304347
6 0.2370939675174014 0.6419565217391304 0.004930394431554524 0.0052173913043478265
3 0.867169373549884 0.5142391304347826 0.008700696055684454 0.005869565217391304
8 0.12209976798143851 0.7271739130434782 0.00580046403712297 0.005652173913043478
8 0.11383410672853829 0.6970652173913043 0.006090487238979118 0.006739130434782609
8 0.09643271461716937 0.7109782608695652 0.006090487238979118 0.007173913043478261
8 0.07787122969837587 0.6857608695652174 0.0037703016241299302 0.0036956521739130435
8 0.08483178654292343 0.6629347826086956 0.004930394431554524 0.0036956521739130435
8 0.15893271461716937 0.753695652173913 0.0069605568445475635 0.006521739130434782
8 0.14994199535962877 0.7465217391304347 0.005220417633410673 0.004347826086956522
1 0.747969837587007 0.5946739130434783 0.0069605568445475635 0.004565217391304348
8 0.656322505800464 0.921304347826087 0.00580046403712297 0.00608695652173913
6 0.5446635730858469 0.8814130434782609 0.005220417633410673 0.0036956521739130435
6 0.5406032482598608 0.8752173913043478 0.00580046403712297 0.00391304347826087
6 0.5893271461716937 0.8775 0.00580046403712297 0.004130434782608695
6 0.5571345707656613 0.5348913043478261 0.0063805104408352666 0.005
0 0.43271461716937354 0.12173913043478261 0.011020881670533642 0.007391304347826087
1 0.796838747099768 0.8881521739130435 0.006670533642691415 0.005869565217391304
8 0.5646751740139211 0.3095652173913043 0.016241299303944315 0.01
8 0.6583526682134571 0.33304347826086955 0.014501160092807424 0.009130434782608696
1 0.6299303944315545 0.2960869565217391 0.0063805104408352666 0.00608695652173913
8 0.835991879350348 0.7533695652173913 0.024651972157772623 0.017608695652173913
8 0.7995939675174014 0.7542391304347826 0.0075406032482598605 0.005434782608695652
6 0.5066705336426914 0.9006521739130435 0.008700696055684454 0.004782608695652174
8 0.15400232018561485 0.82 0.010440835266821345 0.01
7 0.386745939675174 0.25956521739130434 0.04495359628770302 0.025652173913043478
3 0.6352958236658933 0.1490217391304348 0.01943155452436195 0.010652173913043479
0 0.6435614849187935 0.16434782608695653 0.03248259860788863 0.008695652173913044
6 0.6789443155452436 0.17293478260869566 0.010440835266821345 0.006739130434782609
8 0.8629640371229699 0.7 0.007830626450116009 0.0052173913043478265
8 0.6118039443155452 0.405 0.012470997679814385 0.00782608695652174
0 0.5236368909512761 0.44228260869565217 0.006670533642691415 0.006739130434782609
8 0.818445475638051 0.717391304347826 0.014501160092807424 0.012608695652173913
8 0.7746519721577726 0.8954347826086957 0.012180974477958236 0.011304347826086957
6 0.3616589327146172 0.7167391304347827 0.0069605568445475635 0.005652173913043478
0 0.15762761020881672 0.7086956521739131 0.01769141531322506 0.017826086956521738
1 0.18329466357308585 0.66 0.008120649651972157 0.005652173913043478
1 0.4431554524361949 0.5395652173913044 0.0063805104408352666 0.004347826086956522
0 0.4775232018561485 0.3348913043478261 0.005510440835266821 0.006739130434782609
1 0.677784222737819 0.27554347826086956 0.008700696055684454 0.008043478260869565
1 0.7965487238979119 0.3168478260869565 0.007830626450116009 0.004565217391304348
8 0.07961136890951276 0.7935869565217392 0.007830626450116009 0.008043478260869565
8 0.1154292343387471 0.8001086956521739 0.008120649651972157 0.007608695652173913
8 0.11658932714617169 0.8642391304347826 0.0063805104408352666 0.005434782608695652
0 0.21476218097447797 0.7573913043478261 0.005510440835266821 0.006521739130434782
0 0.3446925754060325 0.7469565217391304 0.008410672853828306 0.008695652173913044
8 0.8178654292343387 0.8731521739130435 0.009860788863109048 0.01108695652173913
1 0.7810324825986079 0.6981521739130435 0.004640371229698376 0.004130434782608695
6 0.7710266821345708 0.6506521739130435 0.006090487238979118 0.004782608695652174
1 0.8459976798143851 0.6791304347826087 0.005220417633410673 0.00391304347826087
6 0.4685324825986079 0.42532608695652174 0.007250580046403712 0.005
