1 0.4552951388888889 0.42727623456790126 0.01070601851851852 0.006558641975308642
1 0.45775462962962965 0.4209104938271605 0.008680555555555556 0.005401234567901234
7 0.4522569444444444 0.29398148148148145 0.017939814814814815 0.048996913580246916
8 0.44241898148148145 0.1787229938271605 0.013888888888888888 0.008294753086419753
3 0.1087962962962963 0.45071373456790126 0.017361111111111112 0.02642746913580247
3 0.10691550925925926 0.4332561728395062 0.013020833333333334 0.013888888888888888
3 0.3025173611111111 0.47820216049382713 0.013020833333333334 0.009645061728395061
3 0.3893229166666667 0.4841820987654321 0.016493055555555556 0.010030864197530864
9 0.5409432870370371 0.43721064814814814 0.01244212962962963 0.008294753086419753
3 0.6409143518518519 0.47193287037037035 0.014467592592592593 0.011766975308641976
3 0.8462094907407407 0.47347608024691357 0.021701388888888888 0.013310185185185185
1 0.8803530092592593 0.47791280864197533 0.009548611111111112 0.005208333333333333
3 0.8719618055555556 0.3738425925925926 0.006655092592592593 0.008101851851851851
3 0.8968460648148148 0.44232253086419754 0.01244212962962963 0.008101851851851851
3 0.9072627314814815 0.4586226851851852 0.006655092592592593 0.0055941358024691355
3 0.9175347222222222 0.4739583333333333 0.007523148148148148 0.008101851851851851
8 0.79296875 0.5795717592592593 0.022858796296296297 0.017554012345679014
0 0.7745949074074074 0.5978009259259259 0.009837962962962963 0.010802469135802469
0 0.8527199074074074 0.5953896604938271 0.020833333333333332 0.01832561728395062
8 0.7459490740740741 0.7178819444444444 0.011574074074074073 0.00945216049382716
8 0.76953125 0.7661072530864198 0.01707175925925926 0.012924382716049383
8 0.7432002314814815 0.771508487654321 0.01070601851851852 0.004822530864197531
8 0.6572627314814815 0.8846450617283951 0.01880787037037037 0.019675925925925927
8 0.4205729166666667 0.8282214506172839 0.014756944444444444 0.00945216049382716
8 0.14250578703703703 0.628954475308642 0.010127314814814815 0.010223765432098766
8 0.14482060185185186 0.6376350308641975 0.008969907407407407 0.009066358024691358
8 0.4859664351851852 0.31086033950617287 0.014756944444444444 0.01678240740740741
0 0.6616030092592593 0.1956983024691358 0.014756944444444444 0.011766975308641976
0 0.8927951388888888 0.3304398148148148 0.014178240740740741 0.019675925925925927
0 0.87890625 0.3255208333333333 0.01070601851851852 0.014853395061728395
0 0.9081307870370371 0.3341049382716049 0.014178240740740741 0.027777777777777776
8 0.7485532407407407 0.8359375 0.012152777777777778 0.009837962962962963
0 0.2378472222222222 0.6044560185185185 0.014467592592592593 0.00945216049382716
0 0.2672164351851852 0.6252893518518519 0.011284722222222222 0.008294753086419753
3 0.2410300925925926 0.4729938271604938 0.015625 0.0073302469135802465
3 0.24016203703703703 0.4832175925925926 0.011574074074074073 0.010030864197530864
3 0.2589699074074074 0.4837962962962963 0.009837962962962963 0.008101851851851851
3 0.5918692129629629 0.48369984567901236 0.009548611111111112 0.00945216049382716
3 0.5659722222222222 0.4600694444444444 0.009837962962962963 0.006558641975308642
3 0.7714120370370371 0.47665895061728397 0.03125 0.018132716049382717
3 0.8456307870370371 0.4861111111111111 0.011863425925925927 0.006558641975308642
3 0.8645833333333334 0.4849537037037037 0.009259259259259259 0.0073302469135802465
8 0.4788773148148148 0.07995756172839506 0.013310185185185185 0.00636574074074074
5 0.4075520833333333 0.11805555555555555 0.04195601851851852 0.022762345679012346
1 0.24377893518518517 0.2410300925925926 0.011863425925925927 0.007908950617283951
0 0.48234953703703703 0.34538966049382713 0.013888888888888888 0.014853395061728395
3 0.4717881944444444 0.4742476851851852 0.019386574074074073 0.013695987654320988
3 0.7602719907407407 0.4837962962962963 0.014756944444444444 0.006558641975308642
8 0.5303819444444444 0.28587962962962965 0.010416666666666666 0.010030864197530864
0 0.3072916666666667 0.24421296296296297 0.01099537037037037 0.008487654320987654
0 0.26851851851851855 0.24701003086419754 0.013310185185185185 0.016010802469135804
3 0.26548032407407407 0.5268132716049383 0.01765046296296296 0.011574074074074073
0 0.24406828703703703 0.6155478395061729 0.01707175925925926 0.006944444444444444
8 0.47236689814814814 0.6770833333333334 0.014178240740740741 0.008873456790123456
8 0.36357060185185186 0.20553626543209877 0.018229166666666668 0.009837962962962963
0 0.2466724537037037 0.5851658950617284 0.019965277777777776 0.015625
0 0.4926215277777778 0.8210841049382716 0.025752314814814815 0.010609567901234568
2 0.5928819444444444 0.8186728395061729 0.012152777777777778 0.0073302469135802465
2 0.5792824074074074 0.8393132716049383 0.01678240740740741 0.009259259259259259
2 0.5792824074074074 0.8192515432098766 0.01099537037037037 0.008873456790123456
2 0.5962094907407407 0.8277391975308642 0.01070601851851852 0.006172839506172839
0 0.4782986111111111 0.5283564814814815 0.014467592592592593 0.011188271604938271
7 0.6057581018518519 0.17351466049382716 0.01707175925925926 0.025655864197530864
0 0.19791666666666666 0.5802469135802469 0.019097222222222224 0.011959876543209876
0 0.20052083333333334 0.6111111111111112 0.015046296296296295 0.011959876543209876
0 0.21498842592592593 0.6304012345679012 0.009837962962962963 0.010802469135802469
3 0.7242476851851852 0.4893904320987654 0.014467592592592593 0.010416666666666666
3 0.7517361111111112 0.5033757716049383 0.03298611111111111 0.01832561728395062
8 0.23697916666666666 0.20148533950617284 0.009837962962962963 0.005208333333333333
3 0.13136574074074073 0.4447337962962963 0.013888888888888888 0.01832561728395062
3 0.07783564814814815 0.45447530864197533 0.037037037037037035 0.023148148148148147
8 0.08000578703703703 0.5866126543209876 0.011863425925925927 0.010416666666666666
8 0.5551215277777778 0.31278935185185186 0.005497685185185185 0.004436728395061728
1 0.1802662037037037 0.47511574074074076 0.006944444444444444 0.004243827160493827
1 0.25014467592592593 0.556616512345679 0.006076388888888889 0.004050925925925926
0 0.3420138888888889 0.5813078703703703 0.017939814814814815 0.008294753086419753
8 0.1032986111111111 0.6224922839506173 0.008101851851851851 0.008873456790123456
8 0.24623842592592593 0.7932098765432098 0.01099537037037037 0.008101851851851851
8 0.21788194444444445 0.8128858024691358 0.009837962962962963 0.007716049382716049
8 0.2683738425925926 0.7999614197530864 0.008969907407407407 0.007716049382716049
8 0.31148726851851855 0.8551311728395061 0.01707175925925926 0.01273148148148148
8 0.5908564814814815 0.8504050925925926 0.01273148148148148 0.011766975308641976
8 0.6695601851851852 0.8322723765432098 0.011574074074074073 0.007908950617283951
0 0.43605324074074076 0.23447145061728394 0.005787037037037037 0.009066358024691358
0 0.44343171296296297 0.23717206790123457 0.0078125 0.01408179012345679
8 0.4622395833333333 0.16097608024691357 0.01070601851851852 0.007908950617283951
1 0.6843171296296297 0.2322530864197531 0.008101851851851851 0.004629629629629629
0 0.9214409722222222 0.31298225308641975 0.013599537037037037 0.016010802469135804
0 0.08781828703703703 0.3463541666666667 0.008391203703703705 0.01871141975308642
8 0.17274305555555555 0.7095871913580247 0.008680555555555556 0.007908950617283951
8 0.7633101851851852 0.8034336419753086 0.01273148148148148 0.008873456790123456
0 0.17447916666666666 0.5968364197530864 0.008101851851851851 0.007716049382716049
6 0.6439525462962963 0.8698881172839507 0.005497685185185185 0.004050925925925926
0 0.5005787037037037 0.3584104938271605 0.012152777777777778 0.011959876543209876
