4 0.08077146171693736 0.5368478260869565 0.006670533642691415 0.008043478260869565
4 0.7788573085846868 0.4142391304347826 0.004350348027842227 0.0036956521739130435
4 0.7611658932714617 0.14391304347826087 0.006670533642691415 0.00826086956521739
4 0.7862529002320185 0.2451086956521739 0.0069605568445475635 0.006739130434782609
4 0.4279292343387471 0.06739130434782609 0.010730858468677494 0.005652173913043478
4 0.5336426914153132 0.9329347826086957 0.013921113689095127 0.009347826086956522
4 0.6339907192575406 0.7376086956521739 0.005220417633410673 0.0052173913043478265
9 0.5282772621809745 0.17978260869565219 0.013051044083526682 0.011739130434782608
8 0.39950696055684454 0.3720652173913043 0.01943155452436195 0.008913043478260869
8 0.45693155452436196 0.41141304347826085 0.0095707656612529 0.006304347826086957
8 0.3428074245939675 0.3334782608695652 0.016241299303944315 0.013478260869565217
9 0.45330626450116007 0.2717391304347826 0.012180974477958236 0.010434782608695653
8 0.7111368909512761 0.13108695652173913 0.02320185614849188 0.01652173913043478
8 0.6879350348027842 0.16010869565217392 0.008700696055684454 0.005869565217391304
8 0.892546403712297 0.3527173913043478 0.02291183294663573 0.025869565217391303
9 0.8338167053364269 0.5922826086956522 0.0063805104408352666 0.005869565217391304
9 0.1351508120649652 0.6707608695652174 0.004060324825986079 0.005
8 0.09498259860788863 0.6617391304347826 0.007830626450116009 0.014782608695652174
8 0.10426334106728538 0.6852173913043478 0.006670533642691415 0.011739130434782608
9 0.48912412993039445 0.12934782608695652 0.007830626450116009 0.004347826086956522
9 0.49593967517401394 0.12 0.0063805104408352666 0.0034782608695652175
9 0.5114559164733179 0.06641304347826087 0.006090487238979118 0.0036956521739130435
9 0.4865139211136891 0.07532608695652174 0.006090487238979118 0.003260869565217391
8 0.3517981438515081 0.04739130434782609 0.0063805104408352666 0.0034782608695652175
8 0.16473317865429235 0.12630434782608696 0.011020881670533642 0.009130434782608696
8 0.19475058004640372 0.2207608695652174 0.006090487238979118 0.005434782608695652
9 0.10281322505800464 0.35054347826086957 0.006670533642691415 0.008043478260869565
1 0.07627610208816706 0.3165217391304348 0.004060324825986079 0.004347826086956522
0 0.7920533642691415 0.6313043478260869 0.010440835266821345 0.010434782608695653
9 0.28639791183294666 0.20054347826086957 0.010150812064965197 0.007173913043478261
1 0.3400522041763341 0.1448913043478261 0.007250580046403712 0.005869565217391304
1 0.29698375870069604 0.1691304347826087 0.0075406032482598605 0.00608695652173913
1 0.2708816705336427 0.1925 0.008120649651972157 0.005434782608695652
1 0.2984338747099768 0.18054347826086956 0.0063805104408352666 0.005434782608695652
1 0.45519141531322505 0.14989130434782608 0.005510440835266821 0.005
2 0.4870939675174014 0.9059782608695652 0.01537122969837587 0.005434782608695652
1 0.7349187935034803 0.551304347826087 0.0075406032482598605 0.004782608695652174
4 0.36731438515081205 0.7156521739130435 0.006090487238979118 0.005652173913043478
1 0.195330626450116 0.5192391304347826 0.004350348027842227 0.003260869565217391
1 0.10745359628770301 0.5570652173913043 0.006090487238979118 0.0036956521739130435
1 0.7607308584686775 0.5552173913043478 0.005220417633410673 0.00391304347826087
1 0.6609628770301624 0.5491304347826087 0.008700696055684454 0.006956521739130435
1 0.6260150812064965 0.5647826086956522 0.0095707656612529 0.006956521739130435
1 0.6312354988399071 0.5768478260869565 0.006090487238979118 0.004565217391304348
1 0.6685034802784223 0.5721739130434783 0.009280742459396751 0.00826086956521739
1 0.7254930394431555 0.5997826086956521 0.007830626450116009 0.0052173913043478265
1 0.22534802784222738 0.5121739130434783 0.004640371229698376 0.004347826086956522
1 0.2476798143851508 0.5478260869565217 0.005220417633410673 0.004782608695652174
4 0.5785962877030162 0.34641304347826085 0.013921113689095127 0.010217391304347826
6 0.6009280742459396 0.32967391304347826 0.005220417633410673 0.004565217391304348
1 0.6782192575406032 0.1041304347826087 0.007250580046403712 0.004782608695652174
1 0.21548723897911834 0.17065217391304346 0.0069605568445475635 0.004782608695652174
8 0.08744199535962877 0.3026086956521739 0.005510440835266821 0.00608695652173913
1 0.25986078886310904 0.24228260869565219 0.0063805104408352666 0.004565217391304348
1 0.3835556844547564 0.15358695652173912 0.007830626450116009 0.005869565217391304
1 0.6345707656612529 0.22054347826086956 0.008120649651972157 0.008478260869565218
9 0.5958526682134571 0.21108695652173914 0.008410672853828306 0.00608695652173913
1 0.6537122969837587 0.13630434782608697 0.0063805104408352666 0.004782608695652174
6 0.6429814385150812 0.13978260869565218 0.004060324825986079 0.0034782608695652175
6 0.6487819025522041 0.15532608695652175 0.004060324825986079 0.0036956521739130435
1 0.7533352668213457 0.2091304347826087 0.008410672853828306 0.006521739130434782
8 0.9273491879350348 0.37228260869565216 0.004930394431554524 0.007173913043478261
7 0.601508120649652 0.4701086956521739 0.008120649651972157 0.007608695652173913
9 0.11629930394431555 0.6229347826086956 0.017981438515081206 0.014565217391304348
1 0.13979118329466358 0.5142391304347826 0.010440835266821345 0.007608695652173913
1 0.45490139211136893 0.53 0.006090487238979118 0.004782608695652174
1 0.4988399071925754 0.2665217391304348 0.008700696055684454 0.006521739130434782
1 0.208961716937355 0.24934782608695652 0.004930394431554524 0.004347826086956522
1 0.2877030162412993 0.23695652173913043 0.0069605568445475635 0.0052173913043478265
1 0.3148201856148492 0.21521739130434783 0.006090487238979118 0.0052173913043478265
1 0.26377610208816704 0.17152173913043478 0.008410672853828306 0.00826086956521739
1 0.6902552204176334 0.1492391304347826 0.0069605568445475635 0.005
1 0.7977088167053364 0.2101086956521739 0.007830626450116009 0.006304347826086957
8 0.1666183294663573 0.755 0.008990719257540603 0.008695652173913044
1 0.3462877030162413 0.1932608695652174 0.004060324825986079 0.003043478260869565
1 0.32801624129930396 0.2292391304347826 0.004640371229698376 0.0036956521739130435
8 0.6792343387470998 0.638804347826087 0.009860788863109048 0.007608695652173913
8 0.21084686774941996 0.8528260869565217 0.004640371229698376 0.00391304347826087
1 0.5574245939675174 0.6102173913043478 0.005220417633410673 0.004782608695652174
9 0.19634570765661252 0.7728260869565218 0.0075406032482598605 0.006521739130434782
1 0.4463457076566125 0.4835869565217391 0.005220417633410673 0.005434782608695652
9 0.3072795823665893 0.13554347826086957 0.014211136890951276 0.009347826086956522
9 0.2736368909512761 0.23673913043478262 0.006670533642691415 0.0052173913043478265
9 0.6631380510440835 0.12565217391304348 0.008410672853828306 0.00782608695652174