8 0.18836805555555555 0.14149305555555555 0.017939814814814815 0.010223765432098766
8 0.3292824074074074 0.11053240740740741 0.02025462962962963 0.008101851851851851
8 0.28935185185185186 0.16251929012345678 0.011574074074074073 0.008680555555555556
8 0.24291087962962962 0.14255401234567902 0.013599537037037037 0.008101851851851851
8 0.30787037037037035 0.13734567901234568 0.013888888888888888 0.008487654320987654
8 0.3292824074074074 0.17255015432098766 0.014467592592592593 0.007523148148148148
8 0.3019386574074074 0.17476851851851852 0.014756944444444444 0.009645061728395061
8 0.30367476851851855 0.24170524691358025 0.015335648148148149 0.008101851851851851
8 0.37919560185185186 0.19405864197530864 0.013599537037037037 0.009645061728395061
9 0.23857060185185186 0.2821180555555556 0.01880787037037037 0.016396604938271605
9 0.2984664351851852 0.22241512345679013 0.016493055555555556 0.008101851851851851
9 0.2181712962962963 0.2760416666666667 0.016203703703703703 0.010416666666666666
1 0.3845486111111111 0.1806520061728395 0.014467592592592593 0.00636574074074074
1 0.3939525462962963 0.11709104938271606 0.01707175925925926 0.006558641975308642
1 0.3745659722222222 0.15711805555555555 0.011284722222222222 0.00636574074074074
1 0.3878761574074074 0.16068672839506173 0.011284722222222222 0.004629629629629629
1 0.4053819444444444 0.16608796296296297 0.014467592592592593 0.005787037037037037
1 0.2857349537037037 0.11554783950617284 0.01707175925925926 0.009259259259259259
1 0.19285300925925927 0.23794367283950618 0.013020833333333334 0.009066358024691358
1 0.20283564814814814 0.24363425925925927 0.008101851851851851 0.006558641975308642
1 0.1618923611111111 0.2482638888888889 0.008969907407407407 0.006558641975308642
1 0.16102430555555555 0.2349537037037037 0.01070601851851852 0.005787037037037037
1 0.23582175925925927 0.20736882716049382 0.009837962962962963 0.006558641975308642
1 0.2903645833333333 0.20939429012345678 0.014756944444444444 0.008680555555555556
1 0.2556423611111111 0.2574266975308642 0.009548611111111112 0.00636574074074074
1 0.2394386574074074 0.2240547839506173 0.007233796296296296 0.005979938271604938
1 0.22902199074074073 0.2254050925925926 0.009548611111111112 0.005979938271604938
0 0.27531828703703703 0.16078317901234568 0.05931712962962963 0.033371913580246916
1 0.21223958333333334 0.2619598765432099 0.007233796296296296 0.005787037037037037
1 0.18894675925925927 0.2628279320987654 0.009837962962962963 0.005979938271604938
1 0.28804976851851855 0.19212962962962962 0.008969907407407407 0.006944444444444444
1 0.2199074074074074 0.13560956790123457 0.005787037037037037 0.004243827160493827
1 0.23640046296296297 0.12818287037037038 0.005787037037037037 0.004822530864197531
1 0.2601273148148148 0.1166087962962963 0.013888888888888888 0.005979938271604938
1 0.11284722222222222 0.2566550925925926 0.006944444444444444 0.005979938271604938
1 0.10561342592592593 0.24855324074074073 0.008680555555555556 0.00636574074074074
1 0.1863425925925926 0.2865547839506173 0.010416666666666666 0.007137345679012345
1 0.1349826388888889 0.1955054012345679 0.013599537037037037 0.009066358024691358
0 0.1785300925925926 0.19685570987654322 0.017939814814814815 0.008680555555555556
1 0.2103587962962963 0.17332175925925927 0.010416666666666666 0.007137345679012345
1 0.32392939814814814 0.13097993827160495 0.01070601851851852 0.0038580246913580245
6 0.19690393518518517 0.14969135802469136 0.013020833333333334 0.009259259259259259
1 0.3719618055555556 0.2508680555555556 0.01070601851851852 0.005208333333333333
1 0.39467592592592593 0.2334104938271605 0.012152777777777778 0.006944444444444444
1 0.40986689814814814 0.24363425925925927 0.013599537037037037 0.008487654320987654
1 0.30179398148148145 0.19849537037037038 0.016203703703703703 0.011959876543209876
1 0.2682291666666667 0.18624614197530864 0.010416666666666666 0.007137345679012345
1 0.20992476851851852 0.2212577160493827 0.0078125 0.006558641975308642
1 0.23423032407407407 0.24681712962962962 0.0078125 0.00636574074074074
1 0.17824074074074073 0.2347608024691358 0.006944444444444444 0.004243827160493827
1 0.1892361111111111 0.22878086419753085 0.00636574074074074 0.004243827160493827
1 0.3446180555555556 0.21884645061728394 0.013888888888888888 0.008680555555555556
1 0.3628472222222222 0.2191358024691358 0.013888888888888888 0.009259259259259259
1 0.31568287037037035 0.27208719135802467 0.010416666666666666 0.007137345679012345
1 0.35011574074074076 0.2682291666666667 0.019675925925925927 0.011381172839506173
1 0.4956597222222222 0.14457947530864199 0.017361111111111112 0.008680555555555556
1 0.5438368055555556 0.14457947530864199 0.021122685185185185 0.009837962962962963
1 0.4639756944444444 0.10667438271604938 0.013599537037037037 0.009259259259259259
1 0.4223090277777778 0.11024305555555555 0.013599537037037037 0.00636574074074074
1 0.5389178240740741 0.10908564814814815 0.02459490740740741 0.005208333333333333
1 0.5157696759259259 0.11795910493827161 0.01070601851851852 0.005979938271604938
1 0.60546875 0.14110725308641975 0.013020833333333334 0.009837962962962963
1 0.6166087962962963 0.14332561728395063 0.00636574074074074 0.006558641975308642
1 0.5729166666666666 0.16068672839506173 0.01273148148148148 0.005787037037037037
1 0.6226851851851852 0.15422453703703703 0.011574074074074073 0.007137345679012345
1 0.6329571759259259 0.1712962962962963 0.007233796296296296 0.008101851851851851
1 0.5865162037037037 0.10869984567901235 0.008680555555555556 0.005208333333333333
1 0.5402199074074074 0.09915123456790123 0.008680555555555556 0.005401234567901234
1 0.66796875 0.15084876543209877 0.009548611111111112 0.006944444444444444
1 0.6516203703703703 0.12779706790123457 0.008101851851851851 0.005979938271604938
1 0.6203703703703703 0.13040123456790123 0.008680555555555556 0.005787037037037037
1 0.6443865740740741 0.22569444444444445 0.018518518518518517 0.006944444444444444
1 0.6598668981481481 0.20572916666666666 0.011284722222222222 0.008680555555555556
1 0.7298900462962963 0.14525462962962962 0.005497685185185185 0.004629629629629629
1 0.7313368055555556 0.16039737654320987 0.01070601851851852 0.007523148148148148
1 0.6712962962962963 0.2490354938271605 0.013888888888888888 0.009259259259259259
8 0.7052951388888888 0.21373456790123457 0.019386574074074073 0.013503086419753086
5 0.7724247685185185 0.18894675925925927 0.059895833333333336 0.041087962962962965
8 0.7612847222222222 0.24247685185185186 0.013888888888888888 0.010802469135802469
8 0.7112268518518519 0.32320601851851855 0.011574074074074073 0.009837962962962963
1 0.6892361111111112 0.30227623456790126 0.008680555555555556 0.006944444444444444
9 0.6171875 0.37191358024691357 0.008680555555555556 0.006944444444444444
1 0.7654803240740741 0.29909336419753085 0.009548611111111112 0.005979938271604938
1 0.7699652777777778 0.31491126543209874 0.008101851851851851 0.00636574074074074
1 0.7248263888888888 0.2785493827160494 0.010416666666666666 0.006558641975308642
1 0.7229456018518519 0.26263503086419754 0.01070601851851852 0.007137345679012345
1 0.7553530092592593 0.26359953703703703 0.008969907407407407 0.007523148148148148
1 0.7912326388888888 0.2830825617283951 0.009548611111111112 0.007137345679012345
1 0.7890625 0.2613811728395062 0.008680555555555556 0.005787037037037037
1 0.7680844907407407 0.2732445987654321 0.009548611111111112 0.005979938271604938
1 0.8368055555555556 0.2740162037037037 0.008101851851851851 0.00636574074074074
1 0.8246527777777778 0.2984182098765432 0.009837962962962963 0.005401234567901234
1 0.8171296296296297 0.3070023148148148 0.009837962962962963 0.007137345679012345
1 0.8126446759259259 0.25144675925925924 0.01070601851851852 0.00636574074074074
1 0.8162615740740741 0.23755787037037038 0.010416666666666666 0.007137345679012345
8 0.74609375 0.21161265432098766 0.01707175925925926 0.01273148148148148
1 0.8799189814814815 0.23910108024691357 0.008680555555555556 0.007137345679012345
1 0.8253761574074074 0.26437114197530864 0.007233796296296296 0.005979938271604938
1 0.8145254629629629 0.2684220679012346 0.008680555555555556 0.005979938271604938
1 0.8538773148148148 0.2789351851851852 0.008680555555555556 0.006558641975308642
1 0.8459201388888888 0.3083526234567901 0.009548611111111112 0.009066358024691358
1 0.7350983796296297 0.29282407407407407 0.011284722222222222 0.006944444444444444
1 0.8399884259259259 0.33371913580246915 0.008101851851851851 0.007716049382716049
1 0.9207175925925926 0.4339313271604938 0.008680555555555556 0.009066358024691358
1 0.9554398148148148 0.4224537037037037 0.005787037037037037 0.005787037037037037
1 0.9574652777777778 0.4521604938271605 0.009837962962962963 0.013117283950617283
8 0.9246238425925926 0.45023148148148145 0.008969907407407407 0.009259259259259259
1 0.9250578703703703 0.36747685185185186 0.013888888888888888 0.019290123456790122
8 0.09866898148148148 0.3031442901234568 0.02199074074074074 0.012924382716049383
8 0.07277199074074074 0.3465470679012346 0.014756944444444444 0.014853395061728395
8 0.10243055555555555 0.39978780864197533 0.015625 0.01099537037037037
8 0.13208912037037038 0.31086033950617287 0.011863425925925927 0.008680555555555556
8 0.08709490740740741 0.6888503086419753 0.010416666666666666 0.009645061728395061
8 0.10445601851851852 0.7205825617283951 0.010416666666666666 0.01099537037037037
8 0.10300925925925926 0.7443094135802469 0.010416666666666666 0.011381172839506173
8 0.07118055555555555 0.6189236111111112 0.009837962962962963 0.01871141975308642
8 0.14424189814814814 0.6123649691358025 0.015335648148148149 0.01408179012345679
8 0.25491898148148145 0.7690972222222222 0.02141203703703704 0.013503086419753086
8 0.3307291666666667 0.8252314814814815 0.015625 0.010802469135802469
8 0.6704282407407407 0.8219521604938271 0.016203703703703703 0.013117283950617283
8 0.5665509259259259 0.8701774691358025 0.010416666666666666 0.008101851851851851
8 0.5154803240740741 0.849633487654321 0.015335648148148149 0.010223765432098766
1 0.23032407407407407 0.8220486111111112 0.011574074074074073 0.007137345679012345
1 0.2562210648148148 0.828125 0.011284722222222222 0.007716049382716049
1 0.25925925925925924 0.8385416666666666 0.015625 0.009259259259259259
6 0.3706597222222222 0.7228973765432098 0.009837962962962963 0.007137345679012345
6 0.34346064814814814 0.7443094135802469 0.008101851851851851 0.004822530864197531
6 0.20298032407407407 0.7384259259259259 0.007233796296296296 0.006944444444444444
6 0.2647569444444444 0.7216435185185185 0.00636574074074074 0.005787037037037037
6 0.21744791666666666 0.6903935185185185 0.009548611111111112 0.006944444444444444
6 0.25578703703703703 0.6442901234567902 0.010416666666666666 0.006558641975308642
6 0.2611400462962963 0.6234567901234568 0.008969907407407407 0.006558641975308642
6 0.14163773148148148 0.6351273148148148 0.009548611111111112 0.00636574074074074
6 0.09997106481481481 0.6052276234567902 0.009548611111111112 0.00636574074074074
6 0.19733796296296297 0.5883487654320988 0.010416666666666666 0.006944444444444444
6 0.2097800925925926 0.6824845679012346 0.010416666666666666 0.006558641975308642
5 0.1662326388888889 0.652295524691358 0.033854166666666664 0.019097222222222224
1 0.09447337962962964 0.6380208333333334 0.0078125 0.007137345679012345
1 0.0993923611111111 0.6214313271604939 0.009548611111111112 0.011381172839506173
1 0.1478587962962963 0.5153356481481481 0.01273148148148148 0.007137345679012345
1 0.1589988425925926 0.5369405864197531 0.013020833333333334 0.009066358024691358
1 0.13642939814814814 0.5577739197530864 0.008969907407407407 0.007137345679012345
1 0.10141782407407407 0.5464891975308642 0.008969907407407407 0.006944444444444444
1 0.11747685185185185 0.5453317901234568 0.009837962962962963 0.006558641975308642
1 0.06741898148148148 0.39978780864197533 0.008680555555555556 0.008680555555555556
1 0.052083333333333336 0.3890817901234568 0.009837962962962963 0.009259259259259259
1 0.05295138888888889 0.36786265432098764 0.009837962962962963 0.009259259259259259
1 0.052662037037037035 0.5251736111111112 0.008680555555555556 0.008680555555555556
6 0.11559606481481481 0.5993441358024691 0.01070601851851852 0.008101851851851851
1 0.6171875 0.10358796296296297 0.011574074074074073 0.008487654320987654
1 0.7110821759259259 0.15297067901234568 0.014756944444444444 0.006944444444444444
1 0.7160011574074074 0.13290895061728394 0.01070601851851852 0.007716049382716049
1 0.6688368055555556 0.13695987654320987 0.011284722222222222 0.006558641975308642
1 0.7792245370370371 0.1619405864197531 0.009837962962962963 0.005979938271604938
0 0.5671296296296297 0.47762345679012347 0.024305555555555556 0.014660493827160493
9 0.4464699074074074 0.5254629629629629 0.008101851851851851 0.005787037037037037
0 0.3854166666666667 0.8627507716049383 0.011574074074074073 0.009837962962962963
6 0.4331597222222222 0.847608024691358 0.012152777777777778 0.006944444444444444
1 0.37080439814814814 0.8583140432098766 0.008969907407407407 0.00636574074074074
1 0.31495949074074076 0.8748070987654321 0.007233796296296296 0.005787037037037037
1 0.34664351851851855 0.8726851851851852 0.008680555555555556 0.006558641975308642
1 0.29398148148148145 0.8198302469135802 0.008680555555555556 0.005401234567901234
1 0.30324074074074076 0.8872492283950617 0.008680555555555556 0.005208333333333333
0 0.15422453703703703 0.7522183641975309 0.010416666666666666 0.009066358024691358
0 0.1371527777777778 0.7111304012345679 0.010416666666666666 0.01408179012345679
0 0.12138310185185185 0.6166087962962963 0.01707175925925926 0.01408179012345679
6 0.2144097222222222 0.6696566358024691 0.008101851851851851 0.005979938271604938
6 0.19386574074074073 0.6634837962962963 0.005787037037037037 0.004822530864197531
6 0.19892939814814814 0.6697530864197531 0.007233796296296296 0.005401234567901234
6 0.5938946759259259 0.7062114197530864 0.005497685185185185 0.004243827160493827
1 0.41825810185185186 0.12297453703703703 0.013020833333333334 0.005208333333333333
6 0.7518807870370371 0.5997299382716049 0.007233796296296296 0.005401234567901234
6 0.7514467592592593 0.5883487654320988 0.005787037037037037 0.004629629629629629
6 0.7397280092592593 0.6241319444444444 0.007233796296296296 0.005979938271604938
6 0.8151041666666666 0.621045524691358 0.004629629629629629 0.004822530864197531
6 0.8297164351851852 0.6018518518518519 0.005497685185185185 0.0038580246913580245
6 0.7965856481481481 0.6507523148148148 0.006944444444444444 0.005208333333333333
6 0.8237847222222222 0.6467978395061729 0.006944444444444444 0.006558641975308642
6 0.8146701388888888 0.6812307098765432 0.004918981481481482 0.005208333333333333
6 0.7222222222222222 0.7385223765432098 0.005787037037037037 0.005208333333333333
6 0.7835648148148148 0.7360146604938271 0.005787037037037037 0.004822530864197531
6 0.7838541666666666 0.7191358024691358 0.008101851851851851 0.005787037037037037
6 0.7685185185185185 0.6804591049382716 0.005787037037037037 0.005979938271604938
6 0.8330439814814815 0.7236689814814815 0.006944444444444444 0.005208333333333333
6 0.8453414351851852 0.7317708333333334 0.005497685185185185 0.005208333333333333
6 0.8033854166666666 0.7222222222222222 0.007233796296296296 0.005401234567901234
9 0.8158275462962963 0.7317708333333334 0.011284722222222222 0.010223765432098766
8 0.7744502314814815 0.6967592592592593 0.021122685185185185 0.016203703703703703
8 0.8101851851851852 0.7467206790123457 0.011574074074074073 0.008487654320987654
8 0.8388310185185185 0.816454475308642 0.010416666666666666 0.007523148148148148
8 0.8987268518518519 0.7029320987654321 0.011574074074074073 0.015432098765432098
8 0.9386574074074074 0.5432098765432098 0.00636574074074074 0.008101851851851851
8 0.85546875 0.5869020061728395 0.01070601851851852 0.007137345679012345
1 0.8858506944444444 0.5815007716049383 0.007233796296296296 0.00636574074074074
1 0.8754340277777778 0.5987654320987654 0.007233796296296296 0.005401234567901234
1 0.8246527777777778 0.5762924382716049 0.008101851851851851 0.009066358024691358
1 0.9519675925925926 0.5946180555555556 0.006944444444444444 0.00636574074074074
1 0.8774594907407407 0.5275848765432098 0.011284722222222222 0.008487654320987654
1 0.9392361111111112 0.4090470679012346 0.005787037037037037 0.00636574074074074
1 0.9421296296296297 0.3738425925925926 0.006944444444444444 0.007716049382716049
1 0.91015625 0.41570216049382713 0.007233796296296296 0.006558641975308642
1 0.8783275462962963 0.6344521604938271 0.005497685185185185 0.003472222222222222
1 0.8149594907407407 0.707079475308642 0.009548611111111112 0.00636574074074074
1 0.8356481481481481 0.7129629629629629 0.01273148148148148 0.008101851851851851
0 0.8258101851851852 0.7693865740740741 0.03877314814814815 0.024112654320987654
6 0.7679398148148148 0.7891589506172839 0.012152777777777778 0.008101851851851851
4 0.3527199074074074 0.13667052469135801 0.010416666666666666 0.007523148148148148
4 0.5972222222222222 0.816454475308642 0.012152777777777778 0.004822530864197531
6 0.5694444444444444 0.2853973765432099 0.008680555555555556 0.00636574074074074
6 0.3971354166666667 0.3315972222222222 0.006655092592592593 0.006172839506172839
6 0.8013599537037037 0.6097608024691358 0.0078125 0.004629629629629629
6 0.7989004629629629 0.6193094135802469 0.00636574074074074 0.004050925925925926
0 0.14149305555555555 0.6450617283950617 0.004629629629629629 0.003472222222222222
0 0.1467013888888889 0.6419753086419753 0.004050925925925926 0.003472222222222222
0 0.1644965277777778 0.6392746913580247 0.006076388888888889 0.004243827160493827
1 0.8786168981481481 0.5693479938271605 0.004340277777777778 0.0036651234567901233
1 0.8667534722222222 0.6170910493827161 0.004340277777777778 0.0038580246913580245
6 0.8668981481481481 0.6579861111111112 0.0028935185185185184 0.002700617283950617
6 0.8773148148148148 0.6688850308641975 0.003472222222222222 0.002507716049382716
6 0.8624131944444444 0.6684027777777778 0.003761574074074074 0.002700617283950617
6 0.7844328703703703 0.6770833333333334 0.003472222222222222 0.0023148148148148147
6 0.8168402777777778 0.6684992283950617 0.005787037037037037 0.003279320987654321
6 0.8138020833333334 0.6451581790123457 0.005497685185185185 0.0028935185185185184
1 0.7907986111111112 0.5413773148148148 0.01273148148148148 0.007137345679012345
1 0.4408275462962963 0.5735918209876543 0.008969907407407407 0.0055941358024691355
6 0.46469907407407407 0.8225308641975309 0.008680555555555556 0.005401234567901234
9 0.7650462962962963 0.1497878086419753 0.013888888888888888 0.00636574074074074
0 0.1785300925925926 0.6065779320987654 0.009259259259259259 0.0036651234567901233
0 0.17954282407407407 0.5835262345679012 0.013020833333333334 0.006558641975308642
4 0.19285300925925927 0.6887538580246914 0.011284722222222222 0.005979938271604938
4 0.20891203703703703 0.6496913580246914 0.01099537037037037 0.007716049382716049
6 0.12630208333333334 0.7114197530864198 0.007233796296296296 0.0038580246913580245
6 0.19227430555555555 0.7286844135802469 0.006655092592592593 0.0036651234567901233
0 0.7093460648148148 0.5876736111111112 0.010127314814814815 0.007137345679012345
6 0.77734375 0.6488233024691358 0.006655092592592593 0.004436728395061728
5 0.10561342592592593 0.3462577160493827 0.03530092592592592 0.02700617283950617
9 0.14930555555555555 0.3184799382716049 0.00636574074074074 0.004629629629629629
8 0.14742476851851852 0.3041087962962963 0.011284722222222222 0.007908950617283951
1 0.2708333333333333 0.2431520061728395 0.011574074074074073 0.007137345679012345
8 0.24696180555555555 0.2692901234567901 0.013020833333333334 0.007716049382716049
6 0.3276909722222222 0.23842592592592593 0.008391203703703705 0.004629629629629629
1 0.2572337962962963 0.28694058641975306 0.006944444444444444 0.0036651234567901233
6 0.32711226851851855 0.28115354938271603 0.0078125 0.004822530864197531
6 0.41941550925925924 0.14052854938271606 0.004918981481481482 0.004050925925925926
1 0.41594328703703703 0.25028935185185186 0.007233796296296296 0.004822530864197531
9 0.45558449074074076 0.2732445987654321 0.005497685185185185 0.003279320987654321
1 0.5325520833333334 0.08304398148148148 0.0078125 0.005979938271604938
1 0.5963541666666666 0.18277391975308643 0.007523148148148148 0.005208333333333333
8 0.5869502314814815 0.18981481481481483 0.015335648148148149 0.008101851851851851
8 0.5662615740740741 0.19020061728395063 0.016203703703703703 0.009259259259259259
1 0.6484375 0.2097800925925926 0.007523148148148148 0.0055941358024691355
8 0.6967592592592593 0.26765046296296297 0.012152777777777778 0.00636574074074074
8 0.6927083333333334 0.28153935185185186 0.011574074074074073 0.009066358024691358
1 0.7918113425925926 0.21614583333333334 0.006655092592592593 0.0055941358024691355
8 0.37138310185185186 0.8800154320987654 0.015335648148148149 0.013117283950617283
8 0.06365740740740741 0.7042824074074074 0.013310185185185185 0.011574074074074073
1 0.21252893518518517 0.6248070987654321 0.008391203703703705 0.005787037037037037
8 0.04904513888888889 0.5073302469135802 0.011284722222222222 0.007716049382716049
8 0.03920717592592592 0.4314236111111111 0.007233796296296296 0.007523148148148148
8 0.10358796296296297 0.2318672839506173 0.011574074074074073 0.006944444444444444
8 0.3655960648148148 0.5431134259259259 0.0078125 0.0055941358024691355
1 0.578125 0.12056327160493827 0.008680555555555556 0.004243827160493827
1 0.6750578703703703 0.2977430555555556 0.008680555555555556 0.004822530864197531
5 0.1412037037037037 0.7666859567901234 0.02662037037037037 0.027584876543209878
8 0.5063657407407407 0.8257137345679012 0.010416666666666666 0.007137345679012345
8 0.8492476851851852 0.6476658950617284 0.011574074074074073 0.00945216049382716
8 0.9228877314814815 0.6135223765432098 0.005497685185185185 0.004436728395061728
8 0.9279513888888888 0.5765817901234568 0.005787037037037037 0.006944444444444444
1 0.25969328703703703 0.24951774691358025 0.008391203703703705 0.0055941358024691355
1 0.7291666666666666 0.22463348765432098 0.009259259259259259 0.006751543209876543
1 0.7337962962962963 0.23177083333333334 0.009837962962962963 0.0055941358024691355
1 0.66796875 0.26350308641975306 0.009548611111111112 0.005015432098765432
1 0.5912905092592593 0.23427854938271606 0.007233796296296296 0.004822530864197531
1 0.8569155092592593 0.5083912037037037 0.0078125 0.004050925925925926
8 0.12094907407407407 0.681616512345679 0.009837962962962963 0.007908950617283951
0 0.1736111111111111 0.6361882716049383 0.010416666666666666 0.004629629629629629
0 0.1697048611111111 0.6392746913580247 0.006076388888888889 0.004629629629629629
0 0.1919849537037037 0.6295331790123457 0.013599537037037037 0.008680555555555556
0 0.19212962962962962 0.6403356481481481 0.01099537037037037 0.007137345679012345
0 0.21469907407407407 0.6096643518518519 0.005208333333333333 0.005208333333333333
1 0.10271990740740741 0.5558449074074074 0.004629629629629629 0.0036651234567901233
1 0.28935185185185186 0.5915316358024691 0.004629629629629629 0.003279320987654321
1 0.3519965277777778 0.1949266975308642 0.006076388888888889 0.0036651234567901233
0 0.5172164351851852 0.4565972222222222 0.013020833333333334 0.005015432098765432
8 0.026041666666666668 0.5217013888888888 0.008680555555555556 0.009066358024691358
8 0.018952546296296297 0.5020254629629629 0.006655092592592593 0.008680555555555556
8 0.040219907407407406 0.6081211419753086 0.007523148148148148 0.007523148148148148
8 0.04861111111111111 0.6238425925925926 0.008101851851851851 0.0073302469135802465
8 0.04079861111111111 0.6549961419753086 0.004629629629629629 0.007137345679012345
0 0.22511574074074073 0.6896219135802469 0.009837962962962963 0.006172839506172839
8 0.2994791666666667 0.7826003086419753 0.013310185185185185 0.009259259259259259
1 0.5986689814814815 0.8680555555555556 0.004629629629629629 0.003472222222222222
6 0.7769097222222222 0.6090856481481481 0.004629629629629629 0.003279320987654321
