0 0.42763921113689096 0.09054347826086956 0.04553364269141531 0.016304347826086956
0 0.19475058004640372 0.5247826086956522 0.03103248259860789 0.027391304347826086
0 0.3462877030162413 0.5259782608695652 0.024361948955916472 0.016739130434782607
4 0.6234048723897911 0.47978260869565215 0.006670533642691415 0.009130434782608696
4 0.1279002320185615 0.22021739130434784 0.008120649651972157 0.009565217391304347
4 0.07279582366589327 0.6097826086956522 0.012761020881670533 0.013043478260869565
4 0.12645011600928074 0.6751086956521739 0.022041763341067284 0.015
4 0.095707656612529 0.6595652173913044 0.011020881670533642 0.011739130434782608
4 0.09106728538283063 0.7058695652173913 0.0075406032482598605 0.01391304347826087
4 0.2779872389791183 0.769891304347826 0.01943155452436195 0.008913043478260869
4 0.3249709976798144 0.6993478260869566 0.02117169373549884 0.01391304347826087
4 0.834106728538283 0.8348913043478261 0.009860788863109048 0.010217391304347826
4 0.7334686774941995 0.9208695652173913 0.009860788863109048 0.009565217391304347
4 0.662122969837587 0.8865217391304347 0.01160092807424594 0.00826086956521739
4 0.4289443155452436 0.922608695652174 0.008700696055684454 0.006521739130434782
3 0.22679814385150812 0.07782608695652174 0.011020881670533642 0.006956521739130435
3 0.2594257540603248 0.07652173913043478 0.007830626450116009 0.006521739130434782
3 0.2962587006960557 0.09260869565217392 0.018271461716937356 0.01391304347826087
3 0.27653712296983757 0.11945652173913043 0.011890951276102088 0.008478260869565218
3 0.275377030162413 0.1451086956521739 0.013051044083526682 0.008478260869565218
3 0.3238109048723898 0.13010869565217392 0.013631090487238979 0.005
3 0.1199245939675174 0.30543478260869567 0.008990719257540603 0.024782608695652172
3 0.4290893271461717 0.45315217391304347 0.014211136890951276 0.011521739130434782
3 0.45185614849187933 0.45717391304347826 0.012180974477958236 0.01391304347826087
3 0.5013051044083526 0.4733695652173913 0.007830626450116009 0.008913043478260869
3 0.4717227378190255 0.49869565217391304 0.015951276102088168 0.00826086956521739
3 0.48549883990719256 0.43032608695652175 0.018561484918793503 0.008043478260869565
3 0.42314385150812067 0.3869565217391304 0.008700696055684454 0.00826086956521739
3 0.531322505800464 0.4052173913043478 0.008700696055684454 0.008695652173913044
3 0.5784512761020881 0.413695652173913 0.007830626450116009 0.007391304347826087
3 0.5986078886310905 0.42086956521739133 0.01334106728538283 0.010434782608695653
3 0.6064385150812065 0.41684782608695653 0.010440835266821345 0.011521739130434782
3 0.6413863109048724 0.4231521739130435 0.007250580046403712 0.005869565217391304
3 0.697360788863109 0.4207608695652174 0.01769141531322506 0.005434782608695652
3 0.7033062645011601 0.4373913043478261 0.014501160092807424 0.013478260869565217
3 0.6415313225058005 0.46597826086956523 0.01334106728538283 0.010652173913043479
3 0.619054524361949 0.4578260869565217 0.006090487238979118 0.00608695652173913
3 0.931699535962877 0.4573913043478261 0.008990719257540603 0.014347826086956521
3 0.9485208816705336 0.45858695652173914 0.007830626450116009 0.008478260869565218
3 0.773491879350348 0.35032608695652173 0.012761020881670533 0.01108695652173913
3 0.761600928074246 0.331304347826087 0.008700696055684454 0.006521739130434782
3 0.7942285382830626 0.3592391304347826 0.01131090487238979 0.010217391304347826
3 0.7732018561484919 0.3160869565217391 0.00580046403712297 0.004782608695652174
3 0.8662993039443155 0.3617391304347826 0.008700696055684454 0.0052173913043478265
3 0.8760150812064965 0.35945652173913045 0.005510440835266821 0.005869565217391304
3 0.91792343387471 0.44065217391304345 0.018561484918793503 0.018695652173913044
3 0.1919953596287703 0.42206521739130437 0.010440835266821345 0.006304347826086957
3 0.14211136890951276 0.4147826086956522 0.0069605568445475635 0.010434782608695653
3 0.09454756380510441 0.4584782608695652 0.014501160092807424 0.01391304347826087
3 0.06380510440835267 0.46119565217391306 0.0075406032482598605 0.010217391304347826
3 0.11412412993039443 0.46141304347826084 0.007250580046403712 0.006739130434782609
3 0.1441415313225058 0.4566304347826087 0.008120649651972157 0.006739130434782609
3 0.1103538283062645 0.44369565217391305 0.010730858468677494 0.01
3 0.09860788863109049 0.44380434782608696 0.011020881670533642 0.007173913043478261
3 0.10397331786542924 0.4515217391304348 0.006090487238979118 0.005652173913043478
3 0.08149651972157773 0.4707608695652174 0.01334106728538283 0.013260869565217392
3 0.12021461716937355 0.4310869565217391 0.007830626450116009 0.005652173913043478
3 0.09976798143851508 0.40706521739130436 0.01334106728538283 0.013695652173913043
3 0.15501740139211137 0.41141304347826085 0.016531322505800465 0.009347826086956522
3 0.1238399071925754 0.44880434782608697 0.0069605568445475635 0.004130434782608695
3 0.1300754060324826 0.4441304347826087 0.011890951276102088 0.00608695652173913
3 0.1277552204176334 0.4632608695652174 0.004350348027842227 0.006956521739130435
3 0.06453016241299304 0.49130434782608695 0.006670533642691415 0.006521739130434782
3 0.08381670533642692 0.4875 0.005220417633410673 0.006304347826086957
3 0.08715197215777262 0.49717391304347824 0.011890951276102088 0.014782608695652174
3 0.12064965197215777 0.5018478260869565 0.0063805104408352666 0.0036956521739130435
3 0.19620069605568446 0.35706521739130437 0.0095707656612529 0.006304347826086957
3 0.2394141531322506 0.36228260869565215 0.008410672853828306 0.005869565217391304
3 0.2533352668213457 0.31815217391304346 0.01131090487238979 0.007173913043478261
3 0.175754060324826 0.34956521739130436 0.0034802784222737818 0.0026086956521739132
3 0.12978538283062646 0.3917391304347826 0.006670533642691415 0.006956521739130435
3 0.17879930394431554 0.4532608695652174 0.017111368909512762 0.023043478260869565
0 0.224622969837587 0.6066304347826087 0.01131090487238979 0.008913043478260869
0 0.25203016241299303 0.6507608695652174 0.009280742459396751 0.015869565217391305
6 0.35716357308584684 0.7114130434782608 0.007250580046403712 0.007173913043478261
1 0.7121519721577726 0.6781521739130435 0.007250580046403712 0.006739130434782609
0 0.8819605568445475 0.6360869565217391 0.00580046403712297 0.007391304347826087
0 0.861223897911833 0.6283695652173913 0.03625290023201856 0.03760869565217391
0 0.8620939675174014 0.5608695652173913 0.03451276102088167 0.030434782608695653
3 0.9132830626450116 0.5052173913043478 0.0063805104408352666 0.004782608695652174
3 0.6194895591647331 0.42086956521739133 0.012180974477958236 0.010434782608695653
4 0.2803074245939675 0.4359782608695652 0.01131090487238979 0.006739130434782609
0 0.18169953596287702 0.6372826086956521 0.005510440835266821 0.004565217391304348
0 0.1795243619489559 0.6441304347826087 0.0069605568445475635 0.00608695652173913
0 0.20287122969837587 0.6477173913043478 0.005510440835266821 0.006739130434782609
0 0.16676334106728538 0.6522826086956521 0.004060324825986079 0.004130434782608695
8 0.28335266821345706 0.6972826086956522 0.012761020881670533 0.009782608695652175
3 0.7881380510440835 0.4277173913043478 0.02117169373549884 0.011956521739130435
4 0.9488109048723898 0.6811956521739131 0.005510440835266821 0.006739130434782609
4 0.158207656612529 0.18413043478260868 0.004350348027842227 0.00608695652173913
4 0.16139791183294663 0.26304347826086955 0.01131090487238979 0.009565217391304347
0 0.21650232018561485 0.5790217391304348 0.008990719257540603 0.008913043478260869
1 0.771461716937355 0.1126086956521739 0.008120649651972157 0.006956521739130435
0 0.7366589327146171 0.09119565217391304 0.011020881670533642 0.007173913043478261
0 0.6316705336426914 0.3009782608695652 0.03480278422273782 0.018043478260869564
6 0.6077436194895591 0.2867391304347826 0.008410672853828306 0.007391304347826087
6 0.6125290023201856 0.29347826086956524 0.004640371229698376 0.004347826086956522
3 0.2078016241299304 0.3375 0.014791183294663572 0.009782608695652175
3 0.19634570765661252 0.3502173913043478 0.00580046403712297 0.004782608695652174
3 0.21099187935034802 0.353695652173913 0.004350348027842227 0.005652173913043478
3 0.4495359628770302 0.6521739130434783 0.012180974477958236 0.006956521739130435
3 0.3883410672853828 0.7121739130434782 0.013921113689095127 0.011739130434782608
3 0.35890371229698376 0.6870652173913043 0.008990719257540603 0.007173913043478261
3 0.6957656612529002 0.6568478260869566 0.01334106728538283 0.007608695652173913
1 0.16690835266821347 0.7939130434782609 0.008410672853828306 0.009130434782608696
3 0.5961426914153132 0.47206521739130436 0.010150812064965197 0.007173913043478261
3 0.6141241299303944 0.5003260869565217 0.007250580046403712 0.005869565217391304
0 0.867169373549884 0.6818478260869565 0.00580046403712297 0.005869565217391304
3 0.3209106728538283 0.45771739130434785 0.007250580046403712 0.008043478260869565
1 0.38602088167053367 0.45967391304347827 0.0069605568445475635 0.005434782608695652
1 0.18590487238979117 0.5917391304347827 0.01160092807424594 0.009130434782608696
3 0.30771461716937354 0.7916304347826087 0.0063805104408352666 0.005
1 0.7834976798143851 0.6780434782608695 0.005510440835266821 0.0052173913043478265
0 0.8116299303944315 0.6423913043478261 0.007830626450116009 0.004347826086956522
0 0.8177204176334106 0.5820652173913043 0.010150812064965197 0.01108695652173913
0 0.8111948955916474 0.5707608695652174 0.0069605568445475635 0.007608695652173913
0 0.8209106728538283 0.5448913043478261 0.02117169373549884 0.010217391304347826
1 0.8236658932714617 0.5448913043478261 0.004640371229698376 0.003260869565217391
3 0.1007830626450116 0.5202173913043479 0.0031902552204176333 0.003043478260869565
3 0.0968677494199536 0.4905434782608696 0.004640371229698376 0.004130434782608695
3 0.055249419953596286 0.5160869565217391 0.008410672853828306 0.011304347826086957
3 0.06670533642691415 0.5316304347826087 0.00580046403712297 0.008043478260869565
3 0.09860788863109049 0.5142391304347826 0.01160092807424594 0.006739130434782609
3 0.14544663573085848 0.48380434782608694 0.017111368909512762 0.014565217391304348
3 0.1666183294663573 0.4366304347826087 0.010730858468677494 0.008043478260869565
3 0.20736658932714616 0.4259782608695652 0.01740139211136891 0.008043478260869565
1 0.3822505800464037 0.3066304347826087 0.01334106728538283 0.009347826086956522
1 0.40414733178654294 0.2956521739130435 0.008410672853828306 0.00608695652173913
0 0.47476798143851506 0.31815217391304346 0.012180974477958236 0.008043478260869565
3 0.5240719257540604 0.34195652173913044 0.013921113689095127 0.011739130434782608
3 0.5403132250580046 0.37434782608695655 0.015081206496519721 0.006956521739130435
3 0.502030162412993 0.38119565217391305 0.013921113689095127 0.010652173913043479
1 0.597737819025522 0.35478260869565215 0.009860788863109048 0.00782608695652174
0 0.5764211136890951 0.37717391304347825 0.006670533642691415 0.009565217391304347
0 0.23172853828306264 0.5782608695652174 0.011020881670533642 0.006521739130434782
0 0.16125290023201855 0.5539130434782609 0.008700696055684454 0.006956521739130435
0 0.18793503480278423 0.5478260869565217 0.0063805104408352666 0.006956521739130435
6 0.20171113689095127 0.5480434782608695 0.005510440835266821 0.004782608695652174
1 0.7801624129930395 0.125 0.008700696055684454 0.007391304347826087
0 0.4037122969837587 0.5070652173913044 0.01334106728538283 0.008913043478260869
0 0.2354988399071926 0.6094565217391305 0.01160092807424594 0.012826086956521739
0 0.21418213457076565 0.5585869565217392 0.007830626450116009 0.005869565217391304
1 0.3078596287703016 0.7185869565217391 0.006670533642691415 0.004565217391304348
8 0.2790023201856148 0.7454347826086957 0.013921113689095127 0.010869565217391304
8 0.20751160092807425 0.816195652173913 0.007830626450116009 0.009347826086956522
8 0.26711136890951276 0.8914130434782609 0.018561484918793503 0.009347826086956522
8 0.5397331786542924 0.6614130434782609 0.009860788863109048 0.007173913043478261
9 0.7346287703016241 0.7507608695652174 0.013921113689095127 0.011521739130434782
8 0.867314385150812 0.7896739130434782 0.020591647331786544 0.025
1 0.8584686774941995 0.6642391304347826 0.009280742459396751 0.007608695652173913
0 0.9672273781902552 0.5857608695652174 0.010440835266821345 0.013695652173913043
1 0.23114849187935035 0.13641304347826086 0.008700696055684454 0.007608695652173913
1 0.34976798143851506 0.215 0.004640371229698376 0.0034782608695652175
0 0.6019431554524362 0.1641304347826087 0.0095707656612529 0.00608695652173913
1 0.08236658932714618 0.5260869565217391 0.005220417633410673 0.004347826086956522
1 0.1609628770301624 0.5775 0.008120649651972157 0.005869565217391304
8 0.13471577726218098 0.78 0.007830626450116009 0.009130434782608696
8 0.23694895591647333 0.8757608695652174 0.00580046403712297 0.004565217391304348
0 0.2771171693735499 0.7282608695652174 0.012470997679814385 0.013478260869565217
0 0.2620359628770302 0.706304347826087 0.005510440835266821 0.004782608695652174
0 0.25029002320185617 0.7009782608695653 0.0063805104408352666 0.005869565217391304
0 0.5981728538283063 0.905 0.008410672853828306 0.00391304347826087
8 0.8326566125290024 0.7979347826086957 0.0075406032482598605 0.005
8 0.9050174013921114 0.7154347826086956 0.007830626450116009 0.007391304347826087
8 0.89834686774942 0.7089130434782609 0.007830626450116009 0.006956521739130435
8 0.9203886310904872 0.7233695652173913 0.008410672853828306 0.007173913043478261
8 0.9134280742459396 0.7533695652173913 0.007830626450116009 0.005434782608695652
8 0.8578886310904872 0.7404347826086957 0.01160092807424594 0.011304347826086957
0 0.38819605568445475 0.15782608695652173 0.010730858468677494 0.0052173913043478265
0 0.5836716937354989 0.09271739130434782 0.0095707656612529 0.006739130434782609
1 0.6948955916473318 0.16532608695652173 0.004640371229698376 0.002826086956521739
1 0.7353538283062645 0.22728260869565217 0.004350348027842227 0.004130434782608695
1 0.7534802784222738 0.48630434782608695 0.005220417633410673 0.006521739130434782
1 0.4047273781902552 0.9315217391304348 0.006670533642691415 0.004782608695652174
1 0.10730858468677494 0.6990217391304347 0.00580046403712297 0.004130434782608695
1 0.10556844547563805 0.6771739130434783 0.00580046403712297 0.004782608695652174
0 0.44939095127610207 0.23434782608695653 0.007830626450116009 0.008695652173913044
0 0.4240139211136891 0.21467391304347827 0.005220417633410673 0.007173913043478261
0 0.416038283062645 0.1967391304347826 0.007830626450116009 0.004782608695652174
0 0.6123839907192575 0.26369565217391305 0.008410672853828306 0.006956521739130435
0 0.503915313225058 0.27869565217391307 0.006670533642691415 0.00608695652173913
1 0.9578016241299304 0.654891304347826 0.004930394431554524 0.004565217391304348
8 0.966792343387471 0.6583695652173913 0.005510440835266821 0.008913043478260869
1 0.21809744779582366 0.8540217391304348 0.0063805104408352666 0.0036956521739130435
1 0.20417633410672853 0.8358695652173913 0.009860788863109048 0.0052173913043478265
0 0.08947215777262181 0.6102173913043478 0.006090487238979118 0.007391304347826087
0 0.08874709976798144 0.6195652173913043 0.0069605568445475635 0.006956521739130435
1 0.23883410672853828 0.6075 0.008410672853828306 0.006304347826086957
1 0.31844547563805103 0.7344565217391305 0.004060324825986079 0.003260869565217391