8 0.253915313225058 0.5975 0.008990719257540603 0.007608695652173913
8 0.261745939675174 0.8095652173913044 0.01769141531322506 0.011739130434782608
2 0.33773201856148494 0.8291304347826087 0.024651972157772623 0.023043478260869565
2 0.5932424593967517 0.8631521739130434 0.01131090487238979 0.008043478260869565
2 0.6067285382830626 0.8622826086956522 0.01334106728538283 0.009347826086956522
2 0.5871519721577726 0.8748913043478261 0.020591647331786544 0.012826086956521739
8 0.7995939675174014 0.5779347826086957 0.020301624129930394 0.012826086956521739
0 0.785092807424594 0.6096739130434783 0.016241299303944315 0.012826086956521739
0 0.8432424593967517 0.5883695652173913 0.027552204176334107 0.01717391304347826
8 0.7718967517401392 0.7982608695652174 0.01537122969837587 0.016956521739130436
2 0.29712877030162416 0.8089130434782609 0.01769141531322506 0.021304347826086957
3 0.3977668213457077 0.48206521739130437 0.013051044083526682 0.009782608695652175
3 0.5765661252900232 0.45304347826086955 0.0075406032482598605 0.009565217391304347
3 0.5909222737819025 0.4625 0.011890951276102088 0.009347826086956522
3 0.6497969837587007 0.4673913043478261 0.014211136890951276 0.017391304347826087
3 0.8493329466357309 0.4657608695652174 0.03625290023201856 0.020652173913043477
3 0.8586136890951276 0.48793478260869566 0.008990719257540603 0.007173913043478261
3 0.9254640371229699 0.47445652173913044 0.0063805104408352666 0.007173913043478261
3 0.9157482598607889 0.4557608695652174 0.005510440835266821 0.005434782608695652
3 0.2476798143851508 0.47043478260869565 0.02088167053364269 0.011739130434782608
3 0.24463457076566125 0.48228260869565215 0.015951276102088168 0.009782608695652175
3 0.26435614849187933 0.48195652173913045 0.022331786542923435 0.01217391304347826
1 0.18169953596287702 0.47206521739130436 0.008990719257540603 0.005434782608695652
1 0.08526682134570766 0.45695652173913043 0.0063805104408352666 0.004782608695652174
3 0.1519721577726218 0.41706521739130437 0.03944315545243619 0.021956521739130434
3 0.10817865429234338 0.4245652173913044 0.014501160092807424 0.013043478260869565
3 0.3091647331786543 0.47782608695652173 0.015661252900232018 0.014782608695652174
3 0.7723317865429234 0.5028260869565218 0.026102088167053363 0.01652173913043478
3 0.7732018561484919 0.4842391304347826 0.012180974477958236 0.008913043478260869
0 0.6767691415313225 0.16043478260869565 0.01943155452436195 0.014347826086956521
8 0.6109338747099768 0.12934782608695652 0.0095707656612529 0.006521739130434782
8 0.3310614849187935 0.1441304347826087 0.004930394431554524 0.00391304347826087
0 0.25406032482598606 0.5717391304347826 0.020301624129930394 0.01391304347826087
3 0.1103538283062645 0.39315217391304347 0.01131090487238979 0.014130434782608696
2 0.7176624129930395 0.8191304347826087 0.014211136890951276 0.010434782608695653
2 0.7008410672853829 0.8358695652173913 0.015951276102088168 0.01391304347826087
2 0.6104988399071926 0.8784782608695653 0.01334106728538283 0.010434782608695653
0 0.20345127610208816 0.5525 0.010730858468677494 0.008478260869565218
1 0.20533642691415313 0.5403260869565217 0.0063805104408352666 0.004565217391304348
2 0.7233178654292344 0.7875 0.009280742459396751 0.008913043478260869
8 0.25304524361948955 0.2107608695652174 0.013051044083526682 0.009782608695652175
8 0.0738109048723898 0.3032608695652174 0.010150812064965197 0.011739130434782608
8 0.6780742459396751 0.041304347826086954 0.015081206496519721 0.007391304347826087
1 0.890516241299304 0.4783695652173913 0.007250580046403712 0.005
8 0.7505800464037123 0.7421739130434782 0.01160092807424594 0.012608695652173913
8 0.3151102088167053 0.8979347826086956 0.007250580046403712 0.005434782608695652
8 0.0855568445475638 0.5980434782608696 0.008120649651972157 0.00782608695652174
8 0.15110208816705337 0.6447826086956522 0.014501160092807424 0.01217391304347826
8 0.1537122969837587 0.6539130434782608 0.0075406032482598605 0.006956521739130435
0 0.49622969837587005 0.32304347826086954 0.015081206496519721 0.01608695652173913
0 0.18198955916473317 0.2465217391304348 0.01537122969837587 0.016956521739130436
0 0.2476798143851508 0.6167391304347826 0.012180974477958236 0.007391304347826087
0 0.25710556844547566 0.6308695652173913 0.008410672853828306 0.005652173913043478
8 0.37195475638051045 0.09695652173913044 0.010150812064965197 0.01
0 0.8600638051044084 0.6104347826086957 0.024651972157772623 0.023478260869565216
0 0.4904292343387471 0.5271739130434783 0.015081206496519721 0.012608695652173913
8 0.7582656612529002 0.8809782608695652 0.010150812064965197 0.008913043478260869
8 0.12180974477958237 0.7056521739130435 0.0063805104408352666 0.007391304347826087
