8 0.19054524361948955 0.1642391304347826 0.012761020881670533 0.011956521739130435
8 0.15327726218097448 0.27543478260869564 0.026392111368909513 0.019130434782608695
8 0.23578886310904873 0.1642391304347826 0.017981438515081206 0.012391304347826086
9 0.7066415313225058 0.11217391304347826 0.015951276102088168 0.009130434782608696
9 0.7282482598607889 0.13130434782608696 0.01160092807424594 0.00608695652173913
9 0.7920533642691415 0.09989130434782609 0.021461716937354988 0.012391304347826086
8 0.6888051044083526 0.11684782608695653 0.015661252900232018 0.009782608695652175
6 0.6879350348027842 0.1691304347826087 0.009280742459396751 0.006521739130434782
7 0.8580336426914154 0.20652173913043478 0.0287122969837587 0.023478260869565216
9 0.943445475638051 0.2933695652173913 0.010440835266821345 0.011521739130434782
8 0.9369199535962877 0.2831521739130435 0.010730858468677494 0.009782608695652175
9 0.9066125290023201 0.36880434782608695 0.010440835266821345 0.010217391304347826
9 0.8313515081206496 0.28652173913043477 0.013631090487238979 0.009130434782608696
6 0.6772041763341067 0.15130434782608695 0.009860788863109048 0.006956521739130435
6 0.6297853828306265 0.13119565217391305 0.008990719257540603 0.006739130434782609
3 0.09483758700696056 0.48978260869565216 0.008700696055684454 0.00826086956521739
3 0.07758120649651973 0.4973913043478261 0.007250580046403712 0.00782608695652174
3 0.0732308584686775 0.5063043478260869 0.029872389791183295 0.030869565217391304
3 0.07004060324825986 0.4698913043478261 0.007250580046403712 0.006739130434782609
3 0.06482018561484919 0.45619565217391306 0.012470997679814385 0.012826086956521739
3 0.23694895591647333 0.5072826086956522 0.01740139211136891 0.007608695652173913
3 0.9125580046403712 0.4951086956521739 0.015951276102088168 0.012826086956521739
3 0.9264791183294664 0.5246739130434782 0.013051044083526682 0.015869565217391305
3 0.9483758700696056 0.5384782608695652 0.012180974477958236 0.013043478260869565
3 0.9251740139211136 0.5464130434782609 0.02262180974477958 0.013695652173913043
3 0.9435904872389791 0.5529347826086957 0.016531322505800465 0.01717391304347826
3 0.8287412993039444 0.5467391304347826 0.05945475638051044 0.021739130434782608
3 0.7582656612529002 0.5470652173913043 0.020591647331786544 0.012826086956521739
7 0.7233178654292344 0.6015217391304348 0.021461716937354988 0.022608695652173914
8 0.695185614849188 0.7259782608695652 0.019721577726218097 0.012826086956521739
8 0.5413283062645011 0.1632608695652174 0.016531322505800465 0.015217391304347827
1 0.7017111368909513 0.09771739130434783 0.010730858468677494 0.006739130434782609
6 0.25087006960556846 0.1701086956521739 0.009280742459396751 0.005434782608695652
3 0.24738979118329466 0.2058695652173913 0.011020881670533642 0.011304347826086957
3 0.25928074245939675 0.20032608695652174 0.008120649651972157 0.009347826086956522
3 0.2672563805104408 0.23945652173913043 0.010150812064965197 0.010217391304347826
1 0.3185904872389791 0.23380434782608694 0.008990719257540603 0.009782608695652175
8 0.5323375870069605 0.3005434782608696 0.01769141531322506 0.015
8 0.48680394431554525 0.3768478260869565 0.010150812064965197 0.007608695652173913
3 0.41516821345707655 0.47293478260869565 0.0095707656612529 0.014130434782608696
3 0.35556844547563804 0.42369565217391303 0.01160092807424594 0.010869565217391304
6 0.4332946635730858 0.7126086956521739 0.011020881670533642 0.006956521739130435
8 0.597737819025522 0.8884782608695653 0.02262180974477958 0.024782608695652172
8 0.31786542923433875 0.8630434782608696 0.03306264501160093 0.02608695652173913
9 0.19605568445475638 0.7959782608695652 0.0075406032482598605 0.005
8 0.09208236658932714 0.7422826086956522 0.014791183294663572 0.014130434782608696
3 0.0574245939675174 0.5314130434782609 0.015081206496519721 0.02108695652173913
3 0.13370069605568446 0.5395652173913044 0.011020881670533642 0.00782608695652174
3 0.125 0.5451086956521739 0.00580046403712297 0.004565217391304348
3 0.8995069605568445 0.5745652173913044 0.01769141531322506 0.014347826086956521
3 0.8246809744779582 0.4443478260869565 0.012470997679814385 0.00782608695652174
7 0.8072795823665894 0.40956521739130436 0.011890951276102088 0.00608695652173913
7 0.8109048723897911 0.4056521739130435 0.0069605568445475635 0.0052173913043478265
7 0.8154002320185615 0.41380434782608694 0.007830626450116009 0.006304347826086957
7 0.8101798143851509 0.4171739130434783 0.007250580046403712 0.004347826086956522
7 0.8069895591647331 0.41489130434782606 0.006670533642691415 0.005
7 0.800899071925754 0.41695652173913045 0.006670533642691415 0.00391304347826087
7 0.8069895591647331 0.4232608695652174 0.005510440835266821 0.0034782608695652175
7 0.7827726218097448 0.4116304347826087 0.0075406032482598605 0.005
3 0.8609338747099768 0.38467391304347825 0.018271461716937356 0.012826086956521739
4 0.9692575406032483 0.3532608695652174 0.008120649651972157 0.017826086956521738
9 0.4380800464037123 0.31782608695652176 0.01131090487238979 0.006956521739130435
1 0.28175754060324826 0.13065217391304348 0.006670533642691415 0.004782608695652174
0 0.6622679814385151 0.7094565217391304 0.01943155452436195 0.019782608695652175
0 0.29756380510440833 0.6147826086956522 0.021461716937354988 0.01391304347826087
0 0.2742169373549884 0.6605434782608696 0.024071925754060326 0.015434782608695652
0 0.24390951276102088 0.6917391304347826 0.02668213457076566 0.006956521739130435
3 0.570330626450116 0.5123913043478261 0.018271461716937356 0.01956521739130435
3 0.8993619489559165 0.5258695652173913 0.04060324825986079 0.019130434782608695
3 0.9308294663573086 0.48228260869565215 0.015951276102088168 0.011521739130434782
3 0.9073375870069605 0.4558695652173913 0.01131090487238979 0.0052173913043478265
3 0.8987819025522041 0.45304347826086955 0.01334106728538283 0.00826086956521739
3 0.9549013921113689 0.45858695652173914 0.005510440835266821 0.009347826086956522
1 0.9202436194895591 0.4078260869565217 0.010440835266821345 0.00826086956521739
8 0.773491879350348 0.2644565217391304 0.0063805104408352666 0.005
1 0.6532772621809745 0.22945652173913045 0.007250580046403712 0.005434782608695652
3 0.26145591647331784 0.5418478260869565 0.013051044083526682 0.008913043478260869
3 0.26899651972157773 0.5478260869565217 0.010150812064965197 0.007391304347826087
8 0.13254060324825986 0.801304347826087 0.0075406032482598605 0.005652173913043478
8 0.7466647331786543 0.8834782608695653 0.008990719257540603 0.006956521739130435
0 0.4801334106728538 0.5801086956521739 0.01769141531322506 0.01934782608695652
0 0.486368909512761 0.5927173913043479 0.016821345707656612 0.020217391304347826
8 0.5250870069605569 0.2415217391304348 0.006090487238979118 0.0052173913043478265
0 0.3655742459396752 0.7167391304347827 0.013631090487238979 0.018695652173913044
1 0.29350348027842227 0.13956521739130434 0.00580046403712297 0.004347826086956522
8 0.30655452436194897 0.15217391304347827 0.0069605568445475635 0.004782608695652174
6 0.4053074245939675 0.07445652173913044 0.007250580046403712 0.004565217391304348
6 0.7621809744779582 0.18782608695652173 0.00580046403712297 0.004347826086956522
1 0.6207946635730859 0.2743478260869565 0.004930394431554524 0.0034782608695652175
6 0.7204176334106729 0.14478260869565218 0.0063805104408352666 0.0052173913043478265
8 0.7761020881670534 0.15293478260869564 0.018561484918793503 0.011956521739130435
8 0.9327146171693735 0.2490217391304348 0.020301624129930394 0.015434782608695652
8 0.8739849187935035 0.6705434782608696 0.013051044083526682 0.011956521739130435
8 0.8539733178654292 0.6873913043478261 0.024071925754060326 0.018260869565217393
8 0.16574825986078887 0.8076086956521739 0.010150812064965197 0.008695652173913044
0 0.5163863109048724 0.7366304347826087 0.010730858468677494 0.010652173913043479
0 0.5729408352668214 0.7435869565217391 0.007250580046403712 0.015
0 0.5825116009280742 0.7556521739130435 0.015951276102088168 0.018695652173913044
0 0.5962877030162413 0.7585869565217391 0.024361948955916472 0.03195652173913043
0 0.4736078886310905 0.7415217391304347 0.02320185614849188 0.010869565217391304
0 0.4831786542923434 0.7323913043478261 0.01160092807424594 0.00608695652173913
0 0.49303944315545245 0.7241304347826087 0.03480278422273782 0.02434782608695652
0 0.4163283062645012 0.5940217391304348 0.043793503480278426 0.03108695652173913
1 0.5775812064965197 0.48543478260869566 0.005510440835266821 0.004782608695652174
1 0.5935324825986079 0.4856521739130435 0.006670533642691415 0.00608695652173913
1 0.6028132250580046 0.48684782608695654 0.005510440835266821 0.004565217391304348
1 0.632830626450116 0.5339130434782609 0.00580046403712297 0.004782608695652174
0 0.7457946635730859 0.6875 0.018851508120649653 0.015869565217391305
1 0.7536252900232019 0.7495652173913043 0.006670533642691415 0.004782608695652174
0 0.3792053364269142 0.6065217391304348 0.017111368909512762 0.01608695652173913
0 0.5595997679814385 0.6990217391304347 0.011890951276102088 0.008478260869565218
0 0.578161252900232 0.7040217391304348 0.010730858468677494 0.008478260869565218
0 0.5720707656612529 0.6972826086956522 0.008990719257540603 0.006304347826086957
0 0.5942575406032483 0.7043478260869566 0.02320185614849188 0.017826086956521738
0 0.44968097447795824 0.6922826086956522 0.008990719257540603 0.006739130434782609
0 0.45881670533642693 0.6966304347826087 0.013921113689095127 0.008043478260869565
0 0.40385730858468677 0.6941304347826087 0.016531322505800465 0.009130434782608696
8 0.13921113689095127 0.15304347826086956 0.012180974477958236 0.01217391304347826
1 0.34933294663573083 0.0967391304347826 0.006670533642691415 0.004782608695652174
0 0.7624709976798144 0.6513043478260869 0.0191415313225058 0.013478260869565217
0 0.7494199535962877 0.6566304347826087 0.015081206496519721 0.010217391304347826
8 0.7817575406032483 0.8616304347826087 0.0095707656612529 0.007173913043478261