8 0.5756960556844548 0.16847826086956522 0.011020881670533642 0.008695652173913044
0 0.550899071925754 0.19260869565217392 0.012470997679814385 0.009130434782608696
0 0.43314965197215777 0.22945652173913045 0.015951276102088168 0.012391304347826086
0 0.449245939675174 0.24119565217391303 0.02320185614849188 0.023695652173913045
0 0.429669373549884 0.2541304347826087 0.015951276102088168 0.012608695652173913
0 0.48158352668213456 0.24956521739130436 0.0095707656612529 0.004782608695652174
8 0.37978538283062646 0.22858695652173913 0.010150812064965197 0.007608695652173913
1 0.33149651972157773 0.205 0.0063805104408352666 0.004782608695652174
1 0.3255510440835267 0.20902173913043479 0.007250580046403712 0.004565217391304348
1 0.4060324825986079 0.09826086956521739 0.0075406032482598605 0.0052173913043478265
1 0.4779582366589327 0.1216304347826087 0.008120649651972157 0.006739130434782609
8 0.5321925754060325 0.16793478260869565 0.008120649651972157 0.007608695652173913
1 0.429669373549884 0.1673913043478261 0.007830626450116009 0.006521739130434782
0 0.5002900232018561 0.3602173913043478 0.016821345707656612 0.010869565217391304
8 0.20127610208816704 0.5856521739130435 0.03074245939675174 0.025652173913043478
0 0.26609628770301624 0.5906521739130435 0.010730858468677494 0.010434782608695653
0 0.31685034802784223 0.5947826086956521 0.010730858468677494 0.009565217391304347
6 0.324245939675174 0.5896739130434783 0.004640371229698376 0.004130434782608695
8 0.22375290023201855 0.7506521739130435 0.024071925754060326 0.017391304347826087
9 0.2004060324825986 0.7754347826086957 0.015081206496519721 0.013478260869565217
0 0.19852088167053364 0.7079347826086957 0.020591647331786544 0.01717391304347826
4 0.8850058004640371 0.5189130434782608 0.010730858468677494 0.011304347826086957
8 0.9048723897911833 0.6189130434782608 0.015661252900232018 0.013043478260869565
0 0.7718967517401392 0.6217391304347826 0.020591647331786544 0.011739130434782608
8 0.6789443155452436 0.9144565217391304 0.012180974477958236 0.011521739130434782
8 0.6612529002320185 0.9234782608695652 0.015661252900232018 0.013478260869565217
9 0.37819025522041766 0.88 0.017981438515081206 0.012608695652173913
6 0.42241879350348027 0.8865217391304347 0.005510440835266821 0.00391304347826087
8 0.4019721577726218 0.9090217391304348 0.0075406032482598605 0.005869565217391304
1 0.4488109048723898 0.9206521739130434 0.005510440835266821 0.004347826086956522
6 0.5475638051044084 0.8757608695652174 0.005220417633410673 0.002826086956521739
6 0.5375580046403712 0.876195652173913 0.0037703016241299302 0.002391304347826087
6 0.5268271461716937 0.8851086956521739 0.005510440835266821 0.004565217391304348
6 0.5446635730858469 0.8908695652173914 0.00580046403712297 0.00391304347826087
6 0.5472737819025522 0.894891304347826 0.005220417633410673 0.002826086956521739
6 0.6711136890951276 0.8593478260869565 0.005220417633410673 0.00391304347826087
6 0.6806844547563805 0.8555434782608695 0.004060324825986079 0.002826086956521739
0 0.8387470997679815 0.716304347826087 0.009280742459396751 0.010434782608695653
0 0.8014791183294664 0.7247826086956521 0.0095707656612529 0.00608695652173913
0 0.8386020881670534 0.6581521739130435 0.006670533642691415 0.007608695652173913
0 0.8084396751740139 0.6022826086956522 0.013051044083526682 0.008478260869565218
0 0.8259860788863109 0.6367391304347826 0.01740139211136891 0.01608695652173913
0 0.9256090487238979 0.6076086956521739 0.010150812064965197 0.013043478260869565
0 0.8335266821345708 0.6236956521739131 0.012180974477958236 0.013478260869565217
0 0.8454176334106729 0.6254347826086957 0.010440835266821345 0.011739130434782608
0 0.6547273781902552 0.5246739130434782 0.011890951276102088 0.015869565217391305
8 0.26421113689095127 0.19532608695652173 0.037703016241299306 0.025
8 0.8093097447795824 0.19695652173913045 0.012470997679814385 0.011304347826086957
0 0.9245939675174014 0.3531521739130435 0.008700696055684454 0.016739130434782607
3 0.9312645011600929 0.4454347826086957 0.008700696055684454 0.012608695652173913
0 0.8136600928074246 0.7589130434782608 0.004350348027842227 0.00608695652173913
0 0.6321055684454756 0.2629347826086956 0.006090487238979118 0.007608695652173913
1 0.33642691415313225 0.21347826086956523 0.0075406032482598605 0.00608695652173913
0 0.5558294663573086 0.36119565217391303 0.04437354988399072 0.013695652173913043
3 0.16284802784222738 0.5085869565217391 0.018271461716937356 0.017608695652173913
1 0.685469837587007 0.8976086956521739 0.007830626450116009 0.005652173913043478
1 0.7185324825986079 0.9079347826086956 0.0095707656612529 0.010217391304347826
8 0.7373839907192575 0.9230434782608695 0.012470997679814385 0.011739130434782608
6 0.3629640371229698 0.5832608695652174 0.005510440835266821 0.004347826086956522
6 0.35368329466357307 0.5928260869565217 0.004930394431554524 0.004347826086956522
6 0.337877030162413 0.601195652173913 0.00580046403712297 0.004130434782608695
6 0.33903712296983757 0.6134782608695653 0.004640371229698376 0.0034782608695652175
6 0.3288863109048724 0.6031521739130434 0.0063805104408352666 0.005434782608695652
6 0.4053074245939675 0.5329347826086956 0.004930394431554524 0.0036956521739130435
6 0.4911542923433875 0.5839130434782609 0.005510440835266821 0.0052173913043478265
6 0.536977958236659 0.565 0.007830626450116009 0.00608695652173913
0 0.15284222737819025 0.6647826086956522 0.009280742459396751 0.010434782608695653
0 0.15791763341067286 0.6807608695652174 0.0095707656612529 0.006304347826086957
0 0.20113109048723898 0.6369565217391304 0.007830626450116009 0.007391304347826087
0 0.19228538283062646 0.6246739130434783 0.01160092807424594 0.007173913043478261
0 0.5529292343387471 0.23326086956521738 0.010150812064965197 0.00608695652173913
6 0.554669373549884 0.2325 0.0037703016241299302 0.003260869565217391
0 0.615284222737819 0.21956521739130436 0.020011600928074247 0.011304347826086957
0 0.613254060324826 0.20119565217391305 0.029872389791183295 0.01108695652173913
0 0.5923723897911833 0.22195652173913044 0.021751740139211138 0.009130434782608696
0 0.619199535962877 0.23467391304347826 0.011020881670533642 0.006739130434782609
0 0.6155742459396751 0.2523913043478261 0.01537122969837587 0.009130434782608696
0 0.615284222737819 0.24206521739130435 0.013051044083526682 0.006739130434782609
8 0.6474767981438515 0.15032608695652175 0.01943155452436195 0.013695652173913043
6 0.642546403712297 0.17652173913043478 0.004350348027842227 0.0034782608695652175
1 0.9177784222737819 0.3922826086956522 0.006670533642691415 0.006304347826086957
0 0.7982888631090487 0.7056521739130435 0.015951276102088168 0.013478260869565217
0 0.8109048723897911 0.6740217391304347 0.017981438515081206 0.015434782608695652
8 0.8697795823665894 0.8276086956521739 0.016241299303944315 0.01565217391304348
8 0.25275522041763343 0.8031521739130435 0.018851508120649653 0.012826086956521739
0 0.2494199535962877 0.7148913043478261 0.020301624129930394 0.018043478260869564
0 0.22331786542923435 0.7059782608695652 0.009860788863109048 0.007608695652173913
0 0.2600058004640371 0.7232608695652174 0.0095707656612529 0.004782608695652174
0 0.2798723897911833 0.7184782608695652 0.009860788863109048 0.00826086956521739
0 0.16531322505800464 0.663804347826087 0.00580046403712297 0.006739130434782609
0 0.27175174013921116 0.6230434782608696 0.015081206496519721 0.009565217391304347
0 0.3707946635730858 0.5558695652173913 0.008990719257540603 0.00826086956521739
8 0.10208816705336426 0.4330434782608696 0.009280742459396751 0.009565217391304347
0 0.4757830626450116 0.7106521739130435 0.014791183294663572 0.00826086956521739
6 0.5184164733178654 0.7068478260869565 0.005510440835266821 0.0036956521739130435
6 0.49521461716937354 0.538695652173913 0.006670533642691415 0.0052173913043478265
6 0.5321925754060325 0.4881521739130435 0.0069605568445475635 0.005869565217391304
6 0.5129060324825986 0.5251086956521739 0.006090487238979118 0.005
0 0.46041183294663574 0.3755434782608696 0.012470997679814385 0.006739130434782609
7 0.18837006960556846 0.40902173913043477 0.005510440835266821 0.003260869565217391
0 0.09382250580046404 0.3859782608695652 0.010150812064965197 0.03282608695652174
1 0.28175754060324826 0.21641304347826087 0.006670533642691415 0.005434782608695652
1 0.28683294663573083 0.2083695652173913 0.004640371229698376 0.003260869565217391
1 0.2861078886310905 0.11923913043478261 0.01131090487238979 0.007173913043478261
1 0.45258120649651973 0.18271739130434783 0.006670533642691415 0.004565217391304348
1 0.6060034802784223 0.3106521739130435 0.004930394431554524 0.004782608695652174
0 0.5237819025522041 0.36239130434782607 0.009280742459396751 0.0052173913043478265
0 0.4796983758700696 0.37119565217391304 0.009280742459396751 0.007608695652173913
6 0.46606728538283065 0.38717391304347826 0.004640371229698376 0.003043478260869565
0 0.511600928074246 0.5442391304347826 0.010440835266821345 0.008913043478260869
0 0.5052204176334106 0.5391304347826087 0.013921113689095127 0.013043478260869565
0 0.2991589327146172 0.5796739130434783 0.014211136890951276 0.006304347826086957
0 0.29669373549883993 0.5889130434782609 0.01160092807424594 0.010869565217391304
0 0.1980858468677494 0.6805434782608696 0.01160092807424594 0.014565217391304348
8 0.132830626450116 0.6943478260869566 0.015081206496519721 0.019130434782608695
0 0.166038283062645 0.7270652173913044 0.026392111368909513 0.02326086956521739
0 0.26943155452436196 0.7267391304347826 0.0069605568445475635 0.0052173913043478265
0 0.17314385150812064 0.6378260869565218 0.018561484918793503 0.011304347826086957
0 0.23781902552204176 0.6465217391304348 0.008120649651972157 0.004347826086956522
0 0.8439675174013921 0.7721739130434783 0.011020881670533642 0.014347826086956521
0 0.8245359628770301 0.6889130434782609 0.008120649651972157 0.00391304347826087
1 0.7681264501160093 0.6685869565217392 0.007830626450116009 0.005434782608695652
0 0.8802204176334106 0.6236956521739131 0.0063805104408352666 0.00782608695652174
0 0.873114849187935 0.5959782608695652 0.0095707656612529 0.008043478260869565
0 0.9499709976798144 0.3865217391304348 0.005510440835266821 0.02
1 0.42821925754060325 0.39119565217391306 0.013051044083526682 0.008043478260869565
7 0.9640371229698376 0.2791304347826087 0.011020881670533642 0.010869565217391304
0 0.17778422273781902 0.6807608695652174 0.00580046403712297 0.009347826086956522
0 0.18909512761020883 0.6885869565217392 0.009280742459396751 0.012391304347826086
8 0.13138051044083526 0.7218478260869565 0.004640371229698376 0.004565217391304348
6 0.5133410672853829 0.5528260869565217 0.0069605568445475635 0.00608695652173913
1 0.6264501160092807 0.4920652173913043 0.009860788863109048 0.005869565217391304
5 0.18198955916473317 0.8145652173913044 0.020591647331786544 0.027391304347826086
6 0.38587587006960555 0.11978260869565217 0.004930394431554524 0.0034782608695652175
1 0.37775522041763343 0.0758695652173913 0.006670533642691415 0.0052173913043478265
6 0.46200696055684454 0.07065217391304347 0.0069605568445475635 0.004347826086956522
