8 0.3922563805104408 0.5233695652173913 0.016531322505800465 0.013260869565217392
6 0.3823955916473318 0.5453260869565217 0.013051044083526682 0.010217391304347826
6 0.3890661252900232 0.5659782608695653 0.013051044083526682 0.010652173913043479
6 0.6830046403712297 0.5664130434782608 0.009860788863109048 0.007173913043478261
6 0.6979408352668214 0.5866304347826087 0.0095707656612529 0.006304347826086957
6 0.6915603248259861 0.625 0.01131090487238979 0.008695652173913044
6 0.736223897911833 0.5925 0.010150812064965197 0.006739130434782609
6 0.6090487238979119 0.8955434782608696 0.008120649651972157 0.007173913043478261
6 0.5951276102088167 0.9029347826086956 0.0075406032482598605 0.006739130434782609
6 0.527262180974478 0.8739130434782608 0.005220417633410673 0.0052173913043478265
4 0.4831786542923434 0.16956521739130434 0.01160092807424594 0.010434782608695653
4 0.9240139211136891 0.4146739130434783 0.0069605568445475635 0.005869565217391304
1 0.7008410672853829 0.8302173913043478 0.010730858468677494 0.01
1 0.7291183294663574 0.832391304347826 0.009280742459396751 0.00826086956521739
1 0.7349187935034803 0.8456521739130435 0.0069605568445475635 0.005652173913043478
1 0.6390661252900232 0.8840217391304348 0.007250580046403712 0.007173913043478261
1 0.44910092807424595 0.9128260869565218 0.012470997679814385 0.009565217391304347
1 0.3486078886310905 0.851304347826087 0.01334106728538283 0.010434782608695653
1 0.3035092807424594 0.8392391304347826 0.008990719257540603 0.009347826086956522
1 0.27624709976798145 0.8659782608695652 0.007830626450116009 0.006739130434782609
1 0.3284512761020882 0.8895652173913043 0.007830626450116009 0.00782608695652174
1 0.3548433874709977 0.9004347826086957 0.006090487238979118 0.005652173913043478
1 0.33425174013921116 0.8722826086956522 0.004930394431554524 0.005
1 0.3011890951276102 0.8648913043478261 0.005510440835266821 0.004565217391304348
1 0.316415313225058 0.8447826086956521 0.008700696055684454 0.007391304347826087
1 0.3190255220417633 0.8801086956521739 0.005220417633410673 0.005434782608695652
1 0.32004060324825984 0.8714130434782609 0.007250580046403712 0.005869565217391304
1 0.324245939675174 0.8685869565217391 0.0063805104408352666 0.005869565217391304
1 0.3625290023201856 0.861195652173913 0.015081206496519721 0.010652173913043479
1 0.30771461716937354 0.8826086956521739 0.0063805104408352666 0.0052173913043478265
1 0.3470127610208817 0.9072826086956521 0.007830626450116009 0.007608695652173913
1 0.35165313225058004 0.9130434782608695 0.007250580046403712 0.00608695652173913
1 0.32685614849187933 0.9306521739130434 0.0063805104408352666 0.00608695652173913
1 0.464907192575406 0.9067391304347826 0.012180974477958236 0.009130434782608696
1 0.642691415313225 0.5531521739130435 0.012180974477958236 0.010652173913043479
1 0.6553074245939675 0.5484782608695652 0.010150812064965197 0.009130434782608696
1 0.66415313225058 0.5725 0.0075406032482598605 0.005869565217391304
1 0.6715487238979119 0.5622826086956522 0.008410672853828306 0.006739130434782609
6 0.3620939675174014 0.586304347826087 0.010150812064965197 0.006521739130434782
6 0.3551334106728538 0.6 0.007830626450116009 0.006956521739130435
6 0.34947795823665895 0.5930434782608696 0.008700696055684454 0.00782608695652174
7 0.6412412993039444 0.2326086956521739 0.04640371229698376 0.01956521739130435
4 0.8132250580046404 0.5183695652173913 0.017981438515081206 0.009782608695652175
3 0.16081786542923435 0.46293478260869564 0.018851508120649653 0.016304347826086956
3 0.12587006960556846 0.4767391304347826 0.0069605568445475635 0.010869565217391304
3 0.20823665893271462 0.47130434782608693 0.0063805104408352666 0.006521739130434782
3 0.4673723897911833 0.47054347826086956 0.008410672853828306 0.008913043478260869
3 0.7634860788863109 0.49717391304347824 0.008410672853828306 0.008695652173913044
3 0.8619489559164734 0.4702173913043478 0.013921113689095127 0.014782608695652174
3 0.8626740139211136 0.4951086956521739 0.012470997679814385 0.014130434782608696
3 0.8401972157772621 0.46597826086956523 0.02262180974477958 0.009782608695652175
3 0.87877030162413 0.49369565217391304 0.011020881670533642 0.011304347826086957
1 0.6828596287703016 0.7572826086956522 0.010730858468677494 0.006739130434782609
1 0.7198375870069605 0.7644565217391305 0.008700696055684454 0.009347826086956522
6 0.716792343387471 0.6769565217391305 0.0095707656612529 0.006956521739130435
1 0.7398491879350348 0.6993478260869566 0.009860788863109048 0.007391304347826087
1 0.7286832946635731 0.7309782608695652 0.007830626450116009 0.005434782608695652
1 0.7333236658932715 0.7652173913043478 0.008990719257540603 0.006956521739130435
1 0.5588747099767981 0.9108695652173913 0.0075406032482598605 0.006521739130434782
6 0.48578886310904873 0.8903260869565217 0.004640371229698376 0.004565217391304348
1 0.28117749419953597 0.8065217391304348 0.01131090487238979 0.009565217391304347
1 0.2750870069605568 0.7857608695652174 0.008410672853828306 0.007608695652173913
6 0.3114849187935035 0.6016304347826087 0.0075406032482598605 0.006739130434782609
6 0.5021751740139211 0.5446739130434782 0.014791183294663572 0.009782608695652175
6 0.5143561484918794 0.5314130434782609 0.005510440835266821 0.004130434782608695
6 0.45359628770301624 0.8840217391304348 0.0069605568445475635 0.005434782608695652
6 0.5459686774941995 0.8727173913043478 0.006090487238979118 0.004565217391304348
4 0.6564675174013921 0.8158695652173913 0.011890951276102088 0.011739130434782608
4 0.18285962877030162 0.6242391304347826 0.01131090487238979 0.007608695652173913
4 0.23636890951276102 0.638804347826087 0.0069605568445475635 0.005869565217391304
6 0.45519141531322505 0.05423913043478261 0.007250580046403712 0.006304347826086957
0 0.26508120649651973 0.22793478260869565 0.011020881670533642 0.006304347826086957
1 0.3689095127610209 0.17739130434782607 0.0075406032482598605 0.0052173913043478265
3 0.8539733178654292 0.38108695652173913 0.008990719257540603 0.008695652173913044
1 0.564385150812065 0.3269565217391304 0.005220417633410673 0.00391304347826087
1 0.4634570765661253 0.3216304347826087 0.004060324825986079 0.004565217391304348
6 0.4417053364269142 0.3309782608695652 0.0063805104408352666 0.005869565217391304
3 0.11499419953596288 0.4910869565217391 0.007830626450116009 0.011739130434782608
3 0.15675754060324826 0.5077173913043478 0.010150812064965197 0.009347826086956522
3 0.18401972157772623 0.48934782608695654 0.020011600928074247 0.01217391304347826
3 0.5571345707656613 0.4598913043478261 0.004640371229698376 0.006304347826086957
6 0.4031322505800464 0.5333695652173913 0.005220417633410673 0.004130434782608695
8 0.6570475638051044 0.6142391304347826 0.008990719257540603 0.005434782608695652
3 0.9229988399071926 0.5042391304347826 0.007250580046403712 0.01934782608695652
3 0.9306844547563805 0.5013043478260869 0.0034802784222737818 0.007391304347826087
1 0.32511600928074247 0.7814130434782609 0.009860788863109048 0.006304347826086957
1 0.38718097447795824 0.7060869565217391 0.0069605568445475635 0.004347826086956522
1 0.3468677494199536 0.6360869565217391 0.0069605568445475635 0.006521739130434782
1 0.3336716937354988 0.6426086956521739 0.004350348027842227 0.003043478260869565
1 0.2991589327146172 0.6476086956521739 0.007250580046403712 0.005652173913043478
1 0.3004640371229698 0.5890217391304348 0.00580046403712297 0.004130434782608695
8 0.44678074245939675 0.5918478260869565 0.017111368909512762 0.016304347826086956
1 0.49622969837587005 0.606195652173913 0.005220417633410673 0.004130434782608695
1 0.7192575406032483 0.8133695652173913 0.008120649651972157 0.007173913043478261
0 0.26087587006960555 0.6453260869565217 0.017111368909512762 0.011956521739130435
6 0.45678654292343385 0.9271739130434783 0.004640371229698376 0.004347826086956522
1 0.45591647331786544 0.35 0.008700696055684454 0.006521739130434782
9 0.4926044083526682 0.9064130434782609 0.013631090487238979 0.009347826086956522
1 0.38428074245939675 0.24130434782608695 0.002900232018561485 0.0026086956521739132
1 0.15501740139211137 0.5142391304347826 0.007250580046403712 0.004565217391304348
1 0.328161252900232 0.5413043478260869 0.0037703016241299302 0.003043478260869565
1 0.265661252900232 0.7579347826086956 0.009860788863109048 0.007608695652173913
1 0.7291183294663574 0.6808695652173913 0.004640371229698376 0.0034782608695652175
1 0.4488109048723898 0.33108695652173914 0.006670533642691415 0.005652173913043478
1 0.3931264501160093 0.508695652173913 0.004930394431554524 0.00391304347826087
7 0.6303654292343387 0.6241304347826087 0.010730858468677494 0.00826086956521739
6 0.5754060324825986 0.6523913043478261 0.009280742459396751 0.006521739130434782
6 0.6158642691415314 0.7423913043478261 0.005510440835266821 0.005652173913043478
8 0.3293213457076566 0.8640217391304348 0.006090487238979118 0.004565217391304348