8 0.5398781902552204 0.02423913043478261 0.016531322505800465 0.010652173913043479
8 0.5568445475638051 0.029130434782608697 0.012180974477958236 0.008695652173913044
8 0.41226798143851506 0.03956521739130435 0.013051044083526682 0.007391304347826087
9 0.4318445475638051 0.0782608695652174 0.016821345707656612 0.01391304347826087
9 0.4701276102088167 0.20565217391304347 0.02088167053364269 0.010869565217391304
9 0.5466937354988399 0.16293478260869565 0.017981438515081206 0.01108695652173913
9 0.5178364269141531 0.12380434782608696 0.013051044083526682 0.007608695652173913
9 0.5372679814385151 0.12108695652173913 0.01131090487238979 0.008695652173913044
9 0.4193735498839907 0.1323913043478261 0.01740139211136891 0.012608695652173913
8 0.2663863109048724 0.1191304347826087 0.006670533642691415 0.00608695652173913
8 0.25406032482598606 0.0966304347826087 0.009860788863109048 0.008478260869565218
8 0.27262180974477956 0.11228260869565218 0.009860788863109048 0.006304347826086957
4 0.14457656612529002 0.21782608695652175 0.007250580046403712 0.00608695652173913
6 0.6615429234338747 0.15369565217391304 0.008700696055684454 0.007391304347826087
1 0.6898201856148491 0.20456521739130434 0.007830626450116009 0.00608695652173913
9 0.5851218097447796 0.21913043478260869 0.0095707656612529 0.007391304347826087
0 0.5462587006960556 0.19804347826086957 0.01537122969837587 0.009130434782608696
6 0.5120359628770301 0.2501086956521739 0.008410672853828306 0.005869565217391304
8 0.44286542923433875 0.35706521739130437 0.016821345707656612 0.014130434782608696
9 0.5303074245939675 0.34630434782608693 0.015951276102088168 0.01217391304347826
8 0.45301624129930396 0.3164130434782609 0.015081206496519721 0.009347826086956522
8 0.45069605568445475 0.32967391304347826 0.012761020881670533 0.007608695652173913
1 0.5015951276102089 0.36478260869565216 0.012470997679814385 0.008695652173913044
9 0.5404582366589327 0.2831521739130435 0.01131090487238979 0.008478260869565218
8 0.20446635730858467 0.6130434782608696 0.015661252900232018 0.01
8 0.21490719257540603 0.5995652173913043 0.012761020881670533 0.006956521739130435
8 0.24506960556844548 0.6414130434782609 0.010440835266821345 0.008043478260869565
6 0.20954176334106728 0.5667391304347826 0.008410672853828306 0.006521739130434782
9 0.4053074245939675 0.6298913043478261 0.007250580046403712 0.005869565217391304
9 0.4084976798143852 0.623804347826087 0.004930394431554524 0.0036956521739130435
9 0.42299883990719256 0.6105434782608695 0.0095707656612529 0.006739130434782609
9 0.705046403712297 0.6881521739130435 0.009280742459396751 0.006304347826086957
9 0.6896751740139211 0.6798913043478261 0.009280742459396751 0.006739130434782609
6 0.6996809744779582 0.6803260869565217 0.007250580046403712 0.004565217391304348
8 0.7437645011600929 0.6518478260869566 0.008990719257540603 0.008913043478260869
8 0.7492749419953596 0.6322826086956522 0.006670533642691415 0.005869565217391304
9 0.781322505800464 0.6551086956521739 0.010440835266821345 0.007608695652173913
4 0.8645591647331786 0.5745652173913044 0.009280742459396751 0.01
4 0.8374419953596288 0.7307608695652174 0.006670533642691415 0.007608695652173913
4 0.5809164733178654 0.6930434782608695 0.009860788863109048 0.009130434782608696
8 0.5601798143851509 0.6847826086956522 0.007830626450116009 0.00608695652173913
9 0.49202436194895594 0.6516304347826087 0.0095707656612529 0.007608695652173913
4 0.4319895591647332 0.6792391304347826 0.013051044083526682 0.01717391304347826
8 0.3146751740139211 0.7202173913043478 0.009280742459396751 0.00826086956521739
9 0.2083816705336427 0.7416304347826087 0.008990719257540603 0.007608695652173913
8 0.19518561484918792 0.7241304347826087 0.012180974477958236 0.01
8 0.2743619489559165 0.7395652173913043 0.014501160092807424 0.01217391304347826
4 0.2906032482598608 0.7155434782608696 0.009280742459396751 0.005
9 0.20548143851508122 0.871195652173913 0.0287122969837587 0.026304347826086958
8 0.22099767981438515 0.8266304347826087 0.019721577726218097 0.013695652173913043
1 0.27102668213457076 0.8913043478260869 0.008990719257540603 0.007391304347826087
1 0.29408352668213456 0.8841304347826087 0.0069605568445475635 0.006521739130434782
1 0.2984338747099768 0.898804347826087 0.005220417633410673 0.005
0 0.3845707656612529 0.9160869565217391 0.012761020881670533 0.00608695652173913
0 0.36354408352668216 0.8726086956521739 0.010730858468677494 0.0052173913043478265
9 0.5584396751740139 0.5925 0.005510440835266821 0.004565217391304348
9 0.554814385150812 0.5945652173913043 0.00580046403712297 0.004347826086956522
9 0.5030452436194895 0.5898913043478261 0.010150812064965197 0.006739130434782609
6 0.4801334106728538 0.5559782608695653 0.007250580046403712 0.005
6 0.496084686774942 0.5665217391304348 0.008990719257540603 0.006521739130434782
6 0.4612819025522042 0.5839130434782609 0.007830626450116009 0.0052173913043478265
6 0.46983758700696054 0.5634782608695652 0.00580046403712297 0.00391304347826087
6 0.46374709976798145 0.5692391304347826 0.00580046403712297 0.004130434782608695
6 0.4607018561484919 0.5640217391304347 0.006090487238979118 0.0036956521739130435
6 0.4888341067285383 0.5628260869565217 0.005510440835266821 0.0034782608695652175
6 0.44620069605568446 0.5927173913043479 0.006090487238979118 0.004565217391304348
6 0.44112529002320183 0.5981521739130434 0.0075406032482598605 0.005434782608695652
6 0.4340197215777262 0.5689130434782609 0.007830626450116009 0.005652173913043478
6 0.43677494199535966 0.5788043478260869 0.00580046403712297 0.004130434782608695
3 0.4171983758700696 0.5261956521739131 0.008410672853828306 0.007173913043478261
3 0.40632250580046403 0.5422826086956521 0.002900232018561485 0.002826086956521739
3 0.39167633410672853 0.5514130434782609 0.0020301624129930394 0.0015217391304347826
9 0.16125290023201855 0.683695652173913 0.01160092807424594 0.009565217391304347
9 0.19069025522041763 0.8377173913043479 0.007250580046403712 0.006739130434782609
4 0.043068445475638054 0.4141304347826087 0.007250580046403712 0.011739130434782608
4 0.07642111368909513 0.36641304347826087 0.008990719257540603 0.013695652173913043
9 0.1541473317865429 0.1857608695652174 0.007250580046403712 0.006739130434782609
8 0.21374709976798145 0.12554347826086956 0.018561484918793503 0.014565217391304348
1 0.34324245939675174 0.0808695652173913 0.007830626450116009 0.004782608695652174
1 0.3703596287703016 0.10478260869565217 0.0063805104408352666 0.004782608695652174
1 0.30582946635730857 0.12467391304347826 0.008990719257540603 0.006304347826086957
6 0.5658352668213457 0.33652173913043476 0.008700696055684454 0.006956521739130435
6 0.4026972157772622 0.4558695652173913 0.006090487238979118 0.004347826086956522
6 0.4183584686774942 0.4514130434782609 0.005510440835266821 0.0036956521739130435
8 0.5843967517401392 0.19282608695652173 0.016241299303944315 0.009565217391304347
6 0.5894721577726219 0.09902173913043479 0.005510440835266821 0.004130434782608695
6 0.6215197215777262 0.1233695652173913 0.004060324825986079 0.003260869565217391
1 0.36281902552204176 0.18217391304347827 0.008120649651972157 0.006956521739130435
8 0.2758120649651972 0.577391304347826 0.009860788863109048 0.006956521739130435
8 0.3114849187935035 0.5732608695652174 0.008120649651972157 0.006956521739130435
0 0.6740139211136891 0.8390217391304348 0.0034802784222737818 0.0036956521739130435
1 0.7923433874709976 0.5969565217391304 0.009280742459396751 0.00826086956521739
8 0.5932424593967517 0.0391304347826087 0.01131090487238979 0.006956521739130435
4 0.6993909512761021 0.09913043478260869 0.012470997679814385 0.012608695652173913
0 0.5816415313225058 0.155 0.007250580046403712 0.00391304347826087
8 0.5068155452436195 0.5541304347826087 0.007250580046403712 0.0052173913043478265
9 0.5656902552204176 0.5290217391304348 0.006670533642691415 0.005
9 0.7262180974477959 0.7504347826086957 0.005220417633410673 0.0052173913043478265
9 0.5266821345707656 0.8914130434782609 0.008700696055684454 0.006304347826086957
1 0.3383120649651972 0.2625 0.010730858468677494 0.007173913043478261
0 0.8425174013921114 0.5108695652173914 0.0063805104408352666 0.00826086956521739
0 0.19620069605568446 0.6430434782608696 0.005510440835266821 0.005652173913043478
0 0.21432714617169374 0.6641304347826087 0.0063805104408352666 0.005652173913043478
0 0.20635150812064965 0.6766304347826086 0.006090487238979118 0.005869565217391304
0 0.738399071925754 0.7383695652173913 0.00580046403712297 0.003260869565217391
8 0.1767691415313225 0.21717391304347827 0.007250580046403712 0.007391304347826087
1 0.2990139211136891 0.2132608695652174 0.004640371229698376 0.004347826086956522
1 0.2858178654292343 0.20217391304347826 0.0037703016241299302 0.0026086956521739132
0 0.38254060324825984 0.1565217391304348 0.0069605568445475635 0.0052173913043478265
6 0.3552784222737819 0.1265217391304348 0.004060324825986079 0.003043478260869565
1 0.6703886310904872 0.1998913043478261 0.005510440835266821 0.005434782608695652
8 0.38689095127610207 0.2816304347826087 0.015661252900232018 0.010652173913043479
1 0.4206786542923434 0.31315217391304345 0.008990719257540603 0.007608695652173913
8 0.057279582366589324 0.3933695652173913 0.0095707656612529 0.006739130434782609
6 0.22331786542923435 0.6168478260869565 0.005220417633410673 0.0036956521739130435
8 0.18010440835266822 0.6319565217391304 0.0075406032482598605 0.00608695652173913
8 0.4345997679814385 0.6146739130434783 0.013631090487238979 0.010217391304347826
6 0.46142691415313225 0.5755434782608696 0.008120649651972157 0.006304347826086957
1 0.6677784222737819 0.7670652173913044 0.005510440835266821 0.004130434782608695
8 0.7182424593967517 0.7541304347826087 0.007250580046403712 0.005652173913043478
1 0.3206206496519722 0.19684782608695653 0.007830626450116009 0.005869565217391304
1 0.650377030162413 0.2475 0.007250580046403712 0.005
6 0.6566125290023201 0.5831521739130435 0.008120649651972157 0.006304347826086957
8 0.6808294663573086 0.6910869565217391 0.008410672853828306 0.00782608695652174
1 0.251885150812065 0.8672826086956522 0.004350348027842227 0.004565217391304348
8 0.15791763341067286 0.7525 0.011890951276102088 0.014565217391304348
1 0.4788283062645012 0.14315217391304347 0.0063805104408352666 0.004130434782608695
1 0.5439385150812065 0.6295652173913043 0.008990719257540603 0.007391304347826087
6 0.5245069605568445 0.9258695652173913 0.007830626450116009 0.0052173913043478265
0 0.5535092807424594 0.9234782608695652 0.010150812064965197 0.006521739130434782
6 0.42662412993039445 0.8760869565217392 0.00580046403712297 0.004347826086956522
1 0.3880510440835267 0.8775 0.00580046403712297 0.004130434782608695
9 0.5075406032482599 0.6406521739130435 0.008700696055684454 0.006956521739130435
1 0.4943445475638051 0.5168478260869566 0.005510440835266821 0.004565217391304348