6 0.4499709976798144 0.8781521739130435 0.011890951276102088 0.011521739130434782
8 0.42372389791183296 0.6291304347826087 0.042923433874709975 0.03260869565217391
8 0.5896171693735499 0.6295652173913043 0.02262180974477958 0.013043478260869565
9 0.9411252900232019 0.5906521739130435 0.016241299303944315 0.01565217391304348
6 0.9073375870069605 0.6541304347826087 0.014211136890951276 0.013043478260869565
8 0.8448375870069605 0.701195652173913 0.03480278422273782 0.02717391304347826
8 0.8910962877030162 0.7694565217391305 0.028132250580046404 0.025
8 0.9131380510440835 0.4752173913043478 0.029872389791183295 0.02391304347826087
1 0.5459686774941995 0.15228260869565216 0.02291183294663573 0.010652173913043479
6 0.42560904872389793 0.03793478260869565 0.015951276102088168 0.008478260869565218
8 0.03581786542923434 0.4376086956521739 0.026392111368909513 0.03260869565217391
6 0.0872969837587007 0.6371739130434783 0.01334106728538283 0.009130434782608696
4 0.14196635730858467 0.6017391304347826 0.013051044083526682 0.01391304347826087
4 0.11673433874709976 0.6181521739130434 0.0095707656612529 0.007173913043478261
9 0.3362819025522042 0.6772826086956522 0.017111368909512762 0.020217391304347826
8 0.3558584686774942 0.6864130434782608 0.013921113689095127 0.013260869565217392
2 0.06540023201856149 0.2981521739130435 0.02697215777262181 0.04021739130434782
0 0.13993619489559164 0.1634782608695652 0.02349187935034803 0.023043478260869565
0 0.11354408352668213 0.22119565217391304 0.021751740139211138 0.024130434782608696
0 0.2529002320185615 0.19956521739130434 0.02088167053364269 0.014782608695652174
0 0.1267401392111369 0.5514130434782609 0.02262180974477958 0.021521739130434783
0 0.12151972157772621 0.5717391304347826 0.019721577726218097 0.021739130434782608
0 0.10397331786542924 0.5882608695652174 0.014211136890951276 0.025652173913043478
0 0.09556264501160093 0.5691304347826087 0.031612529002320186 0.023478260869565216
0 0.0804814385150812 0.586195652173913 0.014211136890951276 0.018043478260869564
0 0.06830046403712298 0.5890217391304348 0.011890951276102088 0.021956521739130434
0 0.051769141531322505 0.5556521739130434 0.02697215777262181 0.021739130434782608
0 0.045968677494199535 0.5688043478260869 0.049013921113689095 0.02891304347826087
0 0.06046983758700696 0.6078260869565217 0.0287122969837587 0.04652173913043478
0 0.03219257540603248 0.5416304347826087 0.01334106728538283 0.03065217391304348
0 0.06627030162412993 0.5028260869565218 0.03335266821345707 0.049565217391304345
0 0.13544083526682135 0.501195652173913 0.020301624129930394 0.019782608695652175
0 0.091792343387471 0.49445652173913046 0.05713457076566125 0.04891304347826087
0 0.15603248259860789 0.5282608695652173 0.04988399071925754 0.017391304347826087
6 0.1587877030162413 0.6981521739130435 0.008990719257540603 0.005434782608695652
6 0.17662412993039442 0.6807608695652174 0.008700696055684454 0.006739130434782609
6 0.1677784222737819 0.6732608695652174 0.0095707656612529 0.006521739130434782
0 0.8760150812064965 0.6335869565217391 0.030452436194895592 0.016304347826086956
0 0.8335266821345708 0.6191304347826087 0.03074245939675174 0.01
0 0.96084686774942 0.48978260869565216 0.015661252900232018 0.01956521739130435
0 0.9408352668213457 0.48456521739130437 0.026102088167053363 0.02434782608695652
0 0.9463457076566125 0.5490217391304347 0.018561484918793503 0.015869565217391305
0 0.9762180974477959 0.5504347826086956 0.016241299303944315 0.02826086956521739
0 0.9541763341067285 0.5665217391304348 0.031902552204176336 0.02608695652173913
0 0.8799303944315545 0.5806521739130435 0.025522041763341066 0.023478260869565216
0 0.8970417633410673 0.095 0.026102088167053363 0.029565217391304348
0 0.9231438515081206 0.1082608695652174 0.02320185614849188 0.02043478260869565
2 0.20272621809744779 0.7982608695652174 0.06960556844547564 0.050434782608695654
0 0.19968097447795824 0.6046739130434783 0.026392111368909513 0.014565217391304348
0 0.19069025522041763 0.5808695652173913 0.026392111368909513 0.026521739130434784
0 0.26841647331786544 0.5776086956521739 0.01769141531322506 0.009565217391304347
0 0.1931554524361949 0.6417391304347826 0.04466357308584687 0.023043478260869565
0 0.1605278422273782 0.5810869565217391 0.018851508120649653 0.01652173913043478
0 0.1677784222737819 0.5443478260869565 0.02697215777262181 0.02
1 0.9215487238979119 0.39543478260869563 0.015951276102088168 0.011304347826086957
1 0.8919663573085846 0.42945652173913046 0.020011600928074247 0.013695652173913043
4 0.4733178654292343 0.8359782608695652 0.0191415313225058 0.012826086956521739
8 0.6564675174013921 0.8901086956521739 0.017111368909512762 0.014130434782608696
6 0.4064675174013921 0.8251086956521739 0.008410672853828306 0.006304347826086957
6 0.3664443155452436 0.8439130434782609 0.010150812064965197 0.007391304347826087
1 0.7975638051044084 0.065 0.012180974477958236 0.006521739130434782
0 0.20127610208816704 0.6759782608695653 0.03596287703016241 0.03195652173913043
0 0.05974477958236659 0.5347826086956522 0.02088167053364269 0.018695652173913044
0 0.07743619489559164 0.5292391304347827 0.012761020881670533 0.018043478260869564
0 0.10890371229698376 0.5391304347826087 0.016531322505800465 0.009565217391304347
0 0.10223317865429234 0.5477173913043478 0.010150812064965197 0.008043478260869565
8 0.3423723897911833 0.923695652173913 0.022331786542923435 0.01565217391304348
0 0.0816415313225058 0.21293478260869564 0.017111368909512762 0.044130434782608696
0 0.06235498839907193 0.2544565217391304 0.02494199535962877 0.04586956521739131
1 0.2523201856148492 0.15358695652173912 0.009860788863109048 0.007173913043478261
6 0.5129060324825986 0.1508695652173913 0.010150812064965197 0.00608695652173913
6 0.5613399071925754 0.2008695652173913 0.01131090487238979 0.00782608695652174
6 0.6618329466357309 0.2026086956521739 0.01334106728538283 0.009130434782608696
0 0.9283642691415314 0.7115217391304348 0.014501160092807424 0.013043478260869565
0 0.9670823665893271 0.698695652173913 0.014791183294663572 0.014347826086956521
0 0.9524361948955916 0.6028260869565217 0.01740139211136891 0.017826086956521738
0 0.9209686774941995 0.5659782608695653 0.01537122969837587 0.012826086956521739
0 0.9050174013921114 0.4964130434782609 0.010150812064965197 0.010217391304347826
0 0.9743329466357309 0.4825 0.02291183294663573 0.01891304347826087
0 0.9802784222737819 0.5229347826086956 0.011020881670533642 0.010652173913043479
0 0.9549013921113689 0.5204347826086957 0.014211136890951276 0.01217391304347826
0 0.9483758700696056 0.5079347826086956 0.014501160092807424 0.013695652173913043
0 0.9243039443155452 0.5005434782608695 0.03074245939675174 0.019782608695652175
0 0.9836136890951276 0.5020652173913044 0.013631090487238979 0.012391304347826086
0 0.9666473317865429 0.6431521739130435 0.03538283062645012 0.03673913043478261
0 0.9359048723897911 0.678804347826087 0.029582366589327145 0.020652173913043477
0 0.951131090487239 0.17619565217391303 0.012470997679814385 0.015
1 0.28915313225058004 0.12217391304347826 0.009280742459396751 0.00782608695652174
0 0.851508120649652 0.5132608695652174 0.014501160092807424 0.01391304347826087
5 0.9834686774941995 0.27260869565217394 0.031902552204176336 0.05956521739130435
0 0.8636890951276102 0.6014130434782609 0.015661252900232018 0.011521739130434782
0 0.8921113689095128 0.5980434782608696 0.026102088167053363 0.012608695652173913
8 0.27842227378190254 0.09902173913043479 0.037703016241299306 0.025
8 0.23883410672853828 0.06478260869565218 0.03219257540603248 0.028695652173913042
2 0.982308584686775 0.5116304347826087 0.016241299303944315 0.012826086956521739
0 0.9350348027842227 0.6105434782608695 0.008700696055684454 0.016304347826086956
0 0.89834686774942 0.6069565217391304 0.010150812064965197 0.008695652173913044
0 0.9002320185614849 0.6153260869565217 0.009280742459396751 0.008478260869565218
0 0.8564385150812065 0.5517391304347826 0.008700696055684454 0.010869565217391304
0 0.8604988399071926 0.6109782608695652 0.016241299303944315 0.006739130434782609
0 0.8664443155452436 0.6205434782608695 0.029292343387470998 0.008913043478260869
0 0.872969837587007 0.6106521739130435 0.0069605568445475635 0.008695652173913044
0 0.8406322505800464 0.5920652173913044 0.011890951276102088 0.010217391304347826
0 0.8470127610208816 0.6034782608695652 0.014791183294663572 0.00826086956521739
0 0.8486078886310905 0.5330434782608696 0.010440835266821345 0.00826086956521739
0 0.8641241299303944 0.5082608695652174 0.0095707656612529 0.009130434782608696
0 0.873114849187935 0.5351086956521739 0.006090487238979118 0.006304347826086957
0 0.8674593967517401 0.5830434782608696 0.0075406032482598605 0.011739130434782608
6 0.5169663573085846 0.8689130434782608 0.005510440835266821 0.0034782608695652175
0 0.5118909512761021 0.8567391304347826 0.0069605568445475635 0.005652173913043478
0 0.5303074245939675 0.826195652173913 0.006670533642691415 0.003260869565217391
0 0.52334686774942 0.8294565217391304 0.005510440835266821 0.002826086956521739
6 0.5906322505800464 0.17880434782608695 0.006090487238979118 0.004130434782608695
6 0.47607308584686775 0.031195652173913044 0.010150812064965197 0.005434782608695652
1 0.3391821345707657 0.16478260869565217 0.010150812064965197 0.00782608695652174
0 0.21853248259860789 0.6038043478260869 0.013051044083526682 0.011521739130434782
0 0.21432714617169374 0.5691304347826087 0.015081206496519721 0.009130434782608696
6 0.24057424593967516 0.6233695652173913 0.0095707656612529 0.006739130434782609
0 0.21418213457076565 0.6185869565217391 0.017111368909512762 0.013695652173913043
6 0.5600348027842227 0.8430434782608696 0.0069605568445475635 0.005652173913043478
0 0.17821925754060325 0.5556521739130434 0.007830626450116009 0.00782608695652174
0 0.20345127610208816 0.5595652173913044 0.007830626450116009 0.007391304347826087
0 0.8810904872389791 0.5389130434782609 0.012761020881670533 0.00782608695652174
0 0.18648491879350348 0.5297826086956522 0.0075406032482598605 0.00826086956521739
0 0.24144431554524362 0.5998913043478261 0.011890951276102088 0.008478260869565218
0 0.21650232018561485 0.5835869565217391 0.0095707656612529 0.008478260869565218
3 0.2021461716937355 0.4146739130434783 0.011020881670533642 0.005434782608695652
3 0.19750580046403712 0.43293478260869567 0.015661252900232018 0.01108695652173913
6 0.5073955916473318 0.2418478260869565 0.010730858468677494 0.008043478260869565
6 0.515661252900232 0.2890217391304348 0.01160092807424594 0.007608695652173913
3 0.16864849187935035 0.42239130434782607 0.01537122969837587 0.008695652173913044
3 0.14211136890951276 0.3848913043478261 0.027262180974477957 0.012826086956521739
3 0.11919953596287702 0.3866304347826087 0.015661252900232018 0.009347826086956522
1 0.839907192575406 0.3959782608695652 0.01160092807424594 0.007173913043478261
0 0.8172853828306265 0.6234782608695653 0.022041763341067284 0.01565217391304348
0 0.8913863109048724 0.552608695652174 0.006670533642691415 0.006956521739130435
8 0.14008120649651973 0.07706521739130434 0.02842227378190255 0.015434782608695652
8 0.16255800464037123 0.022608695652173914 0.02291183294663573 0.018260869565217393
8 0.13268561484918792 0.14173913043478262 0.007250580046403712 0.006521739130434782
1 0.06453016241299304 0.3193478260869565 0.007250580046403712 0.006521739130434782
8 0.04118329466357309 0.26054347826086954 0.00580046403712297 0.008478260869565218
6 0.40965777262180975 0.05619565217391304 0.007830626450116009 0.006304347826086957
1 0.34106728538283065 0.1317391304347826 0.00580046403712297 0.00391304347826087
1 0.31264501160092806 0.13858695652173914 0.004640371229698376 0.002826086956521739
6 0.6418213457076566 0.12065217391304348 0.00580046403712297 0.0034782608695652175
8 0.9469257540603249 0.29489130434782607 0.008700696055684454 0.007173913043478261
8 0.9399651972157773 0.42945652173913046 0.014501160092807424 0.010652173913043479
0 0.9269141531322506 0.6276086956521739 0.008120649651972157 0.007391304347826087
8 0.8850058004640371 0.7195652173913043 0.01769141531322506 0.016956521739130436
8 0.8748549883990719 0.7304347826086957 0.01131090487238979 0.009130434782608696
5 0.7920533642691415 0.8853260869565217 0.0382830626450116 0.042826086956521736
6 0.5706206496519721 0.8939130434782608 0.004350348027842227 0.004347826086956522
1 0.21142691415313225 0.8433695652173913 0.009860788863109048 0.008913043478260869
1 0.24695475638051045 0.831195652173913 0.007250580046403712 0.006739130434782609
1 0.31656032482598606 0.8573913043478261 0.008410672853828306 0.006521739130434782
1 0.2711716937354988 0.8410869565217391 0.0069605568445475635 0.004782608695652174
8 0.14298143851508122 0.8309782608695652 0.0191415313225058 0.024130434782608696
5 0.05974477958236659 0.6801086956521739 0.0382830626450116 0.065
8 0.11687935034802784 0.7765217391304348 0.012761020881670533 0.007391304347826087
0 0.13776102088167053 0.7880434782608695 0.009280742459396751 0.006521739130434782
6 0.2573955916473318 0.5285869565217391 0.008410672853828306 0.005869565217391304
6 0.2837877030162413 0.5423913043478261 0.005510440835266821 0.004347826086956522
6 0.2517401392111369 0.5423913043478261 0.005220417633410673 0.0052173913043478265
6 0.5481438515081206 0.4345652173913043 0.004640371229698376 0.0034782608695652175
1 0.15327726218097448 0.11108695652173912 0.006090487238979118 0.009565217391304347
8 0.22723317865429235 0.1284782608695652 0.0095707656612529 0.011304347826086957
6 0.5810614849187935 0.036630434782608697 0.007830626450116009 0.005869565217391304
6 0.5374129930394431 0.07163043478260869 0.0063805104408352666 0.005434782608695652
1 0.6919953596287703 0.0675 0.008120649651972157 0.006304347826086957
8 0.7294083526682135 0.0725 0.0069605568445475635 0.006304347826086957
8 0.95707656612529 0.21663043478260868 0.012761020881670533 0.011521739130434782
8 0.9946345707656613 0.21 0.008410672853828306 0.009130434782608696
7 0.8404872389791184 0.28630434782608694 0.015661252900232018 0.011739130434782608
2 0.701276102088167 0.9061956521739131 0.015081206496519721 0.009782608695652175
0 0.576131090487239 0.8679347826086956 0.006670533642691415 0.007173913043478261
1 0.6020881670533643 0.8719565217391304 0.0075406032482598605 0.005652173913043478
6 0.45461136890951276 0.8995652173913044 0.006670533642691415 0.006956521739130435
8 0.22418793503480278 0.8928260869565218 0.015081206496519721 0.01
8 0.0822215777262181 0.7509782608695652 0.013631090487238979 0.01717391304347826
0 0.1683584686774942 0.6167391304347826 0.008410672853828306 0.007391304347826087
0 0.16632830626450115 0.6268478260869565 0.0095707656612529 0.006739130434782609
1 0.162122969837587 0.4117391304347826 0.0063805104408352666 0.004347826086956522
0 0.03291763341067285 0.32358695652173913 0.013051044083526682 0.025
8 0.4138631090487239 0.11489130434782609 0.009280742459396751 0.008478260869565218
6 0.6003480278422274 0.17358695652173914 0.00580046403712297 0.004565217391304348
1 0.9067575406032483 0.1656521739130435 0.011890951276102088 0.00826086956521739
0 0.6345707656612529 0.4358695652173913 0.00580046403712297 0.010869565217391304
1 0.2781322505800464 0.47130434782608693 0.011020881670533642 0.009130434782608696
0 0.0388631090487239 0.478695652173913 0.0191415313225058 0.025652173913043478
0 0.10092807424593968 0.6359782608695652 0.016241299303944315 0.009782608695652175
8 0.20359628770301624 0.7219565217391304 0.023781902552204175 0.017826086956521738
8 0.32743619489559167 0.7554347826086957 0.008700696055684454 0.006956521739130435
1 0.7602958236658933 0.8538043478260869 0.007830626450116009 0.005869565217391304
1 0.796983758700696 0.8372826086956522 0.004640371229698376 0.003260869565217391
1 0.7865429234338747 0.8365217391304348 0.004060324825986079 0.0034782608695652175
1 0.6825696055684455 0.6651086956521739 0.006670533642691415 0.005869565217391304
6 0.7964037122969838 0.5945652173913043 0.0063805104408352666 0.00391304347826087
8 0.0675754060324826 0.45619565217391306 0.03480278422273782 0.025
8 0.09744779582366589 0.45 0.031322505800464036 0.026521739130434784
0 0.8626740139211136 0.6865217391304348 0.012470997679814385 0.006521739130434782
0 0.8709396751740139 0.6946739130434783 0.01740139211136891 0.009782608695652175
6 0.578016241299304 0.5213043478260869 0.00580046403712297 0.004782608695652174