8 0.6612529002320185 0.8546739130434783 0.03248259860788863 0.026304347826086958
8 0.2513051044083527 0.7235869565217391 0.02697215777262181 0.02282608695652174
0 0.07192575406032482 0.28891304347826086 0.02088167053364269 0.02217391304347826
0 0.08454176334106729 0.2684782608695652 0.013051044083526682 0.01608695652173913
0 0.06714037122969838 0.2691304347826087 0.008990719257540603 0.010869565217391304
0 0.048723897911832945 0.3581521739130435 0.016821345707656612 0.018043478260869564
0 0.07729118329466357 0.3475 0.017111368909512762 0.03152173913043478
0 0.02494199535962877 0.29978260869565215 0.013921113689095127 0.02782608695652174
0 0.033207656612529 0.3160869565217391 0.010150812064965197 0.02
0 0.037703016241299306 0.32858695652173914 0.01160092807424594 0.020652173913043477
0 0.04712877030162413 0.30195652173913046 0.010150812064965197 0.02217391304347826
0 0.02088167053364269 0.33847826086956523 0.01334106728538283 0.012608695652173913
8 0.4808584686774942 0.07532608695652174 0.030162412993039442 0.019782608695652175
7 0.6075986078886311 0.43032608695652175 0.02320185614849188 0.029347826086956522
9 0.179669373549884 0.19054347826086956 0.013631090487238979 0.010217391304347826
4 0.4212587006960557 0.1793478260869565 0.01769141531322506 0.010434782608695653
4 0.6128190255220418 0.7033695652173914 0.03306264501160093 0.025434782608695652
4 0.2995939675174014 0.7525 0.029582366589327145 0.020652173913043477
6 0.5203016241299304 0.5143478260869565 0.008120649651972157 0.0052173913043478265
4 0.41197795823665895 0.6467391304347826 0.011890951276102088 0.014347826086956521
7 0.8647041763341067 0.49630434782608696 0.013051044083526682 0.008695652173913044
0 0.7179524361948956 0.2101086956521739 0.017111368909512762 0.014565217391304348
4 0.93372969837587 0.47641304347826086 0.007250580046403712 0.008043478260869565
0 0.861368909512761 0.7965217391304348 0.02494199535962877 0.03869565217391304
4 0.07134570765661252 0.4969565217391304 0.0069605568445475635 0.006521739130434782
4 0.75377030162413 0.05956521739130435 0.015081206496519721 0.009565217391304347
0 0.07946635730858469 0.38315217391304346 0.010440835266821345 0.010652173913043479
0 0.05698955916473318 0.3925 0.013051044083526682 0.025434782608695652
0 0.057569605568445474 0.6791304347826087 0.020011600928074247 0.03869565217391304
0 0.13109048723897912 0.7447826086956522 0.010440835266821345 0.010434782608695653
8 0.6642981438515081 0.3565217391304348 0.03451276102088167 0.01565217391304348
8 0.8578886310904872 0.5666304347826087 0.013921113689095127 0.013695652173913043
5 0.6976508120649652 0.8297826086956521 0.049013921113689095 0.0408695652173913
8 0.6036832946635731 0.7418478260869565 0.03915313225058004 0.020217391304347826
4 0.6022331786542924 0.8578260869565217 0.007830626450116009 0.00608695652173913
4 0.2945185614849188 0.9321739130434783 0.01537122969837587 0.013043478260869565
9 0.2291183294663573 0.9268478260869565 0.016241299303944315 0.011521739130434782
5 0.5005800464037123 0.8825 0.08932714617169374 0.029347826086956522
9 0.2623259860788863 0.8172826086956522 0.01131090487238979 0.009782608695652175
9 0.9566415313225058 0.4696739130434783 0.017111368909512762 0.021521739130434783
0 0.4538863109048724 0.38706521739130434 0.016821345707656612 0.015869565217391305
6 0.6595127610208816 0.1383695652173913 0.0069605568445475635 0.005
8 0.7311484918793504 0.1241304347826087 0.011020881670533642 0.009565217391304347
9 0.3726798143851508 0.8708695652173913 0.009860788863109048 0.00782608695652174
6 0.42198375870069604 0.8754347826086957 0.005220417633410673 0.004347826086956522
8 0.24115429234338748 0.908804347826087 0.022331786542923435 0.019782608695652175
8 0.2546403712296984 0.8817391304347826 0.009280742459396751 0.010434782608695653
8 0.1622679814385151 0.894891304347826 0.018271461716937356 0.020217391304347826
8 0.16183294663573086 0.5167391304347826 0.010440835266821345 0.006956521739130435
6 0.47549303944315546 0.553695652173913 0.007250580046403712 0.004347826086956522
6 0.47273781902552203 0.5409782608695652 0.004640371229698376 0.0036956521739130435
6 0.4678074245939675 0.5231521739130435 0.004060324825986079 0.0036956521739130435
6 0.5555394431554525 0.6109782608695652 0.006670533642691415 0.004565217391304348
6 0.47114269141531323 0.6302173913043478 0.005510440835266821 0.004347826086956522
6 0.45577146171693733 0.5403260869565217 0.004930394431554524 0.005
8 0.5713457076566125 0.6028260869565217 0.02320185614849188 0.023043478260869565
8 0.8832656612529002 0.8222826086956522 0.010150812064965197 0.011521739130434782
5 0.7746519721577726 0.9206521739130434 0.055104408352668215 0.050434782608695654
8 0.7153422273781903 0.8989130434782608 0.01769141531322506 0.015217391304347827
1 0.07932134570765662 0.4802173913043478 0.006670533642691415 0.004782608695652174
8 0.08410672853828306 0.358695652173913 0.009280742459396751 0.01217391304347826
8 0.14544663573085848 0.1482608695652174 0.011890951276102088 0.010434782608695653
8 0.0720707656612529 0.19 0.01131090487238979 0.01217391304347826
8 0.18097447795823665 0.02891304347826087 0.009280742459396751 0.005652173913043478
8 0.21142691415313225 0.8017391304347826 0.015661252900232018 0.016956521739130436
9 0.2916183294663573 0.9433695652173913 0.01131090487238979 0.005869565217391304
1 0.43155452436194897 0.11206521739130434 0.01740139211136891 0.006304347826086957
1 0.4302494199535963 0.11934782608695652 0.0095707656612529 0.0052173913043478265
1 0.5710556844547564 0.2756521739130435 0.008700696055684454 0.00782608695652174
6 0.2927784222737819 0.0933695652173913 0.006670533642691415 0.005
8 0.416038283062645 0.0558695652173913 0.013051044083526682 0.009565217391304347
8 0.7906032482598608 0.05956521739130435 0.01334106728538283 0.011739130434782608
8 0.7955336426914154 0.09217391304347826 0.018561484918793503 0.013478260869565217
4 0.21751740139211137 0.5351086956521739 0.011020881670533642 0.009782608695652175
6 0.18213457076566125 0.5377173913043478 0.010440835266821345 0.007173913043478261
8 0.31888051044083526 0.6979347826086957 0.018851508120649653 0.015434782608695652
1 0.9306844547563805 0.456304347826087 0.0075406032482598605 0.0052173913043478265
0 0.8544083526682135 0.8776086956521739 0.02088167053364269 0.021304347826086957
8 0.9789733178654292 0.5016304347826087 0.01131090487238979 0.015434782608695652
1 0.9537412993039444 0.5155434782608695 0.005510440835266821 0.006304347826086957
0 0.8122099767981439 0.6934782608695652 0.018851508120649653 0.014782608695652174
0 0.7337587006960556 0.6564130434782609 0.020301624129930394 0.023695652173913045
0 0.7614559164733179 0.7219565217391304 0.017111368909512762 0.017826086956521738
0 0.7368039443155452 0.6945652173913044 0.01537122969837587 0.010869565217391304
0 0.7990139211136891 0.7308695652173913 0.01334106728538283 0.00782608695652174
8 0.01609628770301624 0.30619565217391304 0.010730858468677494 0.008478260869565218
8 0.9675174013921114 0.30119565217391303 0.009860788863109048 0.010652173913043479
0 0.9560614849187935 0.41978260869565215 0.014211136890951276 0.01608695652173913
8 0.6754640371229699 0.33054347826086955 0.018561484918793503 0.015869565217391305
0 0.012906032482598608 0.5531521739130435 0.020591647331786544 0.020652173913043477
0 0.02320185614849188 0.662608695652174 0.02262180974477958 0.03217391304347826
0 0.09672273781902552 0.22891304347826086 0.020011600928074247 0.018260869565217393
0 0.9482308584686775 0.6456521739130435 0.02349187935034803 0.04826086956521739
0 0.8536832946635731 0.1882608695652174 0.010730858468677494 0.013478260869565217
0 0.023056844547563807 0.39402173913043476 0.012470997679814385 0.020217391304347826
0 0.04060324825986079 0.39804347826086955 0.020301624129930394 0.04826086956521739
0 0.07062064965197216 0.41706521739130437 0.020011600928074247 0.03152173913043478
0 0.02218677494199536 0.4518478260869565 0.01537122969837587 0.016304347826086956
8 0.685469837587007 0.7129347826086957 0.01769141531322506 0.014130434782608696
8 0.7468097447795824 0.6109782608695652 0.012761020881670533 0.012391304347826086
8 0.808584686774942 0.6244565217391305 0.0191415313225058 0.016739130434782607
8 0.7025812064965197 0.6375 0.018271461716937356 0.014130434782608696
8 0.16922853828306264 0.13641304347826086 0.012470997679814385 0.011521739130434782
1 0.23346867749419953 0.12010869565217391 0.008700696055684454 0.007608695652173913
1 0.18430974477958237 0.12293478260869566 0.01131090487238979 0.008043478260869565
1 0.26841647331786544 0.10184782608695653 0.008990719257540603 0.007173913043478261
1 0.26479118329466356 0.11271739130434782 0.009860788863109048 0.007608695652173913
1 0.2212877030162413 0.11043478260869566 0.008120649651972157 0.006956521739130435
1 0.23056844547563804 0.17467391304347826 0.0075406032482598605 0.006304347826086957
1 0.2534802784222738 0.12532608695652173 0.009860788863109048 0.008043478260869565
1 0.1964907192575406 0.16826086956521738 0.010730858468677494 0.00826086956521739
1 0.13254060324825986 0.10086956521739131 0.008700696055684454 0.006956521739130435
8 0.2952436194895592 0.6231521739130435 0.011020881670533642 0.007173913043478261
0 0.7839327146171694 0.7141304347826087 0.025522041763341066 0.01652173913043478
0 0.7562354988399071 0.6379347826086956 0.013631090487238979 0.007173913043478261
0 0.47215777262180975 0.5755434782608696 0.016821345707656612 0.020652173913043477
1 0.20011600928074247 0.6803260869565217 0.008120649651972157 0.007173913043478261
8 0.32830626450116007 0.13478260869565217 0.02262180974477958 0.01565217391304348
1 0.3470127610208817 0.15543478260869564 0.006090487238979118 0.0052173913043478265
1 0.3415023201856148 0.1642391304347826 0.006090487238979118 0.005434782608695652
1 0.36339907192575405 0.10184782608695653 0.009860788863109048 0.006739130434782609
1 0.43474477958236657 0.135 0.010440835266821345 0.006956521739130435
1 0.28639791183294666 0.16119565217391305 0.010150812064965197 0.007608695652173913
1 0.5379930394431555 0.20217391304347826 0.014501160092807424 0.009565217391304347
1 0.1480568445475638 0.13054347826086957 0.008990719257540603 0.005869565217391304
1 0.16255800464037123 0.11891304347826087 0.0095707656612529 0.005652173913043478
2 0.2015661252900232 0.9063043478260869 0.04408352668213457 0.03695652173913044
0 0.7334686774941995 0.8847826086956522 0.033642691415313224 0.025652173913043478
4 0.5973027842227379 0.7778260869565218 0.022331786542923435 0.011739130434782608
1 0.13326566125290024 0.16521739130434782 0.004930394431554524 0.004782608695652174
8 0.7569605568445475 0.1356521739130435 0.008120649651972157 0.00608695652173913
8 0.32004060324825984 0.5382608695652173 0.007250580046403712 0.00608695652173913
1 0.371084686774942 0.8584782608695652 0.006090487238979118 0.004347826086956522
8 0.8870359628770301 0.8364130434782608 0.0095707656612529 0.01108695652173913
8 0.9572215777262181 0.5870652173913044 0.008410672853828306 0.016304347826086956
1 0.1677784222737819 0.3303260869565217 0.007830626450116009 0.005869565217391304
8 0.6770591647331786 0.5073913043478261 0.005510440835266821 0.006521739130434782
8 0.5143561484918794 0.03706521739130435 0.01131090487238979 0.005
1 0.7153422273781903 0.13304347826086957 0.005510440835266821 0.004782608695652174
1 0.8075696055684455 0.16391304347826086 0.004350348027842227 0.0034782608695652175
8 0.7940835266821346 0.18510869565217392 0.00580046403712297 0.005434782608695652
2 0.7724767981438515 0.8593478260869565 0.022331786542923435 0.019130434782608695
8 0.7370939675174014 0.85 0.024651972157772623 0.013043478260869565
8 0.9285092807424594 0.6846739130434782 0.010150812064965197 0.010652173913043479
8 0.9227088167053364 0.6683695652173913 0.011890951276102088 0.015434782608695652
8 0.6499419953596288 0.7003260869565218 0.015081206496519721 0.011956521739130435
0 0.6861948955916474 0.6523913043478261 0.016241299303944315 0.008695652173913044
0 0.6590777262180975 0.6089130434782609 0.0095707656612529 0.008695652173913044
8 0.7935034802784223 0.5835869565217391 0.0063805104408352666 0.004565217391304348
1 0.5732308584686775 0.38358695652173913 0.008410672853828306 0.007173913043478261
8 0.2144721577726218 0.09543478260869566 0.010150812064965197 0.00782608695652174
1 0.23433874709976799 0.09141304347826087 0.0075406032482598605 0.004565217391304348
8 0.974622969837587 0.3776086956521739 0.010730858468677494 0.01217391304347826
8 0.9721577726218097 0.4483695652173913 0.01160092807424594 0.016739130434782607
0 0.6671983758700696 0.5814130434782608 0.007830626450116009 0.007608695652173913
5 0.35542343387471 0.7458695652173913 0.030452436194895592 0.030869565217391304
8 0.1790893271461717 0.8831521739130435 0.013631090487238979 0.008478260869565218
8 0.020736658932714615 0.6422826086956521 0.0031902552204176333 0.002391304347826087
8 0.6441415313225058 0.10858695652173914 0.009860788863109048 0.005434782608695652
1 0.6741589327146171 0.13967391304347826 0.005510440835266821 0.004130434782608695
9 0.9245939675174014 0.4210869565217391 0.016821345707656612 0.019130434782608695
9 0.4934744779582367 0.7368478260869565 0.03857308584686775 0.01891304347826087
9 0.4696925754060325 0.6783695652173913 0.007250580046403712 0.004565217391304348
1 0.11876450116009281 0.6476086956521739 0.0095707656612529 0.006521739130434782
9 0.142546403712297 0.595 0.006670533642691415 0.006956521739130435
0 0.07555104408352668 0.6191304347826087 0.010150812064965197 0.01608695652173913