0 0.5095707656612529 0.7059782608695652 0.021461716937354988 0.01717391304347826
0 0.5124709976798144 0.7129347826086957 0.008120649651972157 0.005
0 0.5101508120649652 0.7196739130434783 0.011020881670533642 0.005869565217391304
0 0.5129060324825986 0.7297826086956521 0.006670533642691415 0.0034782608695652175
0 0.8635440835266821 0.5979347826086957 0.015951276102088168 0.025434782608695652
3 0.9093677494199536 0.5716304347826087 0.011890951276102088 0.009782608695652175
4 0.29828886310904873 0.7101086956521739 0.01131090487238979 0.009782608695652175
1 0.13544083526682135 0.6335869565217391 0.011020881670533642 0.009782608695652175
2 0.668068445475638 0.0925 0.015951276102088168 0.016739130434782607
6 0.46882250580046403 0.11228260869565218 0.007830626450116009 0.005869565217391304
6 0.443300464037123 0.07510869565217392 0.004350348027842227 0.004130434782608695
4 0.16966357308584687 0.08923913043478261 0.009860788863109048 0.006739130434782609
7 0.9525812064965197 0.34445652173913044 0.02697215777262181 0.0541304347826087
3 0.929669373549884 0.4656521739130435 0.010150812064965197 0.009130434782608696
8 0.7981438515081206 0.8081521739130435 0.005220417633410673 0.005434782608695652
4 0.5189965197215777 0.8820652173913044 0.0037703016241299302 0.002826086956521739
0 0.44837587006960555 0.8955434782608696 0.009860788863109048 0.005
0 0.4582366589327146 0.9043478260869565 0.009280742459396751 0.0052173913043478265
8 0.03074245939675174 0.5496739130434782 0.0063805104408352666 0.007173913043478261
8 0.08251160092807425 0.5705434782608696 0.008410672853828306 0.008043478260869565
1 0.12412993039443156 0.5390217391304348 0.0063805104408352666 0.004565217391304348
6 0.5160962877030162 0.5467391304347826 0.010150812064965197 0.006521739130434782
0 0.5162412993039444 0.5469565217391305 0.008120649651972157 0.0052173913043478265
1 0.5533642691415314 0.44771739130434784 0.008120649651972157 0.005
0 0.6389211136890951 0.11815217391304347 0.012761020881670533 0.009782608695652175
1 0.5984628770301624 0.10065217391304347 0.0095707656612529 0.006521739130434782
6 0.4622969837587007 0.7279347826086957 0.0063805104408352666 0.005434782608695652
8 0.3580336426914153 0.6668478260869565 0.007830626450116009 0.005869565217391304
1 0.18648491879350348 0.5731521739130435 0.005220417633410673 0.004130434782608695
3 0.2633410672853828 0.4757608695652174 0.015081206496519721 0.014130434782608696
4 0.14153132250580047 0.8131521739130435 0.004640371229698376 0.005
4 0.05133410672853828 0.6771739130434783 0.00580046403712297 0.010434782608695653
0 0.5933874709976799 0.1317391304347826 0.015661252900232018 0.011739130434782608
0 0.5951276102088167 0.1634782608695652 0.012761020881670533 0.0052173913043478265
8 0.5700406032482599 0.16945652173913042 0.007830626450116009 0.005
0 0.43039443155452434 0.16445652173913045 0.009860788863109048 0.006739130434782609
1 0.29857888631090485 0.11217391304347826 0.008410672853828306 0.0052173913043478265
3 0.8812354988399071 0.3372826086956522 0.017111368909512762 0.013260869565217392
1 0.6783642691415314 0.5184782608695652 0.0069605568445475635 0.00608695652173913
1 0.26667633410672853 0.1443478260869565 0.005510440835266821 0.004782608695652174
1 0.7771171693735499 0.09717391304347826 0.011890951276102088 0.00608695652173913
1 0.8091647331786543 0.08663043478260869 0.01160092807424594 0.007173913043478261
6 0.6740139211136891 0.6472826086956521 0.009280742459396751 0.004130434782608695
1 0.2790023201856148 0.5144565217391305 0.008700696055684454 0.006304347826086957
1 0.38268561484918795 0.1701086956521739 0.004930394431554524 0.003260869565217391
8 0.9757830626450116 0.2673913043478261 0.006670533642691415 0.006521739130434782
6 0.5862819025522041 0.3692391304347826 0.006670533642691415 0.0036956521739130435
7 0.4543213457076566 0.6697826086956522 0.0095707656612529 0.009565217391304347
