8 0.5989583333333334 0.33188657407407407 0.023148148148148147 0.014467592592592593
9 0.7391493055555556 0.7076581790123457 0.022858796296296297 0.022955246913580248
9 0.6028645833333334 0.8043981481481481 0.01244212962962963 0.007716049382716049
9 0.3914930555555556 0.6024305555555556 0.012152777777777778 0.008101851851851851
9 0.42766203703703703 0.621045524691358 0.008101851851851851 0.005979938271604938
9 0.16507523148148148 0.6057098765432098 0.011284722222222222 0.010416666666666666
8 0.5719039351851852 0.31983024691358025 0.013599537037037037 0.010030864197530864
8 0.6147280092592593 0.2779706790123457 0.013599537037037037 0.011188271604938271
6 0.40870949074074076 0.06732253086419752 0.003761574074074074 0.002700617283950617
8 0.6535011574074074 0.2631172839506173 0.011863425925925927 0.008487654320987654
6 0.5303819444444444 0.05391589506172839 0.005208333333333333 0.0036651234567901233
1 0.1986400462962963 0.16695601851851852 0.004340277777777778 0.003279320987654321
8 0.30179398148148145 0.24517746913580246 0.008680555555555556 0.006944444444444444
8 0.6825810185185185 0.2431520061728395 0.018518518518518517 0.012924382716049383
1 0.19603587962962962 0.3169367283950617 0.005497685185185185 0.004243827160493827
1 0.5489004629629629 0.38744212962962965 0.008101851851851851 0.0055941358024691355
1 0.6109664351851852 0.4898726851851852 0.004918981481481482 0.0036651234567901233
1 0.6714409722222222 0.4862075617283951 0.005497685185185185 0.003279320987654321
8 0.1646412037037037 0.6432291666666666 0.008101851851851851 0.009837962962962963
8 0.29933449074074076 0.6078317901234568 0.005497685185185185 0.005015432098765432
9 0.33347800925925924 0.59375 0.007233796296296296 0.005401234567901234
9 0.35011574074074076 0.6004050925925926 0.005787037037037037 0.004436728395061728
8 0.7022569444444444 0.7473958333333334 0.04398148148148148 0.024112654320987654
1 0.4479166666666667 0.4195601851851852 0.004629629629629629 0.0030864197530864196
1 0.42824074074074076 0.4289158950617284 0.0028935185185185184 0.0021219135802469135
1 0.5146122685185185 0.33989197530864196 0.005497685185185185 0.0030864197530864196
1 0.07913773148148148 0.49189814814814814 0.009548611111111112 0.006558641975308642
1 0.12991898148148148 0.4287229938271605 0.005787037037037037 0.004436728395061728
3 0.06481481481481481 0.3982445987654321 0.006944444444444444 0.008294753086419753
3 0.059751157407407406 0.39207175925925924 0.006655092592592593 0.006751543209876543
3 0.15364583333333334 0.42486496913580246 0.008101851851851851 0.004050925925925926
3 0.19835069444444445 0.4222608024691358 0.009548611111111112 0.005401234567901234
8 0.1779513888888889 0.5081018518518519 0.006944444444444444 0.004629629629629629
8 0.29267939814814814 0.6338734567901234 0.005497685185185185 0.004629629629629629
1 0.6786747685185185 0.5567129629629629 0.007233796296296296 0.005015432098765432
1 0.8313078703703703 0.5591242283950617 0.005787037037037037 0.004050925925925926
1 0.8544560185185185 0.4356674382716049 0.005208333333333333 0.004050925925925926
1 0.59375 0.39911265432098764 0.005787037037037037 0.005401234567901234
4 0.5163483796296297 0.5809220679012346 0.0078125 0.005208333333333333
0 0.5095486111111112 0.0628858024691358 0.004629629629629629 0.0030864197530864196
6 0.49927662037037035 0.15239197530864199 0.004918981481481482 0.0038580246913580245
8 0.13295717592592593 0.14149305555555555 0.004918981481481482 0.00636574074074074
1 0.6688368055555556 0.8493441358024691 0.00318287037037037 0.0019290123456790122
0 0.5548321759259259 0.8264853395061729 0.006655092592592593 0.003279320987654321
3 0.3687789351851852 0.47077546296296297 0.0078125 0.005979938271604938
3 0.29542824074074076 0.45775462962962965 0.008101851851851851 0.004629629629629629
3 0.16319444444444445 0.31741898148148145 0.008101851851851851 0.009837962962962963
3 0.8974247685185185 0.3856095679012346 0.008391203703703705 0.008873456790123456
1 0.7945601851851852 0.47251157407407407 0.004050925925925926 0.0028935185185185184
1 0.5999710648148148 0.38387345679012347 0.004340277777777778 0.0030864197530864196
1 0.6153067129629629 0.3515625 0.004918981481481482 0.0036651234567901233
1 0.5545428240740741 0.5225694444444444 0.005497685185185185 0.005015432098765432
3 0.41869212962962965 0.42293595679012347 0.007523148148148148 0.004050925925925926
0 0.6231192129629629 0.43962191358024694 0.004918981481481482 0.005015432098765432
8 0.2388599537037037 0.11487268518518519 0.016493055555555556 0.010223765432098766
2 0.20341435185185186 0.8259066358024691 0.041087962962962965 0.038001543209876545
2 0.2025462962962963 0.7898341049382716 0.046296296296296294 0.03761574074074074
2 0.7620081018518519 0.7913773148148148 0.042534722222222224 0.036458333333333336
3 0.16594328703703703 0.4679783950617284 0.013020833333333334 0.008101851851851851
3 0.1332465277777778 0.42428626543209874 0.0078125 0.008294753086419753
3 0.13252314814814814 0.41435185185185186 0.005208333333333333 0.006944444444444444
3 0.8479456018518519 0.46556712962962965 0.019386574074074073 0.008294753086419753
2 0.05859375 0.6087962962962963 0.03674768518518518 0.0775462962962963
0 0.1267361111111111 0.4750192901234568 0.01273148148148148 0.008294753086419753
0 0.8899016203703703 0.6270254629629629 0.0234375 0.017554012345679014
1 0.6302083333333334 0.07455632716049383 0.009837962962962963 0.005979938271604938
8 0.6707175925925926 0.08989197530864197 0.011574074074074073 0.006944444444444444
0 0.5164930555555556 0.4476273148148148 0.015625 0.008294753086419753
0 0.49421296296296297 0.4949845679012346 0.016203703703703703 0.005787037037037037
8 0.5300925925925926 0.47453703703703703 0.01678240740740741 0.009645061728395061
6 0.5102719907407407 0.16724537037037038 0.006076388888888889 0.0038580246913580245
8 0.4351851851851852 0.13609182098765432 0.011574074074074073 0.009066358024691358
1 0.7032696759259259 0.10667438271604938 0.01070601851851852 0.005401234567901234
6 0.6326678240740741 0.2503858024691358 0.005497685185185185 0.003472222222222222
8 0.41869212962962965 0.6506558641975309 0.017361111111111112 0.009645061728395061
8 0.47280092592592593 0.6633873456790124 0.008680555555555556 0.005401234567901234
6 0.5101273148148148 0.5929783950617284 0.005208333333333333 0.0038580246913580245
0 0.13078703703703703 0.5990547839506173 0.02025462962962963 0.019097222222222224
8 0.11993634259259259 0.6392746913580247 0.009548611111111112 0.010030864197530864
0 0.0904224537037037 0.6596257716049383 0.015914351851851853 0.021026234567901234
0 0.1177662037037037 0.6489197530864198 0.022569444444444444 0.020833333333333332
0 0.14988425925925927 0.7554012345679012 0.028935185185185185 0.027391975308641976
8 0.04369212962962963 0.5203510802469136 0.012152777777777778 0.01099537037037037
1 0.1300636574074074 0.5028935185185185 0.009548611111111112 0.005015432098765432
1 0.40769675925925924 0.5362654320987654 0.005208333333333333 0.0030864197530864196
8 0.7715567129629629 0.5405092592592593 0.019965277777777776 0.013503086419753086
8 0.6452546296296297 0.6701388888888888 0.014467592592592593 0.013117283950617283
8 0.2673611111111111 0.7014853395061729 0.017361111111111112 0.014853395061728395
8 0.10792824074074074 0.5653935185185185 0.013310185185185185 0.013503086419753086
7 0.43822337962962965 0.5442708333333334 0.013599537037037037 0.01716820987654321
8 0.4497974537037037 0.05545910493827161 0.009548611111111112 0.0055941358024691355
8 0.7146990740740741 0.6717785493827161 0.007523148148148148 0.00636574074074074
8 0.7925347222222222 0.6295331790123457 0.00636574074074074 0.00636574074074074
1 0.31843171296296297 0.8197337962962963 0.006076388888888889 0.004822530864197531
8 0.30107060185185186 0.5297067901234568 0.007233796296296296 0.005787037037037037
2 0.4330150462962963 0.8049768518518519 0.018229166666666668 0.006172839506172839
2 0.46556712962962965 0.8068094135802469 0.016203703703703703 0.00636574074074074
8 0.5645254629629629 0.22260802469135801 0.010416666666666666 0.005401234567901234
8 0.7324942129629629 0.5861304012345679 0.007233796296296296 0.004436728395061728
0 0.7709780092592593 0.6208526234567902 0.006655092592592593 0.008294753086419753
0 0.7861689814814815 0.5801504629629629 0.00636574074074074 0.0055941358024691355
0 0.06669560185185185 0.6023341049382716 0.015335648148148149 0.02025462962962963
