4 0.2565537084398977 0.14421002157755933 0.013746803069053709 0.013186286262287222
1 0.37164322250639387 0.17861424118916328 0.01694373401534527 0.015823543514744666
1 0.29555626598465473 0.15979381443298968 0.008631713554987212 0.006473267801486454
1 0.3459079283887468 0.17621673459602014 0.008312020460358057 0.007192519779429393
1 0.4696291560102302 0.140134260369216 0.011508951406649617 0.008391273076000958
1 0.30562659846547313 0.11903620234955646 0.00959079283887468 0.006473267801486454
1 0.33407928388746805 0.12790697674418605 0.00959079283887468 0.006473267801486454
0 0.32001278772378516 0.18784464157276431 0.005115089514066497 0.005034763845600575
1 0.5546675191815856 0.18197075041956365 0.014705882352941176 0.010549029009829777
1 0.6130115089514067 0.0833133541117238 0.010549872122762148 0.008391273076000958
4 0.8375959079283888 0.1950371613521937 0.011508951406649617 0.012706784943658594
4 0.9243925831202046 0.4337089426995924 0.006074168797953964 0.008151522416686647
4 0.940537084398977 0.4506113641812515 0.005754475703324808 0.012227283625029969
4 0.9491687979539642 0.4997602493406857 0.005754475703324808 0.008870774394629586
4 0.5065537084398977 0.41392951330616157 0.011828644501278773 0.007911771757372333
4 0.4000959079283887 0.47099017022296813 0.016304347826086956 0.014145288899544474
4 0.5529092071611253 0.5529848957084632 0.009910485933503837 0.010788779669144091
4 0.3937020460358056 0.6138815631742988 0.01438618925831202 0.011747782306401342
4 0.7420076726342711 0.7988491968352913 0.014066496163682864 0.011987532965715655
4 0.8337595907928389 0.7326780148645409 0.004475703324808184 0.007672021098058019
4 0.09750639386189258 0.732797890194198 0.00959079283887468 0.017981299448573483
4 0.04939258312020461 0.519899304723088 0.018861892583120203 0.018940302085830737
4 0.648497442455243 0.9450970990170223 0.022058823529411766 0.017262047470630544
4 0.079923273657289 0.35027571325821144 0.015345268542199489 0.016782546152001917
4 0.125 0.37772716374970033 0.012148337595907928 0.011268280987772716
3 0.1307544757033248 0.6256293454807 0.012148337595907928 0.008870774394629586
0 0.12148337595907928 0.6108846799328698 0.023017902813299233 0.013426036921601535
0 0.1999680306905371 0.7280028770079118 0.022058823529411766 0.013186286262287222
9 0.655690537084399 0.6648285782785903 0.010869565217391304 0.008151522416686647
3 0.8654092071611253 0.4803404459362263 0.005115089514066497 0.004075761208343323
4 0.847346547314578 0.5127067849436586 0.006074168797953964 0.004555262526971949
1 0.5674552429667519 0.22116998321745385 0.014705882352941176 0.009350275713258211
4 0.5442774936061381 0.7657636058499161 0.008631713554987212 0.009590026372572525
3 0.7712595907928389 0.5523855190601774 0.015025575447570333 0.014864540877487413
3 0.8911445012787724 0.5175017981299449 0.01758312020460358 0.010309278350515464
3 0.9148017902813299 0.523016063294174 0.010549872122762148 0.015104291536801727
3 0.9154411764705882 0.547470630544234 0.015664961636828643 0.013665787580915847
3 0.1328324808184143 0.47506593143131143 0.013107416879795396 0.011268280987772716
3 0.0864769820971867 0.46427715176216733 0.008631713554987212 0.005514265164229201
0 0.14162404092071612 0.7040278110764805 0.019820971867007674 0.018940302085830737
0 0.1432225063938619 0.7371134020618557 0.019820971867007674 0.015104291536801727
1 0.46179667519181583 0.11028530328458404 0.011828644501278773 0.007672021098058019
1 0.4389386189258312 0.16950371613521936 0.013427109974424553 0.009590026372572525
1 0.26342710997442453 0.0921841285063534 0.010869565217391304 0.006473267801486454
1 0.2866048593350384 0.05166626708223448 0.005434782608695652 0.004075761208343323
1 0.6261189258312021 0.7968113162311197 0.00479539641943734 0.004075761208343323
4 0.34798593350383633 0.6510429153680173 0.01758312020460358 0.005993766482857828
8 0.10118286445012788 0.15415967393910332 0.013107416879795396 0.011987532965715655
1 0.6011828644501279 0.17753536322224886 0.009910485933503837 0.007432270438743707
0 0.5939897698209718 0.5925437544953248 0.01278772378516624 0.01989930472308799
0 0.4616368286445013 0.6059697914169264 0.020460358056265986 0.010309278350515464
8 0.698849104859335 0.8734116518820427 0.0076726342710997444 0.007192519779429393
1 0.43622122762148335 0.13557899784224406 0.005434782608695652 0.004075761208343323
1 0.40121483375959077 0.13665787580915847 0.005754475703324808 0.005274514504914889
0 0.20236572890025575 0.6986334212419084 0.021099744245524295 0.010549029009829777
8 0.8895460358056266 0.6739391033325342 0.015025575447570333 0.012467034284344283
8 0.8300831202046036 0.7007911771757372 0.007352941176470588 0.006233517142172141
8 0.5604219948849105 0.7184128506353392 0.0076726342710997444 0.006473267801486454
0 0.19197570332480818 0.738911532006713 0.01694373401534527 0.013426036921601535
8 0.05866368286445013 0.3098777271637497 0.006713554987212276 0.008870774394629586
1 0.19453324808184144 0.5195396787341166 0.009271099744245524 0.004315511867657636
0 0.09606777493606138 0.6042915368017262 0.012468030690537084 0.013186286262287222
0 0.13139386189258312 0.7413090385998562 0.010230179028132993 0.01150803164708703
9 0.7539961636828645 0.6915607767921362 0.011828644501278773 0.007911771757372333
0 0.7044437340153452 0.666866458882762 0.0239769820971867 0.008391273076000958
0 0.7779731457800512 0.6428913929513306 0.015025575447570333 0.008391273076000958
0 0.7487212276214834 0.6594341884440182 0.01278772378516624 0.005993766482857828
0 0.8072250639386189 0.6690242148165908 0.023657289002557546 0.020378806041716616