4 0.613399071925754 0.8943478260869565 0.026102088167053363 0.019130434782608695
4 0.7614559164733179 0.6996739130434783 0.008990719257540603 0.007173913043478261
4 0.8148201856148491 0.6892391304347826 0.008990719257540603 0.006739130434782609
4 0.19794083526682135 0.8617391304347826 0.006670533642691415 0.006521739130434782
4 0.1476218097447796 0.792608695652174 0.008700696055684454 0.00826086956521739
4 0.12412993039443156 0.7304347826086957 0.010440835266821345 0.01
4 0.1611078886310905 0.8054347826086956 0.008410672853828306 0.009130434782608696
4 0.15980278422273783 0.3481521739130435 0.011020881670533642 0.006739130434782609
3 0.1553074245939675 0.44804347826086954 0.01537122969837587 0.008695652173913044
4 0.05191415313225058 0.2568478260869565 0.0063805104408352666 0.008913043478260869
3 0.13616589327146172 0.458804347826087 0.01131090487238979 0.007608695652173913
8 0.6580626450116009 0.8180434782608695 0.018561484918793503 0.011739130434782608
9 0.5971577726218097 0.8368478260869565 0.009280742459396751 0.006739130434782609
9 0.5835266821345708 0.8994565217391305 0.012180974477958236 0.008913043478260869
8 0.17488399071925753 0.7717391304347826 0.011020881670533642 0.010869565217391304
8 0.5211716937354989 0.7228260869565217 0.018561484918793503 0.016956521739130436
8 0.2961136890951276 0.6960869565217391 0.009860788863109048 0.007391304347826087
8 0.308584686774942 0.6861956521739131 0.008700696055684454 0.005869565217391304
8 0.16951856148491878 0.10195652173913043 0.011890951276102088 0.01
0 0.2263631090487239 0.5331521739130435 0.021751740139211138 0.015
0 0.1808294663573086 0.5727173913043478 0.008410672853828306 0.009782608695652175
3 0.04698375870069606 0.4815217391304348 0.009860788863109048 0.009565217391304347
4 0.09048723897911833 0.43032608695652175 0.011020881670533642 0.006304347826086957
4 0.470707656612529 0.4398913043478261 0.004640371229698376 0.004130434782608695
0 0.2604408352668213 0.5445652173913044 0.009860788863109048 0.00826086956521739
0 0.3987819025522042 0.8994565217391305 0.016821345707656612 0.015434782608695652
0 0.39428654292343385 0.8866304347826087 0.014211136890951276 0.004565217391304348
9 0.45287122969837584 0.8842391304347826 0.008410672853828306 0.005434782608695652
0 0.3884860788863109 0.878804347826087 0.013051044083526682 0.007173913043478261
1 0.29350348027842227 0.9156521739130434 0.004060324825986079 0.004347826086956522
8 0.31337006960556846 0.8207608695652174 0.007830626450116009 0.006304347826086957
0 0.478538283062645 0.6890217391304347 0.015661252900232018 0.009782608695652175
0 0.7562354988399071 0.6270652173913044 0.013051044083526682 0.010217391304347826
0 0.7410092807424594 0.5651086956521739 0.017981438515081206 0.010652173913043479
0 0.7602958236658933 0.6047826086956521 0.018851508120649653 0.02
0 0.7707366589327146 0.6320652173913044 0.014791183294663572 0.014130434782608696
1 0.8058294663573086 0.4776086956521739 0.006090487238979118 0.00391304347826087
3 0.8127900232018561 0.49032608695652175 0.013631090487238979 0.008913043478260869
0 0.6743039443155452 0.5330434782608696 0.02320185614849188 0.01565217391304348
0 0.5530742459396751 0.3832608695652174 0.023781902552204175 0.021304347826086957
0 0.48390371229698376 0.38760869565217393 0.02523201856148492 0.018695652173913044
0 0.460991879350348 0.39206521739130434 0.013631090487238979 0.008043478260869565
0 0.7810324825986079 0.5565217391304348 0.015081206496519721 0.016956521739130436
0 0.472592807424594 0.39902173913043476 0.010150812064965197 0.004565217391304348
0 0.4801334106728538 0.21141304347826087 0.007830626450116009 0.006739130434782609
1 0.5403132250580046 0.16054347826086957 0.004640371229698376 0.003260869565217391
6 0.611223897911833 0.06923913043478261 0.006090487238979118 0.005434782608695652
0 0.6682134570765661 0.09358695652173914 0.0075406032482598605 0.005869565217391304
8 0.7105568445475638 0.25206521739130433 0.009860788863109048 0.006739130434782609
1 0.2556554524361949 0.1333695652173913 0.008410672853828306 0.005434782608695652
8 0.31685034802784223 0.06793478260869565 0.007830626450116009 0.005869565217391304
3 0.07859628770301624 0.39967391304347827 0.015081206496519721 0.012826086956521739
0 0.3968967517401392 0.37956521739130433 0.01131090487238979 0.00782608695652174
0 0.4672273781902552 0.37619565217391304 0.0069605568445475635 0.008478260869565218
0 0.5062354988399071 0.3807608695652174 0.008990719257540603 0.007608695652173913
0 0.4970997679814385 0.3483695652173913 0.00580046403712297 0.005434782608695652
0 0.5636600928074246 0.3606521739130435 0.008410672853828306 0.007391304347826087
0 0.5913573085846868 0.3567391304347826 0.0075406032482598605 0.005652173913043478
6 0.6116589327146171 0.348695652173913 0.002320185614849188 0.0017391304347826088
0 0.38297563805104406 0.3441304347826087 0.011890951276102088 0.006521739130434782
0 0.40182714617169374 0.3497826086956522 0.006670533642691415 0.00608695652173913
0 0.5034802784222738 0.523804347826087 0.03480278422273782 0.01717391304347826
0 0.511745939675174 0.503695652173913 0.014791183294663572 0.011304347826086957
0 0.5561194895591647 0.7082608695652174 0.010150812064965197 0.01
0 0.4869489559164733 0.7103260869565218 0.0075406032482598605 0.016304347826086956
0 0.525522041763341 0.556304347826087 0.017981438515081206 0.013043478260869565
0 0.48100348027842227 0.5502173913043479 0.010150812064965197 0.01
0 0.4702726218097448 0.5226086956521739 0.0095707656612529 0.010869565217391304
0 0.5365429234338747 0.5932608695652174 0.01740139211136891 0.01391304347826087
8 0.6529872389791184 0.8081521739130435 0.008990719257540603 0.007173913043478261
8 0.6120939675174014 0.8011956521739131 0.008410672853828306 0.006739130434782609
8 0.5334976798143851 0.8930434782608696 0.007250580046403712 0.006956521739130435
8 0.17082366589327147 0.6160869565217392 0.013921113689095127 0.010869565217391304
0 0.34976798143851506 0.523804347826087 0.019721577726218097 0.009347826086956522
1 0.12122969837587007 0.5693478260869566 0.0063805104408352666 0.004347826086956522
0 0.300754060324826 0.528695652173913 0.011020881670533642 0.010434782608695653
0 0.3252610208816705 0.5156521739130435 0.008990719257540603 0.01217391304347826
3 0.4131380510440835 0.46543478260869564 0.01131090487238979 0.009565217391304347
3 0.7618909512761021 0.47380434782608694 0.005220417633410673 0.003260869565217391
6 0.8510730858468677 0.573695652173913 0.005510440835266821 0.004782608695652174
0 0.5123259860788864 0.6697826086956522 0.01131090487238979 0.014782608695652174
0 0.43387470997679817 0.6531521739130435 0.013921113689095127 0.008913043478260869
0 0.4504060324825986 0.6591304347826087 0.012180974477958236 0.008695652173913044
0 0.5348027842227379 0.706195652173913 0.011020881670533642 0.012826086956521739
0 0.5266821345707656 0.6655434782608696 0.009860788863109048 0.010217391304347826
0 0.5091357308584686 0.5411956521739131 0.015951276102088168 0.010217391304347826
0 0.4872389791183295 0.5258695652173913 0.01160092807424594 0.00608695652173913
0 0.4348897911832947 0.5906521739130435 0.022331786542923435 0.01217391304347826
0 0.48506380510440833 0.5015217391304347 0.020591647331786544 0.00782608695652174
0 0.4801334106728538 0.5330434782608696 0.010730858468677494 0.00608695652173913
0 0.4424303944315545 0.5308695652173913 0.030452436194895592 0.023043478260869565
8 0.273491879350348 0.8221739130434783 0.020301624129930394 0.018695652173913044
0 0.5377030162412993 0.8697826086956522 0.015081206496519721 0.011304347826086957
7 0.505800464037123 0.9183695652173913 0.17981438515081208 0.03369565217391304
0 0.06177494199535963 0.6290217391304348 0.02668213457076566 0.0632608695652174
0 0.09469257540603249 0.7185869565217391 0.04089327146171694 0.04673913043478261
0 0.20229118329466358 0.6122826086956522 0.015951276102088168 0.012826086956521739
2 0.37775522041763343 0.5603260869565218 0.043793503480278426 0.05543478260869565
2 0.5243619489559165 0.4905434782608696 0.027262180974477957 0.01891304347826087
2 0.4801334106728538 0.6582608695652173 0.029872389791183295 0.024782608695652172
0 0.1216647331786543 0.6941304347826087 0.02523201856148492 0.02782608695652174
0 0.8387470997679815 0.6789130434782609 0.016821345707656612 0.023043478260869565
0 0.8507830626450116 0.6126086956521739 0.028132250580046404 0.02608695652173913
0 0.35991879350348027 0.19532608695652173 0.037703016241299306 0.021521739130434783
0 0.435614849187935 0.1381521739130435 0.03538283062645012 0.01847826086956522
0 0.09150232018561485 0.5461956521739131 0.06235498839907193 0.036304347826086956
0 0.15182714617169374 0.673804347826087 0.024651972157772623 0.03065217391304348
0 0.11789443155452436 0.6683695652173913 0.018851508120649653 0.01934782608695652
0 0.06815545243619489 0.6718478260869565 0.018561484918793503 0.026304347826086958
0 0.14515661252900233 0.716304347826087 0.020591647331786544 0.028695652173913042
0 0.357453596287703 0.23282608695652174 0.012470997679814385 0.007391304347826087
0 0.36745939675174016 0.24021739130434783 0.012180974477958236 0.010434782608695653
0 0.46142691415313225 0.3015217391304348 0.014501160092807424 0.010869565217391304
0 0.5226218097447796 0.39021739130434785 0.013921113689095127 0.013478260869565217
0 0.37021461716937354 0.5073913043478261 0.007250580046403712 0.00782608695652174
0 0.29016821345707655 0.5633695652173913 0.02349187935034803 0.008913043478260869
0 0.26493619489559167 0.5214130434782609 0.020011600928074247 0.009782608695652175
0 0.11122389791183294 0.596304347826087 0.043793503480278426 0.03304347826086956
8 0.013776102088167054 0.5659782608695653 0.0095707656612529 0.010217391304347826
0 0.14182134570765662 0.6467391304347826 0.01160092807424594 0.00782608695652174
0 0.20823665893271462 0.6798913043478261 0.017981438515081206 0.009782608695652175
0 0.17778422273781902 0.6332608695652174 0.013921113689095127 0.011739130434782608
8 0.1666183294663573 0.658695652173913 0.014211136890951276 0.011304347826086957
0 0.18488979118329466 0.7920652173913043 0.010730858468677494 0.008478260869565218
8 0.2415893271461717 0.7967391304347826 0.011020881670533642 0.008695652173913044
0 0.242169373549884 0.8258695652173913 0.009280742459396751 0.010434782608695653
0 0.4254640371229698 0.8747826086956522 0.011020881670533642 0.003043478260869565
0 0.45142111368909515 0.8658695652173913 0.015951276102088168 0.010869565217391304
0 0.4937645011600928 0.8917391304347826 0.018271461716937356 0.010869565217391304
0 0.4689675174013921 0.7060869565217391 0.015661252900232018 0.01608695652173913
0 0.4322795823665893 0.7202173913043478 0.010730858468677494 0.008695652173913044
0 0.47317285382830626 0.7228260869565217 0.017111368909512762 0.01391304347826087
0 0.48346867749419953 0.7384782608695653 0.017981438515081206 0.009565217391304347
0 0.48042343387471 0.7276086956521739 0.008990719257540603 0.004347826086956522
0 0.4970997679814385 0.7178260869565217 0.020301624129930394 0.01565217391304348
2 0.45983178654292345 0.7130434782608696 0.008410672853828306 0.00608695652173913
2 0.453161252900232 0.7203260869565218 0.008990719257540603 0.005434782608695652
0 0.4617169373549884 0.6768478260869565 0.008700696055684454 0.008043478260869565
0 0.39341647331786544 0.6611956521739131 0.016531322505800465 0.010217391304347826
0 0.42691415313225056 0.6765217391304348 0.009280742459396751 0.01
0 0.4195185614849188 0.6477173913043478 0.01537122969837587 0.008478260869565218
0 0.41879350348027844 0.6580434782608696 0.010440835266821345 0.006521739130434782
0 0.53915313225058 0.7352173913043478 0.01334106728538283 0.02391304347826087
0 0.60165313225058 0.7215217391304348 0.022331786542923435 0.016956521739130436
0 0.6399361948955916 0.6332608695652174 0.01131090487238979 0.006521739130434782
0 0.621084686774942 0.5870652173913044 0.005510440835266821 0.005434782608695652
0 0.7183874709976799 0.5290217391304348 0.013921113689095127 0.017608695652173913
0 0.7805974477958236 0.6428260869565218 0.013631090487238979 0.006956521739130435
0 0.7515951276102089 0.6870652173913043 0.018271461716937356 0.015
0 0.759860788863109 0.7105434782608696 0.0075406032482598605 0.008478260869565218
0 0.7994489559164734 0.6940217391304347 0.0095707656612529 0.008913043478260869
0 0.8700696055684455 0.6820652173913043 0.01334106728538283 0.014565217391304348
0 0.7652262180974478 0.6598913043478261 0.0287122969837587 0.015869565217391305
0 0.6115139211136891 0.5484782608695652 0.006670533642691415 0.007391304347826087
8 0.919953596287703 0.43728260869565216 0.014501160092807424 0.01108695652173913
1 0.294953596287703 0.10945652173913044 0.0075406032482598605 0.007173913043478261
1 0.2810324825986079 0.10521739130434783 0.0069605568445475635 0.006956521739130435
1 0.8591937354988399 0.4898913043478261 0.008410672853828306 0.005869565217391304
0 0.9113979118329466 0.5268478260869566 0.014211136890951276 0.015
0 0.6493619489559165 0.5152173913043478 0.020301624129930394 0.01217391304347826
1 0.636745939675174 0.5143478260869565 0.007830626450116009 0.006956521739130435
0 0.5100058004640371 0.47739130434782606 0.01537122969837587 0.010869565217391304
0 0.45925174013921116 0.48630434782608695 0.013631090487238979 0.01391304347826087
2 0.669953596287703 0.5291304347826087 0.01740139211136891 0.01217391304347826
0 0.7260730858468677 0.6352173913043478 0.01537122969837587 0.019130434782608695
0 0.7472447795823666 0.8759782608695652 0.018851508120649653 0.021521739130434783
0 0.1964907192575406 0.8067391304347826 0.0095707656612529 0.007391304347826087
0 0.24390951276102088 0.7229347826086957 0.016821345707656612 0.01934782608695652
0 0.8831206496519721 0.4706521739130435 0.0069605568445475635 0.004782608695652174
0 0.8297563805104409 0.5830434782608696 0.027262180974477957 0.01391304347826087
0 0.7166473317865429 0.5707608695652174 0.016241299303944315 0.010217391304347826
0 0.810469837587007 0.6308695652173913 0.01131090487238979 0.012608695652173913
0 0.7769721577726219 0.6227173913043478 0.0191415313225058 0.008478260869565218
0 0.7846577726218097 0.6310869565217392 0.006090487238979118 0.005652173913043478
0 0.732453596287703 0.6567391304347826 0.029292343387470998 0.01608695652173913
0 0.7236078886310905 0.8040217391304347 0.02320185614849188 0.006304347826086957
0 0.3013341067285383 0.8547826086956521 0.01740139211136891 0.011739130434782608
1 0.271461716937355 0.7964130434782609 0.004060324825986079 0.003260869565217391
0 0.3512180974477958 0.7453260869565217 0.015081206496519721 0.012391304347826086
0 0.025087006960556844 0.3651086956521739 0.010730858468677494 0.01847826086956522
0 0.42531902552204176 0.3533695652173913 0.010730858468677494 0.005
0 0.5130510440835266 0.41934782608695653 0.008700696055684454 0.006521739130434782
0 0.5919373549883991 0.19728260869565217 0.02262180974477958 0.01934782608695652
0 0.5493039443155452 0.1892391304347826 0.008120649651972157 0.004130434782608695
0 0.5848317865429234 0.35978260869565215 0.008990719257540603 0.00782608695652174
0 0.36078886310904873 0.5638043478260869 0.016821345707656612 0.02717391304347826
1 0.32758120649651973 0.5092391304347826 0.007830626450116009 0.006739130434782609
0 0.4431554524361949 0.4693478260869565 0.01160092807424594 0.00826086956521739
0 0.4388051044083527 0.4906521739130435 0.015081206496519721 0.014782608695652174
0 0.2208526682134571 0.5864130434782608 0.025812064965197216 0.012826086956521739
0 0.2555104408352668 0.8438043478260869 0.010440835266821345 0.009347826086956522
0 0.32961136890951276 0.8714130434782609 0.010730858468677494 0.011956521739130435
0 0.4459106728538283 0.8790217391304348 0.014211136890951276 0.005869565217391304
0 0.46592227378190254 0.8847826086956522 0.016531322505800465 0.00608695652173913
0 0.5746809744779582 0.8806521739130435 0.01131090487238979 0.01217391304347826
0 0.505945475638051 0.8676086956521739 0.008990719257540603 0.004782608695652174
0 0.47839327146171695 0.8722826086956522 0.012470997679814385 0.005434782608695652
0 0.8110498839907193 0.7038043478260869 0.010150812064965197 0.01108695652173913
0 0.6183294663573086 0.7159782608695652 0.013921113689095127 0.012391304347826086
0 0.6318155452436195 0.7196739130434783 0.013051044083526682 0.015