9 0.5640951276102089 0.2418478260869565 0.010440835266821345 0.008913043478260869
4 0.9080626450116009 0.29793478260869566 0.009280742459396751 0.016304347826086956
9 0.6350058004640371 0.32282608695652176 0.008410672853828306 0.00608695652173913
8 0.5787412993039444 0.34847826086956524 0.025812064965197216 0.017391304347826087
8 0.6023781902552204 0.35130434782608694 0.02320185614849188 0.023043478260869565
0 0.47143271461716935 0.3953260869565217 0.01131090487238979 0.008478260869565218
0 0.46925754060324826 0.33717391304347827 0.027842227378190254 0.023478260869565216
0 0.4464907192575406 0.35956521739130437 0.03277262180974478 0.02217391304347826
0 0.3654292343387471 0.4146739130434783 0.012180974477958236 0.012826086956521739
3 0.23781902552204176 0.49228260869565216 0.012180974477958236 0.005869565217391304
6 0.16038283062645012 0.5691304347826087 0.009280742459396751 0.007391304347826087
6 0.25536542923433875 0.5640217391304347 0.004930394431554524 0.004565217391304348
6 0.3151102088167053 0.6025 0.007830626450116009 0.005869565217391304
6 0.3013341067285383 0.6417391304347826 0.0075406032482598605 0.006956521739130435
0 0.265661252900232 0.6323913043478261 0.019721577726218097 0.01217391304347826
0 0.2927784222737819 0.633695652173913 0.01537122969837587 0.009130434782608696
8 0.330046403712297 0.7243478260869565 0.010440835266821345 0.006956521739130435
0 0.2798723897911833 0.7057608695652174 0.016241299303944315 0.014565217391304348
0 0.2433294663573086 0.7132608695652174 0.04640371229698376 0.041304347826086954
6 0.14457656612529002 0.5878260869565217 0.01131090487238979 0.009565217391304347
0 0.15690255220417634 0.7226086956521739 0.0069605568445475635 0.014782608695652174
6 0.28523781902552203 0.6793478260869565 0.0031902552204176333 0.0026086956521739132
6 0.3220707656612529 0.5983695652173913 0.0031902552204176333 0.003260869565217391
6 0.2707366589327146 0.62 0.005510440835266821 0.005652173913043478
0 0.30553944315545245 0.6069565217391304 0.008990719257540603 0.00608695652173913
6 0.2359338747099768 0.5740217391304347 0.004350348027842227 0.004130434782608695
0 0.21824245939675174 0.5625 0.03625290023201856 0.012826086956521739
6 0.18793503480278423 0.5843478260869566 0.004060324825986079 0.004782608695652174
0 0.16415313225058004 0.5797826086956521 0.020301624129930394 0.01
0 0.1541473317865429 0.5714130434782608 0.018271461716937356 0.014130434782608696
1 0.36470417633410673 0.8346739130434783 0.004930394431554524 0.005434782608695652
1 0.30481438515081205 0.8404347826086956 0.005220417633410673 0.0026086956521739132
1 0.3119199535962877 0.858804347826087 0.0037703016241299302 0.003260869565217391
1 0.34367749419953597 0.8736956521739131 0.0034802784222737818 0.003043478260869565
1 0.45519141531322505 0.8636956521739131 0.0037703016241299302 0.003043478260869565
4 0.3180104408352668 0.884891304347826 0.008410672853828306 0.005869565217391304
1 0.3519431554524362 0.8442391304347826 0.0031902552204176333 0.002391304347826087
1 0.341792343387471 0.8582608695652174 0.0037703016241299302 0.002173913043478261
1 0.4060324825986079 0.8691304347826087 0.004640371229698376 0.003043478260869565
1 0.3938515081206497 0.8590217391304348 0.002320185614849188 0.001956521739130435
9 0.5224767981438515 0.923804347826087 0.020591647331786544 0.012391304347826086
9 0.5024651972157773 0.9344565217391304 0.01131090487238979 0.008043478260869565
6 0.5118909512761021 0.8682608695652174 0.0034802784222737818 0.0026086956521739132
4 0.7405742459396751 0.8847826086956522 0.007250580046403712 0.004347826086956522
8 0.7544953596287703 0.8855434782608695 0.011890951276102088 0.010652173913043479
8 0.8328016241299304 0.8578260869565217 0.012470997679814385 0.010434782608695653
6 0.6228248259860789 0.761195652173913 0.006090487238979118 0.005
6 0.6963457076566125 0.7275 0.0075406032482598605 0.005869565217391304
8 0.7620359628770301 0.763695652173913 0.007250580046403712 0.007391304347826087
0 0.8396171693735499 0.8146739130434782 0.015661252900232018 0.036304347826086956
8 0.863399071925754 0.798695652173913 0.011020881670533642 0.017391304347826087
8 0.8870359628770301 0.7729347826086956 0.01131090487238979 0.021956521739130434
0 0.8204756380510441 0.7248913043478261 0.011020881670533642 0.011521739130434782
4 0.8918213457076566 0.6702173913043479 0.0063805104408352666 0.009565217391304347
0 0.876885150812065 0.7119565217391305 0.015951276102088168 0.019130434782608695
9 0.9272041763341067 0.6695652173913044 0.013921113689095127 0.014782608695652174
9 0.927784222737819 0.6882608695652174 0.0063805104408352666 0.013043478260869565
8 0.9509860788863109 0.626195652173913 0.008120649651972157 0.017608695652173913
0 0.9067575406032483 0.6304347826086957 0.03857308584686775 0.06260869565217392
0 0.8713747099767981 0.6377173913043478 0.013051044083526682 0.009347826086956522
0 0.8375870069605569 0.6473913043478261 0.016821345707656612 0.014347826086956521
8 0.857308584686775 0.6625 0.01160092807424594 0.014130434782608696
0 0.7807424593967517 0.625 0.021461716937354988 0.017391304347826087
0 0.8409222737819025 0.6078260869565217 0.060614849187935034 0.03260869565217391
0 0.8304814385150812 0.6322826086956522 0.01769141531322506 0.008043478260869565
9 0.85542343387471 0.5995652173913043 0.011890951276102088 0.010434782608695653
0 0.8075696055684455 0.5952173913043478 0.03857308584686775 0.02826086956521739
6 0.8003190255220418 0.6170652173913044 0.008410672853828306 0.005
6 0.7942285382830626 0.6143478260869565 0.004930394431554524 0.003043478260869565
6 0.7906032482598608 0.616195652173913 0.004060324825986079 0.002391304347826087
6 0.798868909512761 0.62 0.004930394431554524 0.002173913043478261
0 0.767546403712297 0.5930434782608696 0.05655452436194896 0.04
6 0.7766821345707656 0.5672826086956522 0.008120649651972157 0.005
6 0.7881380510440835 0.5697826086956522 0.008990719257540603 0.004347826086956522
0 0.9343097447795824 0.5085869565217391 0.022331786542923435 0.03195652173913043
4 0.9287993039443155 0.4723913043478261 0.0037703016241299302 0.0052173913043478265
3 0.8793503480278422 0.5155434782608695 0.0574245939675174 0.026304347826086958
4 0.7946635730858469 0.4693478260869565 0.01160092807424594 0.005652173913043478
8 0.9135730858468677 0.3521739130434783 0.019721577726218097 0.02434782608695652
4 0.6107888631090487 0.6148913043478261 0.012761020881670533 0.008913043478260869
8 0.544808584686775 0.5396739130434782 0.031612529002320186 0.011521739130434782
3 0.40965777262180975 0.5381521739130435 0.02697215777262181 0.028478260869565217
3 0.15211716937354988 0.5040217391304348 0.04205336426914153 0.03282608695652174
4 0.05075406032482599 0.4782608695652174 0.0075406032482598605 0.00608695652173913
8 0.1824245939675174 0.2242391304347826 0.012180974477958236 0.008043478260869565
3 0.4965197215777262 0.16315217391304349 0.017981438515081206 0.008478260869565218
1 0.4475058004640371 0.572391304347826 0.009280742459396751 0.00826086956521739
6 0.6102088167053364 0.5504347826086956 0.00580046403712297 0.0034782608695652175
6 0.5569895591647331 0.5847826086956521 0.006090487238979118 0.003043478260869565
6 0.5504640371229699 0.6034782608695652 0.004640371229698376 0.00391304347826087
6 0.5829466357308585 0.5993478260869565 0.0063805104408352666 0.003043478260869565
6 0.5945475638051044 0.57 0.004060324825986079 0.00391304347826087
6 0.5436484918793504 0.5765217391304348 0.006670533642691415 0.00391304347826087
6 0.5162412993039444 0.6072826086956522 0.008120649651972157 0.005434782608695652
6 0.5282772621809745 0.6221739130434782 0.0031902552204176333 0.0026086956521739132
6 0.5265371229698376 0.634891304347826 0.004350348027842227 0.004565217391304348
1 0.5613399071925754 0.6091304347826086 0.004930394431554524 0.0034782608695652175
6 0.572360788863109 0.6263043478260869 0.006090487238979118 0.00391304347826087
1 0.5208816705336426 0.5218478260869566 0.004640371229698376 0.002391304347826087
1 0.486368909512761 0.49826086956521737 0.002900232018561485 0.003043478260869565
1 0.478538283062645 0.49630434782608696 0.004060324825986079 0.004347826086956522
8 0.41821345707656615 0.29989130434782607 0.01334106728538283 0.010652173913043479
8 0.2105568445475638 0.5928260869565217 0.01334106728538283 0.009565217391304347
8 0.2247679814385151 0.5907608695652173 0.01160092807424594 0.012391304347826086
8 0.24303944315545242 0.6117391304347826 0.012180974477958236 0.009565217391304347
0 0.23114849187935035 0.5921739130434782 0.06322505800464037 0.03
8 0.25304524361948955 0.6206521739130435 0.011890951276102088 0.01
3 0.6502320185614849 0.5168478260869566 0.01334106728538283 0.011521739130434782
3 0.6661832946635731 0.5306521739130434 0.013921113689095127 0.010434782608695653
0 0.7560904872389791 0.6381521739130435 0.012180974477958236 0.006739130434782609
0 0.7797273781902552 0.6504347826086957 0.07221577726218098 0.044782608695652176
5 0.8525232018561485 0.7001086956521739 0.029872389791183295 0.028478260869565217
9 0.8581786542923434 0.6803260869565217 0.01334106728538283 0.012391304347826086
5 0.915893271461717 0.6938043478260869 0.014501160092807424 0.025
8 0.7404292343387471 0.17315217391304347 0.015081206496519721 0.011521739130434782
2 0.6131090487238979 0.15413043478260868 0.019721577726218097 0.008695652173913044
6 0.29756380510440833 0.6516304347826087 0.0069605568445475635 0.005
6 0.30814965197215777 0.6497826086956522 0.004930394431554524 0.004347826086956522
6 0.3024941995359629 0.5965217391304348 0.0063805104408352666 0.004782608695652174
6 0.30495939675174016 0.6242391304347826 0.004930394431554524 0.0036956521739130435
0 0.2581206496519722 0.6589130434782609 0.013921113689095127 0.013043478260869565
0 0.2730568445475638 0.6730434782608695 0.017111368909512762 0.012608695652173913
8 0.27059164733178653 0.6679347826086957 0.010440835266821345 0.007608695652173913
0 0.24463457076566125 0.6769565217391305 0.011890951276102088 0.009565217391304347
6 0.17154872389791184 0.7179347826086957 0.0037703016241299302 0.004565217391304348
1 0.3779002320185615 0.8447826086956521 0.008120649651972157 0.006521739130434782
8 0.607453596287703 0.6841304347826087 0.029872389791183295 0.02391304347826087
9 0.4984048723897912 0.7193478260869566 0.015951276102088168 0.010434782608695653
8 0.29872389791183296 0.7496739130434783 0.031902552204176336 0.020652173913043477
5 0.2640661252900232 0.7405434782608695 0.04263341067285383 0.03760869565217391
8 0.23796403712296985 0.7830434782608696 0.016531322505800465 0.01217391304347826
1 0.26377610208816704 0.7667391304347826 0.014211136890951276 0.010869565217391304
5 0.1097737819025522 0.6322826086956522 0.029872389791183295 0.04456521739130435
1 0.7049013921113689 0.5407608695652174 0.005510440835266821 0.004130434782608695
8 0.6901102088167054 0.35456521739130437 0.013631090487238979 0.009130434782608696
1 0.7492749419953596 0.22402173913043477 0.010150812064965197 0.005869565217391304
8 0.11644431554524362 0.2465217391304348 0.01769141531322506 0.018695652173913044
5 0.11847447795823667 0.31619565217391304 0.024651972157772623 0.035869565217391305
0 0.28364269141531323 0.6882608695652174 0.02494199535962877 0.006956521739130435
0 0.1390661252900232 0.6160869565217392 0.049013921113689095 0.033478260869565214
8 0.5524941995359629 0.2775 0.019721577726218097 0.016304347826086956
6 0.5165313225058005 0.47043478260869565 0.012180974477958236 0.00782608695652174
0 0.18503480278422274 0.6702173913043479 0.017981438515081206 0.01652173913043478
0 0.146461716937355 0.6611956521739131 0.015081206496519721 0.018043478260869564
0 0.11455916473317865 0.6818478260869565 0.01740139211136891 0.04673913043478261
8 0.19605568445475638 0.730108695652174 0.01334106728538283 0.009347826086956522
6 0.36629930394431554 0.7380434782608696 0.0069605568445475635 0.0052173913043478265
1 0.35542343387471 0.7523913043478261 0.006670533642691415 0.004782608695652174
6 0.29190835266821347 0.6633695652173913 0.008410672853828306 0.005869565217391304
8 0.199245939675174 0.618804347826087 0.009860788863109048 0.008043478260869565
9 0.20084106728538284 0.6556521739130434 0.01131090487238979 0.010434782608695653
9 0.23303364269141533 0.6561956521739131 0.01131090487238979 0.008913043478260869
6 0.45910672853828305 0.7514130434782609 0.00580046403712297 0.005434782608695652
0 0.7787122969837587 0.7056521739130435 0.009280742459396751 0.007391304347826087
0 0.7853828306264501 0.716195652173913 0.008120649651972157 0.009782608695652175
0 0.7985788863109049 0.7157608695652173 0.0095707656612529 0.008913043478260869
0 0.7778422273781903 0.6741304347826087 0.023781902552204175 0.01217391304347826
8 0.826131090487239 0.6783695652173913 0.016531322505800465 0.009782608695652175
9 0.8845707656612529 0.7132608695652174 0.0075406032482598605 0.006956521739130435
9 0.884715777262181 0.6826086956521739 0.007250580046403712 0.004782608695652174
9 0.8883410672853829 0.6743478260869565 0.004640371229698376 0.003043478260869565
1 0.8565835266821346 0.5798913043478261 0.007250580046403712 0.005
0 0.41647331786542924 0.2752173913043478 0.008700696055684454 0.009565217391304347
8 0.6049883990719258 0.25173913043478263 0.005220417633410673 0.004782608695652174
1 0.6822795823665894 0.48489130434782607 0.0031902552204176333 0.002391304347826087
8 0.8897911832946636 0.5943478260869566 0.012761020881670533 0.008695652173913044
0 0.7872679814385151 0.6860869565217391 0.013051044083526682 0.008695652173913044
0 0.8039443155452436 0.6698913043478261 0.010440835266821345 0.008043478260869565
0 0.804669373549884 0.6614130434782609 0.010730858468677494 0.009347826086956522
6 0.333961716937355 0.6307608695652174 0.006670533642691415 0.004565217391304348
0 0.20591647331786542 0.683804347826087 0.013921113689095127 0.01108695652173913
0 0.21737238979118328 0.6869565217391305 0.006670533642691415 0.004782608695652174
8 0.1395011600928074 0.6917391304347826 0.012180974477958236 0.015217391304347827
2 0.511745939675174 0.9044565217391304 0.004930394431554524 0.003260869565217391
8 0.4798433874709977 0.876195652173913 0.004930394431554524 0.003260869565217391
2 0.5043503480278422 0.8782608695652174 0.015081206496519721 0.006521739130434782
8 0.6254350348027842 0.32369565217391305 0.0095707656612529 0.008695652173913044
1 0.8342517401392111 0.2544565217391304 0.006090487238979118 0.005
0 0.7939385150812065 0.6943478260869566 0.005510440835266821 0.0034782608695652175
0 0.1769141531322506 0.7088043478260869 0.008700696055684454 0.008913043478260869
0 0.16589327146171692 0.6926086956521739 0.012180974477958236 0.008695652173913044
1 0.6036832946635731 0.5880434782608696 0.008990719257540603 0.00782608695652174
1 0.6457366589327146 0.9121739130434783 0.004350348027842227 0.003043478260869565
6 0.7001160092807425 0.9370652173913043 0.005220417633410673 0.005434782608695652
1 0.6645881670533643 0.9055434782608696 0.0037703016241299302 0.002826086956521739
6 0.5149361948955916 0.8982608695652174 0.0037703016241299302 0.003043478260869565
6 0.4934744779582367 0.19021739130434784 0.007250580046403712 0.0052173913043478265
6 0.5129060324825986 0.18141304347826087 0.0031902552204176333 0.002826086956521739
0 0.5427784222737819 0.19478260869565217 0.007250580046403712 0.0052173913043478265
8 0.43503480278422274 0.29641304347826086 0.0069605568445475635 0.008913043478260869