9 0.7319155092592593 0.6870177469135802 0.025173611111111112 0.01986882716049383
8 0.2064525462962963 0.7608024691358025 0.02228009259259259 0.018132716049382717
4 0.1762152777777778 0.1966628086419753 0.008101851851851851 0.004822530864197531
4 0.8055555555555556 0.2854938271604938 0.013888888888888888 0.008873456790123456
4 0.7261284722222222 0.1798804012345679 0.011284722222222222 0.008294753086419753
4 0.9282407407407407 0.45688657407407407 0.008680555555555556 0.009837962962962963
4 0.7854456018518519 0.6949266975308642 0.013599537037037037 0.009837962962962963
8 0.8226273148148148 0.644483024691358 0.02141203703703704 0.02353395061728395
8 0.7436342592592593 0.6222993827160493 0.03993055555555555 0.02199074074074074
8 0.7089120370370371 0.6640625 0.030671296296296297 0.016396604938271605
8 0.8903356481481481 0.5812114197530864 0.018518518518518517 0.022762345679012346
8 0.09259259259259259 0.6201774691358025 0.011574074074074073 0.011188271604938271
8 0.14829282407407407 0.5658757716049383 0.021122685185185185 0.017554012345679014
8 0.0720486111111111 0.5286458333333334 0.013310185185185185 0.01408179012345679
1 0.6359953703703703 0.49083719135802467 0.009837962962962963 0.008294753086419753
1 0.5034722222222222 0.40673225308641975 0.009259259259259259 0.006751543209876543
1 0.3888888888888889 0.4644097222222222 0.005787037037037037 0.004436728395061728
3 0.11950231481481481 0.49421296296296297 0.009259259259259259 0.008873456790123456
3 0.08304398148148148 0.4163773148148148 0.02546296296296296 0.01099537037037037
3 0.05092592592592592 0.4071180555555556 0.011574074074074073 0.010223765432098766
3 0.04861111111111111 0.43643904320987653 0.009259259259259259 0.01253858024691358
3 0.14308449074074073 0.46826774691358025 0.01070601851851852 0.009066358024691358
3 0.11313657407407407 0.47550154320987653 0.01273148148148148 0.011574074074074073
3 0.11733217592592593 0.4591049382716049 0.011863425925925927 0.01273148148148148
3 0.8161168981481481 0.49440586419753085 0.027488425925925927 0.02044753086419753
3 0.9338831018518519 0.4427083333333333 0.011863425925925927 0.013117283950617283
3 0.7831307870370371 0.48148148148148145 0.015914351851851853 0.008873456790123456
3 0.6767939814814815 0.4653742283950617 0.005787037037037037 0.0055941358024691355
1 0.6529224537037037 0.6657986111111112 0.008969907407407407 0.008680555555555556
7 0.2686631944444444 0.7122878086419753 0.05179398148148148 0.06385030864197531
0 0.17028356481481483 0.6634837962962963 0.035590277777777776 0.026813271604938273
0 0.11414930555555555 0.6338734567901234 0.02459490740740741 0.01890432098765432
0 0.1875 0.5369405864197531 0.008101851851851851 0.005979938271604938
0 0.1629050925925926 0.5517939814814815 0.009259259259259259 0.004822530864197531
0 0.8637152777777778 0.6368634259259259 0.013310185185185185 0.02179783950617284
0 0.8450520833333334 0.6574074074074074 0.010127314814814815 0.013117283950617283
0 0.9020543981481481 0.552758487654321 0.013020833333333334 0.016396604938271605
0 0.20023148148148148 0.6764081790123457 0.02488425925925926 0.014853395061728395
1 0.4525462962962963 0.44145447530864196 0.005208333333333333 0.0036651234567901233
1 0.8877314814814815 0.5495756172839507 0.005208333333333333 0.0038580246913580245
8 0.6970486111111112 0.8039158950617284 0.008680555555555556 0.005979938271604938
8 0.2243923611111111 0.7998649691358025 0.018229166666666668 0.013310185185185185
7 0.13136574074074073 0.36709104938271603 0.005787037037037037 0.0038580246913580245
7 0.14916087962962962 0.36930941358024694 0.006655092592592593 0.005979938271604938
6 0.4813368055555556 0.39380787037037035 0.007233796296296296 0.004822530864197531
1 0.3546006944444444 0.6488233024691358 0.006655092592592593 0.0055941358024691355
8 0.17896412037037038 0.7271412037037037 0.0234375 0.014467592592592593
6 0.5800057870370371 0.1875 0.011284722222222222 0.006944444444444444
0 0.6589988425925926 0.21903935185185186 0.01244212962962963 0.010223765432098766
1 0.19429976851851852 0.4894868827160494 0.008969907407407407 0.005208333333333333
8 0.08347800925925926 0.5773533950617284 0.010127314814814815 0.010416666666666666
8 0.078125 0.6119791666666666 0.00636574074074074 0.005979938271604938
8 0.1076388888888889 0.6462191358024691 0.009837962962962963 0.009259259259259259
8 0.27531828703703703 0.5547839506172839 0.014756944444444444 0.009259259259259259
6 0.5855034722222222 0.8206018518518519 0.004918981481481482 0.0038580246913580245
0 0.7122395833333334 0.5770640432098766 0.014756944444444444 0.007908950617283951
6 0.4361979166666667 0.09037422839506173 0.006076388888888889 0.0036651234567901233
1 0.06235532407407408 0.5399305555555556 0.007233796296296296 0.006558641975308642
8 0.23842592592592593 0.7009066358024691 0.01099537037037037 0.009837962962962963
8 0.8609664351851852 0.6125578703703703 0.008969907407407407 0.008680555555555556
8 0.9026331018518519 0.5950038580246914 0.013020833333333334 0.01408179012345679
