4 0.5916473317865429 0.15195652173913043 0.01334106728538283 0.009130434782608696
0 0.42038863109048724 0.12260869565217392 0.014211136890951276 0.01565217391304348
0 0.3587587006960557 0.2126086956521739 0.01160092807424594 0.010869565217391304
0 0.48216357308584684 0.3216304347826087 0.013631090487238979 0.008478260869565218
0 0.5192865429234339 0.31521739130434784 0.020011600928074247 0.01217391304347826
0 0.46476218097447797 0.12032608695652174 0.04205336426914153 0.01717391304347826
0 0.513631090487239 0.15358695652173912 0.015661252900232018 0.011521739130434782
0 0.5107308584686775 0.1884782608695652 0.0191415313225058 0.01217391304347826
6 0.4459106728538283 0.16184782608695653 0.011890951276102088 0.007608695652173913
0 0.07758120649651973 0.5697826086956522 0.016531322505800465 0.020869565217391306
0 0.17038863109048724 0.6075 0.012470997679814385 0.013260869565217392
0 0.18488979118329466 0.6158695652173913 0.021751740139211138 0.013478260869565217
0 0.2117169373549884 0.6198913043478261 0.01334106728538283 0.010652173913043479
0 0.22375290023201855 0.6339130434782608 0.011890951276102088 0.010434782608695653
0 0.23752900232018562 0.6360869565217391 0.019721577726218097 0.010869565217391304
0 0.1808294663573086 0.5904347826086956 0.020011600928074247 0.017391304347826087
0 0.195330626450116 0.5795652173913044 0.01943155452436195 0.015217391304347827
0 0.18111948955916474 0.5640217391304347 0.008410672853828306 0.010217391304347826
0 0.21592227378190254 0.6901086956521739 0.029872389791183295 0.020217391304347826
0 0.23448375870069604 0.6939130434782609 0.007250580046403712 0.005652173913043478
0 0.21374709976798145 0.706304347826087 0.010440835266821345 0.011304347826086957
0 0.19953596287703015 0.7045652173913044 0.015661252900232018 0.011739130434782608
0 0.22926334106728538 0.7002173913043478 0.010730858468677494 0.009565217391304347
0 0.14602668213457076 0.6616304347826087 0.006090487238979118 0.007173913043478261
0 0.15298723897911834 0.6852173913043478 0.006090487238979118 0.008695652173913044
0 0.18372969837587008 0.6718478260869565 0.008990719257540603 0.01108695652173913
0 0.8172853828306265 0.6595652173913044 0.025522041763341066 0.016956521739130436
0 0.8180104408352669 0.6408695652173914 0.03973317865429234 0.01391304347826087
0 0.835991879350348 0.6553260869565217 0.01537122969837587 0.015869565217391305
0 0.8412122969837587 0.6792391304347826 0.028132250580046404 0.01891304347826087
0 0.8493329466357309 0.6929347826086957 0.010150812064965197 0.008913043478260869
0 0.8178654292343387 0.7066304347826087 0.016241299303944315 0.01717391304347826
0 0.8834106728538283 0.7008695652173913 0.022041763341067284 0.02217391304347826
0 0.8725348027842227 0.6281521739130435 0.025812064965197216 0.020217391304347826
0 0.9312645011600929 0.5501086956521739 0.01740139211136891 0.017608695652173913
0 0.8957366589327146 0.5829347826086957 0.030452436194895592 0.017608695652173913
0 0.9055974477958236 0.6158695652173913 0.010730858468677494 0.018695652173913044
0 0.9095127610208816 0.5971739130434782 0.009860788863109048 0.014782608695652174
0 0.9386600928074246 0.5932608695652174 0.010730858468677494 0.014782608695652174
0 0.9679524361948956 0.5593478260869565 0.026392111368909513 0.04521739130434783
0 0.8755800464037123 0.5475 0.012761020881670533 0.010652173913043479
0 0.7721867749419954 0.6021739130434782 0.013051044083526682 0.008695652173913044
0 0.7782772621809745 0.6305434782608695 0.04553364269141531 0.03152173913043478
0 0.93372969837587 0.5658695652173913 0.020011600928074247 0.020869565217391306
0 0.8345417633410673 0.5242391304347827 0.021751740139211138 0.016739130434782607
3 0.8852958236658933 0.4489130434782609 0.02291183294663573 0.02391304347826087
1 0.9176334106728539 0.33 0.0075406032482598605 0.006521739130434782
8 0.7966937354988399 0.1331521739130435 0.015661252900232018 0.011521739130434782
3 0.1904002320185615 0.47543478260869565 0.01537122969837587 0.01
3 0.09382250580046404 0.4440217391304348 0.008410672853828306 0.008913043478260869
3 0.10672853828306264 0.4256521739130435 0.008120649651972157 0.005652173913043478
0 0.06627030162412993 0.46847826086956523 0.02117169373549884 0.030434782608695653
0 0.09498259860788863 0.519891304347826 0.01131090487238979 0.010652173913043479
0 0.11339907192575406 0.5140217391304348 0.01740139211136891 0.019782608695652175
0 0.12920533642691415 0.58 0.014791183294663572 0.023478260869565216
0 0.11760440835266821 0.6132608695652174 0.014211136890951276 0.013043478260869565
0 0.09469257540603249 0.5779347826086957 0.007250580046403712 0.008043478260869565
0 0.10339327146171694 0.5695652173913044 0.005510440835266821 0.00608695652173913
2 0.24521461716937354 0.6095652173913043 0.020591647331786544 0.011739130434782608
2 0.8077146171693735 0.5882608695652174 0.01334106728538283 0.009565217391304347
0 0.195330626450116 0.6366304347826087 0.03277262180974478 0.02108695652173913
0 0.1480568445475638 0.551304347826087 0.007250580046403712 0.011739130434782608
0 0.9678074245939675 0.636195652173913 0.009280742459396751 0.019782608695652175
0 0.9183584686774942 0.6690217391304348 0.018851508120649653 0.02282608695652174
0 0.8532482598607889 0.6417391304347826 0.013921113689095127 0.013478260869565217
2 0.8581786542923434 0.6489130434782608 0.0063805104408352666 0.0052173913043478265
0 0.4409802784222738 0.3616304347826087 0.010150812064965197 0.008043478260869565
0 0.4554814385150812 0.2634782608695652 0.011890951276102088 0.004347826086956522
0 0.4156032482598608 0.26021739130434784 0.010440835266821345 0.0052173913043478265
0 0.4538863109048724 0.5118478260869566 0.008120649651972157 0.008478260869565218
0 0.3990719257540603 0.5542391304347826 0.011020881670533642 0.009782608695652175
0 0.398491879350348 0.5622826086956522 0.009280742459396751 0.005434782608695652
2 0.5530742459396751 0.855 0.02088167053364269 0.01391304347826087
8 0.4170533642691415 0.9125 0.0191415313225058 0.016739130434782607
8 0.30191415313225056 0.8085869565217392 0.02088167053364269 0.015869565217391305
8 0.3238109048723898 0.8514130434782609 0.027552204176334107 0.019782608695652175
5 0.5172563805104409 0.9203260869565217 0.07975638051044083 0.043260869565217394
8 0.4509860788863109 0.9232608695652174 0.027262180974477957 0.020869565217391306
0 0.2275232018561485 0.7813043478260869 0.02291183294663573 0.021739130434782608
8 0.2805974477958237 0.85 0.020011600928074247 0.018260869565217393
0 0.5015951276102089 0.10989130434782608 0.016531322505800465 0.006304347826086957
0 0.16183294663573086 0.675 0.008700696055684454 0.006521739130434782
0 0.1136890951276102 0.6521739130434783 0.008120649651972157 0.00782608695652174
0 0.10933874709976799 0.6955434782608696 0.011020881670533642 0.01934782608695652
0 0.5578596287703016 0.5952173913043478 0.007250580046403712 0.006956521739130435
8 0.48332366589327147 0.5839130434782609 0.007250580046403712 0.00782608695652174
1 0.4798433874709977 0.5765217391304348 0.004930394431554524 0.00391304347826087
1 0.4866589327146172 0.5748913043478261 0.004640371229698376 0.0036956521739130435
0 0.8229408352668214 0.6295652173913043 0.010150812064965197 0.008695652173913044
0 0.91415313225058 0.7138043478260869 0.015081206496519721 0.015869565217391305
0 0.9364849187935035 0.608804347826087 0.008120649651972157 0.011521739130434782
0 0.4791183294663573 0.5363043478260869 0.012761020881670533 0.010434782608695653
6 0.5034802784222738 0.51 0.005220417633410673 0.0034782608695652175
0 0.5930974477958236 0.573695652173913 0.011020881670533642 0.00782608695652174
2 0.5952726218097448 0.8490217391304348 0.014211136890951276 0.009347826086956522
2 0.380800464037123 0.8389130434782609 0.02494199535962877 0.01608695652173913
3 0.1238399071925754 0.6648913043478261 0.011020881670533642 0.010217391304347826
4 0.5991879350348028 0.6470652173913043 0.020301624129930394 0.014565217391304348
6 0.2688515081206497 0.11978260869565217 0.00580046403712297 0.004347826086956522
0 0.5523491879350348 0.3216304347826087 0.01537122969837587 0.007173913043478261
0 0.5471287703016241 0.2757608695652174 0.007250580046403712 0.007173913043478261
0 0.6232598607888631 0.5520652173913043 0.01334106728538283 0.005869565217391304
1 0.6012180974477959 0.5968478260869565 0.004640371229698376 0.004130434782608695
0 0.5636600928074246 0.7096739130434783 0.008990719257540603 0.010217391304347826
6 0.3313515081206497 0.6919565217391305 0.005510440835266821 0.004782608695652174
6 0.4769431554524362 0.8672826086956522 0.007250580046403712 0.007173913043478261
6 0.4657772621809745 0.9047826086956522 0.00580046403712297 0.00391304347826087
8 0.5857018561484919 0.8879347826086956 0.013631090487238979 0.011956521739130435
1 0.6537122969837587 0.9070652173913043 0.014501160092807424 0.012391304347826086
0 0.08570185614849188 0.6625 0.005510440835266821 0.006304347826086957
0 0.07917633410672854 0.6253260869565217 0.008700696055684454 0.015434782608695652
0 0.06482018561484919 0.5892391304347826 0.010730858468677494 0.027608695652173915
0 0.052059164733178655 0.5390217391304348 0.015951276102088168 0.03065217391304348
0 0.2162122969837587 0.6667391304347826 0.013051044083526682 0.006956521739130435
0 0.08831206496519721 0.35630434782608694 0.010730858468677494 0.01608695652173913
0 0.08019141531322506 0.3051086956521739 0.015951276102088168 0.02717391304347826
0 0.7602958236658933 0.6002173913043478 0.010150812064965197 0.007391304347826087
0 0.8120649651972158 0.5758695652173913 0.009860788863109048 0.007391304347826087
2 0.39341647331786544 0.8923913043478261 0.014791183294663572 0.01
2 0.43271461716937354 0.29880434782608695 0.016241299303944315 0.010217391304347826
1 0.6389211136890951 0.1497826086956522 0.009860788863109048 0.007391304347826087
0 0.6352958236658933 0.20945652173913043 0.010730858468677494 0.02108695652173913
8 0.4173433874709977 0.40608695652173915 0.01160092807424594 0.007391304347826087
1 0.6199245939675174 0.9159782608695652 0.006090487238979118 0.005
0 0.7749419953596288 0.6640217391304348 0.01334106728538283 0.005869565217391304
0 0.8072795823665894 0.6767391304347826 0.012470997679814385 0.00826086956521739
0 0.824245939675174 0.6204347826086957 0.008700696055684454 0.009565217391304347
0 0.835991879350348 0.6094565217391305 0.008410672853828306 0.007608695652173913
0 0.867314385150812 0.671304347826087 0.004350348027842227 0.0052173913043478265
0 0.8803654292343387 0.6510869565217391 0.01131090487238979 0.00782608695652174
0 0.867169373549884 0.662608695652174 0.01334106728538283 0.010434782608695653
1 0.23912412993039442 0.24434782608695652 0.006670533642691415 0.0052173913043478265
6 0.38196055684454755 0.2916304347826087 0.0069605568445475635 0.0036956521739130435
1 0.550899071925754 0.37956521739130433 0.006670533642691415 0.005652173913043478
0 0.9694025522041764 0.4956521739130435 0.010150812064965197 0.015217391304347827
0 0.9470707656612529 0.5279347826086956 0.013631090487238979 0.016304347826086956
0 0.9111078886310905 0.5130434782608696 0.013051044083526682 0.009130434782608696
0 0.8900812064965197 0.5329347826086956 0.010440835266821345 0.009347826086956522
0 0.8229408352668214 0.5359782608695652 0.014791183294663572 0.011956521739130435
0 0.859338747099768 0.5585869565217392 0.008700696055684454 0.005869565217391304
0 0.8486078886310905 0.5948913043478261 0.008120649651972157 0.01108695652173913
0 0.8815255220417634 0.6666304347826087 0.02697215777262181 0.022391304347826088
0 0.93372969837587 0.6975 0.0095707656612529 0.021521739130434783
0 0.6058584686774942 0.5589130434782609 0.0063805104408352666 0.013043478260869565
0 0.5984628770301624 0.5614130434782608 0.01131090487238979 0.012826086956521739
1 0.20055104408352667 0.21456521739130435 0.007830626450116009 0.004782608695652174
8 0.03552784222737819 0.4283695652173913 0.008410672853828306 0.014565217391304348
0 0.125 0.6359782608695652 0.0063805104408352666 0.006739130434782609
0 0.15110208816705337 0.6397826086956522 0.01740139211136891 0.01565217391304348
0 0.15588747099767983 0.7135869565217391 0.008990719257540603 0.015
0 0.1661832946635731 0.59 0.0069605568445475635 0.00608695652173913
0 0.15980278422273783 0.6132608695652174 0.004640371229698376 0.0052173913043478265
0 0.18967517401392112 0.655 0.009860788863109048 0.00826086956521739
0 0.30060904872389793 0.7214130434782609 0.013051044083526682 0.006739130434782609
0 0.16705336426914152 0.7966304347826086 0.015081206496519721 0.011956521739130435
0 0.18735498839907191 0.797608695652174 0.018561484918793503 0.016956521739130436
6 0.6502320185614849 0.8340217391304348 0.00580046403712297 0.004130434782608695
1 0.9327146171693735 0.7394565217391305 0.0075406032482598605 0.006304347826086957
0 0.949100928074246 0.6656521739130434 0.014791183294663572 0.018695652173913044
0 0.8760150812064965 0.573695652173913 0.0095707656612529 0.008695652173913044
0 0.9450406032482599 0.39467391304347826 0.018851508120649653 0.024130434782608696
0 0.6177494199535963 0.033804347826086954 0.004060324825986079 0.004565217391304348
