9 0.2926334106728538 0.898804347826087 0.011020881670533642 0.011521739130434782
9 0.3958816705336427 0.8470652173913044 0.011020881670533642 0.009347826086956522
9 0.6886600928074246 0.8753260869565217 0.0095707656612529 0.007173913043478261
9 0.6809744779582366 0.7394565217391305 0.013921113689095127 0.011521739130434782
9 0.6468967517401392 0.7323913043478261 0.014211136890951276 0.01391304347826087
9 0.16038283062645012 0.6563043478260869 0.009860788863109048 0.005652173913043478
9 0.07874129930394431 0.6236956521739131 0.010150812064965197 0.013478260869565217
9 0.6102088167053364 0.5140217391304348 0.008700696055684454 0.007608695652173913
9 0.5394431554524362 0.34880434782608694 0.00580046403712297 0.005434782608695652
9 0.6915603248259861 0.08706521739130435 0.010730858468677494 0.008478260869565218
6 0.4286542923433875 0.050978260869565216 0.0075406032482598605 0.004565217391304348
6 0.4683874709976798 0.049130434782608694 0.00580046403712297 0.004782608695652174
9 0.055394431554524365 0.4432608695652174 0.013921113689095127 0.01391304347826087
1 0.17488399071925753 0.33021739130434785 0.009280742459396751 0.00608695652173913
4 0.29814385150812067 0.6739130434782609 0.012761020881670533 0.00782608695652174
4 0.14341647331786542 0.6146739130434783 0.012470997679814385 0.009347826086956522
8 0.31337006960556846 0.873804347826087 0.024651972157772623 0.01934782608695652
8 0.40907772621809746 0.8514130434782609 0.017111368909512762 0.012826086956521739
9 0.37470997679814383 0.8702173913043478 0.009280742459396751 0.006521739130434782
1 0.2991589327146172 0.8644565217391305 0.004350348027842227 0.0036956521739130435
1 0.43604988399071926 0.9134782608695652 0.007830626450116009 0.003043478260869565
1 0.5437935034802784 0.8292391304347826 0.008120649651972157 0.004565217391304348
1 0.3220707656612529 0.8916304347826087 0.005510440835266821 0.0036956521739130435
9 0.39080626450116007 0.8802173913043478 0.008410672853828306 0.006956521739130435
9 0.3693445475638051 0.8860869565217391 0.016531322505800465 0.01608695652173913
1 0.5266821345707656 0.9130434782608695 0.004640371229698376 0.0034782608695652175
1 0.5377030162412993 0.9061956521739131 0.004060324825986079 0.0036956521739130435
8 0.6822795823665894 0.8110869565217391 0.021751740139211138 0.014782608695652174
1 0.6948955916473318 0.6892391304347826 0.0063805104408352666 0.006739130434782609
8 0.42270881670533644 0.6068478260869565 0.013631090487238979 0.007608695652173913
8 0.42169373549883993 0.6131521739130434 0.009280742459396751 0.005
0 0.4694025522041763 0.6555434782608696 0.0095707656612529 0.010217391304347826
0 0.4607018561484919 0.6378260869565218 0.006670533642691415 0.006521739130434782
9 0.34817285382830626 0.6105434782608695 0.008990719257540603 0.005
0 0.2433294663573086 0.62 0.018561484918793503 0.01391304347826087
0 0.12064965197215777 0.5418478260869565 0.00580046403712297 0.011521739130434782
0 0.1959106728538283 0.5772826086956522 0.017111368909512762 0.010217391304347826
0 0.22621809744779584 0.5888043478260869 0.015661252900232018 0.010652173913043479
0 0.2208526682134571 0.5677173913043478 0.014211136890951276 0.013695652173913043
1 0.23375870069605567 0.5592391304347826 0.008120649651972157 0.004130434782608695
0 0.2296983758700696 0.5730434782608695 0.011020881670533642 0.006956521739130435
9 0.30263921113689096 0.4940217391304348 0.006090487238979118 0.004565217391304348
1 0.22534802784222738 0.4682608695652174 0.00580046403712297 0.003043478260869565
1 0.2523201856148492 0.495 0.0063805104408352666 0.00391304347826087
0 0.1892401392111369 0.5667391304347826 0.007250580046403712 0.00782608695652174
1 0.2892981438515081 0.5466304347826086 0.005510440835266821 0.004565217391304348
1 0.349622969837587 0.3958695652173913 0.004350348027842227 0.003043478260869565
1 0.3415023201856148 0.44804347826086954 0.004350348027842227 0.003043478260869565
8 0.32917633410672853 0.48239130434782607 0.012180974477958236 0.007391304347826087
0 0.23216357308584687 0.49532608695652175 0.01131090487238979 0.008913043478260869
1 0.2708816705336427 0.6105434782608695 0.0063805104408352666 0.003260869565217391
1 0.24129930394431554 0.6402173913043478 0.0063805104408352666 0.004782608695652174
0 0.09019721577726218 0.5808695652173913 0.019721577726218097 0.020869565217391306
0 0.23491879350348027 0.6107608695652174 0.016821345707656612 0.008043478260869565
0 0.2420243619489559 0.6023913043478261 0.01537122969837587 0.01
6 0.2455046403712297 0.5630434782608695 0.0095707656612529 0.0052173913043478265
6 0.22331786542923435 0.5483695652173913 0.0063805104408352666 0.004565217391304348
6 0.25304524361948955 0.5921739130434782 0.008990719257540603 0.004782608695652174
8 0.030162412993039442 0.44315217391304346 0.008120649651972157 0.015434782608695652
1 0.10136310904872389 0.4426086956521739 0.0031902552204176333 0.0026086956521739132
1 0.07903132250580046 0.42228260869565215 0.0026102088167053363 0.002391304347826087
8 0.1919953596287703 0.4672826086956522 0.0069605568445475635 0.005
0 0.18155452436194897 0.6383695652173913 0.011020881670533642 0.015434782608695652
6 0.2827726218097448 0.5031521739130435 0.004640371229698376 0.0036956521739130435
6 0.32439095127610207 0.5846739130434783 0.005510440835266821 0.004565217391304348
6 0.324245939675174 0.6017391304347826 0.005220417633410673 0.00391304347826087
1 0.26450116009280744 0.5983695652173913 0.0063805104408352666 0.005
5 0.3629640371229698 0.6519565217391304 0.055394431554524365 0.05565217391304348
1 0.8674593967517401 0.4718478260869565 0.00580046403712297 0.005869565217391304
1 0.8056844547563805 0.44456521739130433 0.005220417633410673 0.0034782608695652175
0 0.7341937354988399 0.5940217391304348 0.013051044083526682 0.007173913043478261
8 0.7742169373549884 0.6757608695652174 0.01943155452436195 0.012391304347826086
8 0.42604408352668216 0.4865217391304348 0.008120649651972157 0.006521739130434782
8 0.6107888631090487 0.5389130434782609 0.012761020881670533 0.009130434782608696
1 0.5913573085846868 0.45315217391304347 0.002900232018561485 0.002391304347826087
1 0.8039443155452436 0.5986956521739131 0.009860788863109048 0.006521739130434782
4 0.6525522041763341 0.5319565217391304 0.012180974477958236 0.006521739130434782
8 0.8670243619489559 0.5047826086956522 0.014791183294663572 0.010434782608695653
0 0.7911832946635731 0.553695652173913 0.012761020881670533 0.010434782608695653
0 0.794808584686775 0.5922826086956522 0.016531322505800465 0.014565217391304348
0 0.7439095127610209 0.6189130434782608 0.009280742459396751 0.007391304347826087
0 0.8055394431554525 0.5841304347826087 0.013051044083526682 0.010434782608695653
0 0.5433584686774942 0.628804347826087 0.011890951276102088 0.007173913043478261
0 0.7234628770301624 0.6241304347826087 0.010730858468677494 0.00826086956521739
0 0.7662412993039444 0.6038043478260869 0.010440835266821345 0.006739130434782609
1 0.8116299303944315 0.523695652173913 0.007830626450116009 0.004347826086956522
6 0.8841357308584686 0.37 0.004930394431554524 0.0034782608695652175
8 0.8639791183294664 0.7667391304347826 0.013921113689095127 0.013478260869565217
0 0.8503480278422274 0.5297826086956522 0.0063805104408352666 0.0052173913043478265
0 0.8493329466357309 0.6248913043478261 0.010150812064965197 0.010652173913043479
0 0.5295823665893271 0.3002173913043478 0.016821345707656612 0.013478260869565217
4 0.41197795823665895 0.3446739130434783 0.0095707656612529 0.007173913043478261
0 0.515516241299304 0.3081521739130435 0.01131090487238979 0.007608695652173913
5 0.4025522041763341 0.2609782608695652 0.054524361948955914 0.04021739130434782
1 0.0619199535962877 0.3658695652173913 0.006090487238979118 0.0034782608695652175
8 0.08657192575406032 0.24717391304347827 0.013631090487238979 0.02
1 0.19054524361948955 0.1391304347826087 0.0063805104408352666 0.003043478260869565
8 0.35600348027842227 0.1751086956521739 0.016531322505800465 0.011956521739130435
8 0.7668213457076566 0.16108695652173913 0.017981438515081206 0.010869565217391304
8 0.5935324825986079 0.1266304347826087 0.031612529002320186 0.020217391304347826
1 0.5108758700696056 0.11489130434782609 0.006670533642691415 0.005869565217391304
1 0.2888631090487239 0.1117391304347826 0.005220417633410673 0.00391304347826087
1 0.30872969837587005 0.10847826086956522 0.006090487238979118 0.00391304347826087
1 0.43604988399071926 0.2252173913043478 0.010150812064965197 0.00782608695652174
1 0.4582366589327146 0.2417391304347826 0.0063805104408352666 0.004782608695652174
1 0.40124709976798145 0.29684782608695653 0.007830626450116009 0.007173913043478261
1 0.4955046403712297 0.2722826086956522 0.011890951276102088 0.010652173913043479
8 0.39080626450116007 0.021739130434782608 0.013051044083526682 0.007391304347826087
1 0.4899941995359629 0.09717391304347826 0.007830626450116009 0.00608695652173913
8 0.45185614849187933 0.055 0.014501160092807424 0.006956521739130435
1 0.6685034802784223 0.23326086956521738 0.0075406032482598605 0.004782608695652174
1 0.6593677494199536 0.23391304347826086 0.0037703016241299302 0.003043478260869565
6 0.5906322505800464 0.2333695652173913 0.005510440835266821 0.004130434782608695
0 0.6122389791183295 0.19728260869565217 0.0069605568445475635 0.004130434782608695
1 0.3433874709976798 0.23043478260869565 0.0034802784222737818 0.0034782608695652175
0 0.15095707656612528 0.5840217391304348 0.016531322505800465 0.020217391304347826
0 0.1148491879350348 0.5964130434782609 0.00580046403712297 0.006739130434782609
0 0.13921113689095127 0.5989130434782609 0.010440835266821345 0.010434782608695653
0 0.18895011600928074 0.6148913043478261 0.020011600928074247 0.01891304347826087
0 0.09701276102088167 0.6465217391304348 0.014211136890951276 0.023043478260869565
0 0.0804814385150812 0.6463043478260869 0.010150812064965197 0.01608695652173913
0 0.10919373549883991 0.6354347826086957 0.008990719257540603 0.010434782608695653
0 0.11977958236658932 0.5841304347826087 0.002900232018561485 0.0034782608695652175
2 0.5693155452436195 0.8630434782608696 0.026102088167053363 0.009565217391304347
9 0.6161542923433875 0.8871739130434783 0.010150812064965197 0.007391304347826087
8 0.6467517401392111 0.8773913043478261 0.014501160092807424 0.008695652173913044
8 0.6866299303944315 0.9078260869565218 0.010730858468677494 0.00782608695652174
8 0.6693735498839907 0.7640217391304348 0.027262180974477957 0.01847826086956522
0 0.8094547563805105 0.7248913043478261 0.016241299303944315 0.015
0 0.775377030162413 0.6895652173913044 0.026392111368909513 0.016956521739130436
0 0.8351218097447796 0.6281521739130435 0.013051044083526682 0.011521739130434782
0 0.888631090487239 0.6168478260869565 0.024361948955916472 0.015869565217391305
0 0.9138631090487239 0.6165217391304347 0.017981438515081206 0.023043478260869565
0 0.9241589327146171 0.5569565217391305 0.01769141531322506 0.025217391304347827
0 0.05959976798143851 0.5140217391304348 0.020591647331786544 0.03239130434782609
0 0.08251160092807425 0.5520652173913043 0.015951276102088168 0.01847826086956522
0 0.05002900232018562 0.5659782608695653 0.022331786542923435 0.02326086956521739
0 0.05162412993039443 0.5411956521739131 0.015661252900232018 0.019782608695652175
0 0.15690255220417634 0.5122826086956521 0.012761020881670533 0.005869565217391304
0 0.19446055684454758 0.5133695652173913 0.014211136890951276 0.011956521739130435
0 0.19011020881670534 0.681304347826087 0.014211136890951276 0.015217391304347827
1 0.179669373549884 0.7153260869565218 0.006670533642691415 0.004565217391304348
4 0.19750580046403712 0.7693478260869565 0.00580046403712297 0.005652173913043478
1 0.19663573085846867 0.8118478260869565 0.005220417633410673 0.004130434782608695
2 0.4099477958236659 0.4142391304347826 0.011890951276102088 0.013695652173913043
7 0.3665893271461717 0.1265217391304348 0.27552204176334105 0.041304347826086954
7 0.6529872389791184 0.11815217391304347 0.21316705336426914 0.03804347826086957
0 0.8980568445475638 0.2727173913043478 0.026392111368909513 0.03239130434782609
0 0.15400232018561485 0.1923913043478261 0.01740139211136891 0.014782608695652174
0 0.17995939675174014 0.5660869565217391 0.02117169373549884 0.014782608695652174
0 0.13268561484918792 0.6690217391304348 0.013051044083526682 0.012826086956521739
8 0.10397331786542924 0.7505434782608695 0.012470997679814385 0.012391304347826086
1 0.7230278422273781 0.6741304347826087 0.008700696055684454 0.006521739130434782
8 0.6754640371229699 0.8740217391304348 0.020301624129930394 0.015869565217391305
4 0.39080626450116007 0.31043478260869567 0.0095707656612529 0.004782608695652174
1 0.2956786542923434 0.09315217391304348 0.008990719257540603 0.005869565217391304
1 0.7137470997679815 0.10021739130434783 0.008700696055684454 0.0052173913043478265
0 0.9203886310904872 0.2842391304347826 0.008410672853828306 0.012826086956521739
1 0.17865429234338748 0.14554347826086955 0.005220417633410673 0.004565217391304348
1 0.3316415313225058 0.1058695652173913 0.006670533642691415 0.005652173913043478
6 0.45011600928074247 0.1923913043478261 0.005220417633410673 0.00391304347826087
0 0.8123549883990719 0.6003260869565218 0.033642691415313224 0.020652173913043477
0 0.8568735498839907 0.5929347826086957 0.007250580046403712 0.008913043478260869
0 0.8020591647331786 0.6517391304347826 0.01131090487238979 0.010434782608695653
7 0.16632830626450115 0.7155434782608696 0.04263341067285383 0.02108695652173913
8 0.05698955916473318 0.653695652173913 0.005510440835266821 0.005652173913043478
8 0.4795533642691415 0.8994565217391305 0.011890951276102088 0.01108695652173913
9 0.49724477958236657 0.8808695652173913 0.010150812064965197 0.006956521739130435
0 0.9190835266821346 0.5066304347826087 0.010440835266821345 0.011956521739130435
8 0.47056264501160094 0.07967391304347826 0.028132250580046404 0.013260869565217392
0 0.9357598607888631 0.30445652173913046 0.04437354988399072 0.09065217391304348
0 0.97665313225058 0.42782608695652175 0.04669373549883991 0.09782608695652174
0 0.9330046403712297 0.33695652173913043 0.02262180974477958 0.04521739130434783
0 0.921983758700696 0.4945652173913043 0.037122969837587005 0.02043478260869565
0 0.945185614849188 0.5905434782608696 0.020301624129930394 0.036304347826086956
0 0.9518561484918794 0.5541304347826087 0.02320185614849188 0.03782608695652174
0 0.9002320185614849 0.5892391304347826 0.054524361948955914 0.028043478260869566
0 0.8821055684454756 0.6709782608695652 0.033932714617169374 0.03239130434782609
0 0.7497099767981439 0.8643478260869565 0.025522041763341066 0.021739130434782608
8 0.3912412993039443 0.12978260869565217 0.012180974477958236 0.008695652173913044
1 0.3835556844547564 0.09728260869565217 0.008410672853828306 0.006304347826086957
0 0.4984048723897912 0.1716304347826087 0.022331786542923435 0.01847826086956522
8 0.4124129930394432 0.8860869565217391 0.014501160092807424 0.011304347826086957
8 0.44779582366589327 0.8952173913043479 0.009280742459396751 0.008695652173913044
2 0.5904872389791184 0.8459782608695652 0.03480278422273782 0.010652173913043479
8 0.8722447795823666 0.6811956521739131 0.010150812064965197 0.008043478260869565
1 0.20954176334106728 0.1641304347826087 0.004930394431554524 0.003043478260869565
8 0.42995939675174016 0.15228260869565216 0.010150812064965197 0.005869565217391304
0 0.7945185614849188 0.52 0.020011600928074247 0.010434782608695653
0 0.4132830626450116 0.506195652173913 0.009280742459396751 0.008478260869565218
1 0.16038283062645012 0.17445652173913043 0.0063805104408352666 0.004565217391304348
1 0.3522331786542923 0.06771739130434783 0.006670533642691415 0.005869565217391304
8 0.9443155452436195 0.4298913043478261 0.010440835266821345 0.007608695652173913
8 0.7033062645011601 0.8616304347826087 0.013921113689095127 0.009782608695652175
1 0.5479988399071926 0.8803260869565217 0.004350348027842227 0.002391304347826087
1 0.5227668213457076 0.8826086956521739 0.004930394431554524 0.00391304347826087
9 0.4240139211136891 0.8515217391304348 0.0069605568445475635 0.004782608695652174
2 0.3850058004640371 0.8573913043478261 0.011890951276102088 0.0052173913043478265
1 0.3355568445475638 0.8534782608695652 0.0034802784222737818 0.0026086956521739132
8 0.11673433874709976 0.6967391304347826 0.008990719257540603 0.01
9 0.12529002320185614 0.7060869565217391 0.0063805104408352666 0.004782608695652174
1 0.2196925754060325 0.6452173913043479 0.007830626450116009 0.0052173913043478265
0 0.21882250580046403 0.6328260869565218 0.018271461716937356 0.007391304347826087
8 0.3806554524361949 0.49880434782608696 0.006670533642691415 0.006304347826086957
8 0.44112529002320183 0.08065217391304348 0.01160092807424594 0.00826086956521739
6 0.6254350348027842 0.05315217391304348 0.006670533642691415 0.0036956521739130435
0 0.7974187935034803 0.225 0.016531322505800465 0.010869565217391304
0 0.8670243619489559 0.5396739130434782 0.008410672853828306 0.009347826086956522
0 0.880945475638051 0.5420652173913043 0.017111368909512762 0.009782608695652175
0 0.8191705336426914 0.5413043478260869 0.018271461716937356 0.009565217391304347
0 0.824100928074246 0.7769565217391304 0.013051044083526682 0.017391304347826087
9 0.5139211136890951 0.8478260869565217 0.03944315545243619 0.017826086956521738
5 0.3499129930394432 0.8729347826086956 0.04205336426914153 0.02717391304347826
0 0.06569025522041763 0.6282608695652174 0.010150812064965197 0.02217391304347826
0 0.2965487238979118 0.5285869565217391 0.03451276102088167 0.015434782608695652
1 0.40748259860788866 0.39891304347826084 0.004640371229698376 0.004782608695652174
