7 0.1902488425925926 0.3803047839506173 0.013599537037037037 0.011381172839506173
7 0.17491319444444445 0.38271604938271603 0.01765046296296296 0.013888888888888888
7 0.1579861111111111 0.38657407407407407 0.018518518518518517 0.016975308641975308
3 0.8677662037037037 0.5501543209876543 0.015625 0.013503086419753086
3 0.8885995370370371 0.5459104938271605 0.013888888888888888 0.01427469135802469
3 0.8527199074074074 0.5123456790123457 0.01099537037037037 0.006172839506172839
3 0.8033854166666666 0.5298032407407407 0.021122685185185185 0.016396604938271605
3 0.8499710648148148 0.5277777777777778 0.011284722222222222 0.008487654320987654
3 0.7436342592592593 0.5519868827160493 0.011574074074074073 0.007908950617283951
3 0.7718460648148148 0.5397376543209876 0.008391203703703705 0.006172839506172839
3 0.7225115740740741 0.5421489197530864 0.01099537037037037 0.007137345679012345
3 0.5405092592592593 0.6066743827160493 0.013310185185185185 0.015046296296296295
3 0.5221354166666666 0.6095679012345679 0.009548611111111112 0.009645061728395061
3 0.43735532407407407 0.5169753086419753 0.0078125 0.005015432098765432
3 0.4117476851851852 0.5276813271604939 0.00636574074074074 0.00636574074074074
3 0.41811342592592593 0.5007716049382716 0.007523148148148148 0.005787037037037037
3 0.5149016203703703 0.5037615740740741 0.004918981481481482 0.004436728395061728
3 0.5141782407407407 0.5098379629629629 0.006944444444444444 0.005401234567901234
3 0.23972800925925927 0.550733024691358 0.014756944444444444 0.008487654320987654
3 0.1964699074074074 0.519579475308642 0.010416666666666666 0.007523148148148148
3 0.16247106481481483 0.49932484567901236 0.006076388888888889 0.004436728395061728
3 0.42563657407407407 0.44232253086419754 0.006944444444444444 0.005015432098765432
6 0.20558449074074073 0.6181520061728395 0.009548611111111112 0.006751543209876543
8 0.8660300925925926 0.41271219135802467 0.01678240740740741 0.01253858024691358
8 0.9228877314814815 0.5845871913580247 0.008969907407407407 0.010609567901234568
8 0.9495081018518519 0.5711805555555556 0.007233796296296296 0.01890432098765432
8 0.9301215277777778 0.6106288580246914 0.0078125 0.011381172839506173
8 0.9212962962962963 0.6466049382716049 0.015625 0.02199074074074074
8 0.9223090277777778 0.6779513888888888 0.007233796296296296 0.010609567901234568
8 0.21672453703703703 0.7038966049382716 0.016203703703703703 0.012345679012345678
6 0.42607060185185186 0.28858024691358025 0.011863425925925927 0.008101851851851851
3 0.5364583333333334 0.6268325617283951 0.01273148148148148 0.015239197530864198
8 0.9461805555555556 0.44241898148148145 0.008680555555555556 0.01099537037037037
8 0.8693576388888888 0.736304012345679 0.014178240740740741 0.010802469135802469
4 0.6579861111111112 0.8480902777777778 0.005208333333333333 0.0028935185185185184
3 0.13527199074074073 0.5784143518518519 0.010127314814814815 0.007523148148148148
3 0.15321180555555555 0.5812114197530864 0.011284722222222222 0.013503086419753086
3 0.12398726851851852 0.5959683641975309 0.010127314814814815 0.011381172839506173
4 0.18388310185185186 0.7733410493827161 0.003761574074074074 0.004629629629629629
8 0.8068576388888888 0.5747492283950617 0.0078125 0.004436728395061728
3 0.9377893518518519 0.5426311728395061 0.009837962962962963 0.011188271604938271
3 0.9324363425925926 0.5228587962962963 0.005497685185185185 0.011381172839506173
8 0.9535590277777778 0.49286265432098764 0.005497685185185185 0.008873456790123456
7 0.20703125 0.38994984567901236 0.10619212962962964 0.025270061728395063
3 0.1857638888888889 0.5378086419753086 0.009259259259259259 0.008101851851851851
3 0.20153356481481483 0.5680941358024691 0.0078125 0.005787037037037037
3 0.17664930555555555 0.5721450617283951 0.018229166666666668 0.0073302469135802465
3 0.12254050925925926 0.5441743827160493 0.008969907407407407 0.0073302469135802465
0 0.9020543981481481 0.5270061728395061 0.006076388888888889 0.006172839506172839
3 0.8845486111111112 0.5294174382716049 0.005208333333333333 0.0036651234567901233
3 0.8938078703703703 0.5733024691358025 0.009837962962962963 0.008873456790123456
3 0.8229166666666666 0.5991512345679012 0.004629629629629629 0.005015432098765432
3 0.8482349537037037 0.6029128086419753 0.0078125 0.006751543209876543
3 0.6257233796296297 0.5791859567901234 0.008391203703703705 0.0055941358024691355
8 0.921875 0.47434413580246915 0.009259259259259259 0.009259259259259259
8 0.8923611111111112 0.7322530864197531 0.009837962962962963 0.009259259259259259
8 0.11400462962962964 0.2940779320987654 0.01273148148148148 0.016010802469135804
0 0.5925925925925926 0.3148148148148148 0.02488425925925926 0.011188271604938271
8 0.8686342592592593 0.6848958333333334 0.017939814814814815 0.013695987654320988
8 0.06915509259259259 0.5885416666666666 0.006944444444444444 0.009645061728395061
8 0.1087962962962963 0.7144097222222222 0.006944444444444444 0.007523148148148148
0 0.46412037037037035 0.2961033950617284 0.019675925925925927 0.008101851851851851
