4 0.1244199535962877 0.3367391304347826 0.015661252900232018 0.013043478260869565
4 0.13312064965197215 0.5305434782608696 0.0069605568445475635 0.005869565217391304
4 0.043213457076566125 0.5779347826086957 0.0069605568445475635 0.008913043478260869
4 0.14167633410672853 0.6683695652173913 0.013631090487238979 0.009782608695652175
4 0.404292343387471 0.9477173913043478 0.01334106728538283 0.009782608695652175
4 0.6841647331786543 0.9391304347826087 0.017981438515081206 0.010869565217391304
4 0.7508700696055685 0.6155434782608695 0.017981438515081206 0.01717391304347826
4 0.8883410672853829 0.5016304347826087 0.010440835266821345 0.013695652173913043
4 0.9051624129930395 0.5454347826086956 0.009280742459396751 0.011739130434782608
4 0.9006670533642691 0.43282608695652175 0.006670533642691415 0.00608695652173913
4 0.8661542923433875 0.34543478260869565 0.007250580046403712 0.009565217391304347
4 0.8317865429234339 0.19554347826086957 0.008120649651972157 0.01108695652173913
4 0.6255800464037123 0.20869565217391303 0.019721577726218097 0.01217391304347826
8 0.24970997679814386 0.6164130434782609 0.015081206496519721 0.010652173913043479
6 0.2437645011600928 0.6040217391304348 0.007250580046403712 0.005869565217391304
4 0.3111948955916473 0.615108695652174 0.0034802784222737818 0.005
4 0.3185904872389791 0.7745652173913044 0.007830626450116009 0.0034782608695652175
4 0.5188515081206496 0.7460869565217392 0.009280742459396751 0.007391304347826087
6 0.3779002320185615 0.731304347826087 0.004640371229698376 0.004782608695652174
9 0.8680394431554525 0.5814130434782608 0.009280742459396751 0.007173913043478261
8 0.8371519721577726 0.6444565217391305 0.010730858468677494 0.010652173913043479
4 0.7076566125290024 0.6823913043478261 0.00580046403712297 0.006956521739130435
8 0.03813805104408353 0.46304347826086956 0.004350348027842227 0.004782608695652174
0 0.45533642691415316 0.7035869565217391 0.009280742459396751 0.006304347826086957
1 0.5553944315545244 0.07021739130434783 0.008120649651972157 0.005652173913043478
1 0.3818155452436195 0.10163043478260869 0.008410672853828306 0.005
8 0.41226798143851506 0.5285869565217391 0.018271461716937356 0.011521739130434782
4 0.28407772621809746 0.9155434782608696 0.006090487238979118 0.005434782608695652
0 0.7175174013921114 0.5422826086956521 0.012761020881670533 0.017608695652173913
8 0.8309164733178654 0.4965217391304348 0.008120649651972157 0.005652173913043478
8 0.8293213457076566 0.5698913043478261 0.010150812064965197 0.008043478260869565
0 0.8294663573085846 0.5735869565217391 0.01740139211136891 0.007173913043478261
0 0.8526682134570766 0.5541304347826087 0.016241299303944315 0.010869565217391304
0 0.16357308584686775 0.556304347826087 0.014501160092807424 0.01217391304347826
0 0.1583526682134571 0.6333695652173913 0.01160092807424594 0.009347826086956522
1 0.25768561484918795 0.1741304347826087 0.006670533642691415 0.0034782608695652175
0 0.8800754060324826 0.2866304347826087 0.006670533642691415 0.008478260869565218
8 0.10745359628770301 0.5707608695652174 0.010730858468677494 0.008478260869565218
0 0.20171113689095127 0.6617391304347826 0.014211136890951276 0.007391304347826087
0 0.13660092807424595 0.6551086956521739 0.008700696055684454 0.008043478260869565
0 0.7214327146171694 0.5816304347826087 0.014791183294663572 0.011521739130434782
0 0.7449245939675174 0.6435869565217391 0.01131090487238979 0.008478260869565218
0 0.7318735498839907 0.6659782608695652 0.010730858468677494 0.005869565217391304
1 0.2659512761020882 0.5354347826086957 0.01160092807424594 0.00782608695652174
1 0.2196925754060325 0.5323913043478261 0.0095707656612529 0.00608695652173913
1 0.14994199535962877 0.5129347826086956 0.0075406032482598605 0.0036956521739130435
1 0.21838747099767983 0.1956521739130435 0.00580046403712297 0.004782608695652174
1 0.6545823665893271 0.11434782608695652 0.00580046403712297 0.00391304347826087
7 0.591792343387471 0.49478260869565216 0.021751740139211138 0.018695652173913044
5 0.5909222737819025 0.9296739130434782 0.03567285382830626 0.04021739130434782
0 0.35890371229698376 0.8989130434782608 0.010730858468677494 0.006521739130434782