4 0.19069025522041763 0.245 0.008990719257540603 0.00608695652173913
4 0.11629930394431555 0.3447826086956522 0.005220417633410673 0.00608695652173913
4 0.8958816705336426 0.4490217391304348 0.0034802784222737818 0.007173913043478261
4 0.867314385150812 0.6154347826086957 0.004930394431554524 0.009130434782608696
4 0.35556844547563804 0.6916304347826087 0.010440835266821345 0.007173913043478261
4 0.08236658932714618 0.5855434782608696 0.0063805104408352666 0.008043478260869565
4 0.08686194895591648 0.7397826086956522 0.0037703016241299302 0.008695652173913044
4 0.7553654292343387 0.33619565217391306 0.006670533642691415 0.005434782608695652
4 0.64457656612529 0.7253260869565218 0.007830626450116009 0.005434782608695652
4 0.6086136890951276 0.6743478260869565 0.004350348027842227 0.0026086956521739132
0 0.7556554524361949 0.2248913043478261 0.010150812064965197 0.006304347826086957
0 0.18140951276102088 0.8516304347826087 0.006670533642691415 0.007173913043478261
4 0.1255800464037123 0.5955434782608696 0.005220417633410673 0.005
3 0.1199245939675174 0.41684782608695653 0.03103248259860789 0.028043478260869566
3 0.12645011600928074 0.4908695652173913 0.05046403712296984 0.04739130434782609
1 0.781322505800464 0.5716304347826087 0.008120649651972157 0.005434782608695652
1 0.31554524361948955 0.8643478260869565 0.009280742459396751 0.005652173913043478
1 0.5435034802784223 0.3975 0.0075406032482598605 0.004565217391304348
0 0.531177494199536 0.41695652173913045 0.008410672853828306 0.00782608695652174
0 0.13225058004640372 0.2843478260869565 0.010440835266821345 0.011739130434782608
0 0.14791183294663574 0.30184782608695654 0.008700696055684454 0.008913043478260869
1 0.06946055684454756 0.30782608695652175 0.005510440835266821 0.004347826086956522
3 0.04451856148491879 0.3468478260869565 0.0031902552204176333 0.007608695652173913
3 0.27160672853828305 0.5959782608695652 0.013051044083526682 0.007608695652173913
0 0.22317285382830626 0.6840217391304347 0.0095707656612529 0.006739130434782609
1 0.45620649651972156 0.5554347826086956 0.0075406032482598605 0.006521739130434782
3 0.6357308584686775 0.5566304347826087 0.0069605568445475635 0.006739130434782609
3 0.8033642691415314 0.5671739130434783 0.015661252900232018 0.017826086956521738
3 0.7633410672853829 0.5292391304347827 0.02320185614849188 0.01934782608695652
1 0.3874709976798144 0.4067391304347826 0.008120649651972157 0.005652173913043478
1 0.7333236658932715 0.40695652173913044 0.010150812064965197 0.005652173913043478
0 0.5471287703016241 0.25858695652173913 0.011890951276102088 0.010652173913043479
0 0.554669373549884 0.34043478260869564 0.004930394431554524 0.006956521739130435
0 0.5754060324825986 0.27706521739130435 0.013921113689095127 0.015869565217391305
0 0.543068445475638 0.21554347826086956 0.010150812064965197 0.010217391304347826
0 0.6049883990719258 0.2728260869565217 0.010440835266821345 0.010869565217391304
0 0.5321925754060325 0.25217391304347825 0.009280742459396751 0.00826086956521739
0 0.47665313225058004 0.24 0.010150812064965197 0.00826086956521739
0 0.5249419953596288 0.2618478260869565 0.008120649651972157 0.007608695652173913
0 0.48607888631090485 0.24956521739130436 0.010440835266821345 0.009565217391304347
0 0.478538283062645 0.5619565217391305 0.01334106728538283 0.009130434782608696
0 0.376885150812065 0.5583695652173913 0.010730858468677494 0.009782608695652175
0 0.488254060324826 0.6952173913043478 0.008410672853828306 0.006956521739130435
0 0.4728828306264501 0.6967391304347826 0.007830626450116009 0.005652173913043478
0 0.47897331786542924 0.7094565217391304 0.006090487238979118 0.005
0 0.5104408352668214 0.8851086956521739 0.0063805104408352666 0.006304347826086957
0 0.5203016241299304 0.5944565217391304 0.008120649651972157 0.008043478260869565
0 0.533207656612529 0.6079347826086956 0.010730858468677494 0.006739130434782609
0 0.5198665893271461 0.5792391304347826 0.008990719257540603 0.005869565217391304
0 0.49927494199535966 0.5860869565217391 0.007250580046403712 0.005652173913043478
0 0.6213747099767981 0.2316304347826087 0.005510440835266821 0.005869565217391304
8 0.8249709976798144 0.6534782608695652 0.01131090487238979 0.00826086956521739
1 0.5029002320185615 0.5775 0.00580046403712297 0.004130434782608695
1 0.8420823665893271 0.5743478260869566 0.008410672853828306 0.01
1 0.6598027842227379 0.5585869565217392 0.01160092807424594 0.008043478260869565
0 0.5739559164733179 0.17891304347826087 0.011020881670533642 0.01391304347826087
0 0.5121809744779582 0.1858695652173913 0.012761020881670533 0.00826086956521739
8 0.755800464037123 0.20315217391304347 0.009280742459396751 0.008043478260869565
1 0.44504060324825984 0.46010869565217394 0.004350348027842227 0.0036956521739130435
1 0.2787122969837587 0.8905434782608695 0.0063805104408352666 0.006739130434782609
0 0.3043793503480278 0.19793478260869565 0.0095707656612529 0.004130434782608695
7 0.7067865429234339 0.26119565217391305 0.0034802784222737818 0.004130434782608695
0 0.5642401392111369 0.30978260869565216 0.006670533642691415 0.012608695652173913
1 0.06017981438515081 0.47739130434782606 0.005510440835266821 0.004347826086956522
0 0.10556844547563805 0.6610869565217391 0.0069605568445475635 0.015217391304347827
6 0.5044953596287703 0.8908695652173914 0.004350348027842227 0.003043478260869565