0 0.375 0.7236956521739131 0.008120649651972157 0.010869565217391304
6 0.39211136890951276 0.6943478260869566 0.00580046403712297 0.0052173913043478265
0 0.5700406032482599 0.7706521739130435 0.008410672853828306 0.009565217391304347
0 0.5980278422273781 0.7743478260869565 0.011020881670533642 0.01
0 0.25145011600928074 0.27804347826086956 0.013921113689095127 0.007391304347826087
0 0.6477668213457076 0.5559782608695653 0.01131090487238979 0.012826086956521739
6 0.55872969837587 0.2 0.0095707656612529 0.006956521739130435
0 0.6814095127610209 0.21706521739130435 0.020591647331786544 0.01108695652173913
9 0.8642691415313225 0.23771739130434782 0.0075406032482598605 0.005869565217391304
1 0.693445475638051 0.7431521739130434 0.005220417633410673 0.003260869565217391
1 0.7252030162412993 0.12891304347826088 0.006090487238979118 0.004782608695652174
1 0.7298433874709976 0.17195652173913042 0.006090487238979118 0.004782608695652174
1 0.6896751740139211 0.748804347826087 0.008700696055684454 0.005869565217391304
0 0.5319025522041764 0.29380434782608694 0.008700696055684454 0.004565217391304348
0 0.294953596287703 0.6276086956521739 0.011020881670533642 0.006956521739130435
1 0.634715777262181 0.7317391304347826 0.006670533642691415 0.004347826086956522
1 0.7697215777262181 0.6984782608695652 0.004640371229698376 0.0034782608695652175
1 0.7357888631090487 0.5467391304347826 0.004640371229698376 0.0034782608695652175
1 0.21940255220417634 0.5418478260869565 0.006670533642691415 0.005
0 0.08120649651972157 0.36086956521739133 0.0063805104408352666 0.008695652173913044