4 0.39327146171693733 0.08489130434782609 0.013921113689095127 0.008913043478260869
4 0.3542633410672854 0.04858695652173913 0.013051044083526682 0.005434782608695652
4 0.32685614849187933 0.44119565217391304 0.016241299303944315 0.010652173913043479
4 0.3870359628770302 0.4415217391304348 0.0095707656612529 0.010434782608695653
4 0.38660092807424595 0.3893478260869565 0.002900232018561485 0.003043478260869565
0 0.19779582366589327 0.5814130434782608 0.017981438515081206 0.012391304347826086
0 0.19910092807424595 0.5926086956521739 0.011890951276102088 0.01
0 0.18372969837587008 0.5957608695652173 0.01537122969837587 0.009782608695652175
0 0.17821925754060325 0.6160869565217392 0.013051044083526682 0.009130434782608696
6 0.2627610208816705 0.6041304347826087 0.0063805104408352666 0.0052173913043478265
4 0.849477958236659 0.6384782608695653 0.016241299303944315 0.014782608695652174
4 0.8510730858468677 0.6851086956521739 0.007830626450116009 0.006304347826086957
0 0.8142401392111369 0.6016304347826087 0.014211136890951276 0.010652173913043479
8 0.7862529002320185 0.6296739130434783 0.012180974477958236 0.008913043478260869
0 0.8275812064965197 0.4693478260869565 0.020011600928074247 0.015217391304347827
3 0.8918213457076566 0.4359782608695652 0.008700696055684454 0.008043478260869565
0 0.9625870069605569 0.37706521739130433 0.019721577726218097 0.021521739130434783
0 0.49927494199535966 0.0725 0.014211136890951276 0.008043478260869565
0 0.48520881670533644 0.0942391304347826 0.013921113689095127 0.007173913043478261
3 0.09222737819025523 0.3278260869565217 0.008700696055684454 0.00391304347826087
3 0.05336426914153132 0.3448913043478261 0.0063805104408352666 0.008043478260869565
3 0.021461716937354988 0.40554347826086956 0.018561484918793503 0.014130434782608696
3 0.027407192575406032 0.4325 0.005510440835266821 0.006304347826086957
3 0.018271461716937356 0.42369565217391303 0.0075406032482598605 0.005652173913043478
1 0.12819025522041763 0.401304347826087 0.0063805104408352666 0.0052173913043478265
3 0.052204176334106726 0.4158695652173913 0.012180974477958236 0.00608695652173913
3 0.034222737819025524 0.40793478260869565 0.009280742459396751 0.008913043478260869
3 0.6379060324825986 0.47532608695652173 0.007830626450116009 0.007608695652173913
3 0.6226798143851509 0.42532608695652174 0.009280742459396751 0.008478260869565218
3 0.6265951276102089 0.2876086956521739 0.011890951276102088 0.00608695652173913
3 0.5687354988399071 0.3468478260869565 0.008700696055684454 0.008043478260869565
0 0.5042053364269141 0.45271739130434785 0.010730858468677494 0.007173913043478261
2 0.3732598607888631 0.8618478260869565 0.019721577726218097 0.011956521739130435
2 0.4048723897911833 0.8628260869565217 0.02088167053364269 0.011304347826086957
2 0.4720127610208817 0.8742391304347826 0.03799303944315545 0.013260869565217392
2 0.4976798143851508 0.8619565217391304 0.03480278422273782 0.01391304347826087
2 0.5349477958236659 0.8554347826086957 0.02117169373549884 0.00782608695652174
4 0.6772041763341067 0.8842391304347826 0.009280742459396751 0.007608695652173913
0 0.7373839907192575 0.856195652173913 0.03103248259860789 0.03978260869565217
0 0.7710266821345708 0.8702173913043478 0.03335266821345707 0.04565217391304348
4 0.8333816705336426 0.7789130434782608 0.007830626450116009 0.007391304347826087
0 0.12964037122969838 0.5682608695652174 0.011020881670533642 0.014347826086956521
0 0.09831786542923433 0.5410869565217391 0.008120649651972157 0.009565217391304347
0 0.10571345707656613 0.5264130434782609 0.0095707656612529 0.006304347826086957
0 0.1052784222737819 0.5575 0.0069605568445475635 0.008043478260869565
8 0.9031322505800464 0.6396739130434783 0.010440835266821345 0.011956521739130435
4 0.9438805104408353 0.6052173913043478 0.005510440835266821 0.00782608695652174
3 0.16299303944315546 0.28304347826086956 0.009280742459396751 0.00608695652173913
3 0.23636890951276102 0.275 0.009280742459396751 0.006956521739130435
3 0.06728538283062645 0.6231521739130435 0.009860788863109048 0.009782608695652175
3 0.0822215777262181 0.6804347826086956 0.010150812064965197 0.012608695652173913
3 0.10556844547563805 0.6883695652173913 0.0075406032482598605 0.006304347826086957
2 0.7858178654292344 0.6954347826086956 0.01131090487238979 0.006521739130434782
2 0.6497969837587007 0.49434782608695654 0.017111368909512762 0.02434782608695652
0 0.4665023201856148 0.20869565217391303 0.011890951276102088 0.01391304347826087
1 0.6364559164733179 0.41445652173913045 0.005510440835266821 0.005
2 0.5015951276102089 0.8527173913043479 0.20736658932714616 0.050652173913043476
2 0.558584686774942 0.8617391304347826 0.14269141531322505 0.07739130434782608
0 0.7035962877030162 0.8897826086956522 0.024361948955916472 0.018695652173913044
0 0.0906322505800464 0.5858695652173913 0.014791183294663572 0.01391304347826087
0 0.017256380510440834 0.29630434782608694 0.014791183294663572 0.03434782608695652
0 0.5575696055684455 0.14956521739130435 0.010730858468677494 0.008695652173913044
0 0.7317285382830626 0.10815217391304348 0.008700696055684454 0.006304347826086957
0 0.14211136890951276 0.6257608695652174 0.008700696055684454 0.005
0 0.125 0.6508695652173913 0.016821345707656612 0.017826086956521738
0 0.15081206496519722 0.668695652173913 0.01334106728538283 0.00826086956521739
0 0.17053364269141533 0.6697826086956522 0.016241299303944315 0.010434782608695653
6 0.2917633410672854 0.5460869565217391 0.0075406032482598605 0.005652173913043478
0 0.564385150812065 0.12945652173913044 0.008700696055684454 0.008478260869565218
1 0.3697795823665893 0.42695652173913046 0.0069605568445475635 0.0052173913043478265
6 0.4650522041763341 0.5090217391304348 0.006090487238979118 0.005
0 0.07062064965197216 0.47934782608695653 0.013051044083526682 0.013478260869565217
0 0.25043503480278423 0.49043478260869566 0.01537122969837587 0.008695652173913044
0 0.339907192575406 0.6059782608695652 0.012761020881670533 0.008043478260869565
0 0.2196925754060325 0.5975 0.012470997679814385 0.007608695652173913
0 0.20925174013921113 0.6280434782608696 0.01131090487238979 0.009565217391304347
0 0.21635730858468677 0.6484782608695652 0.013921113689095127 0.009130434782608696
8 0.2816125290023202 0.8153260869565218 0.019721577726218097 0.013260869565217392
9 0.496084686774942 0.8364130434782608 0.01131090487238979 0.006304347826086957
0 0.4469257540603248 0.8573913043478261 0.009280742459396751 0.006956521739130435
2 0.8032192575406032 0.7582608695652174 0.01769141531322506 0.01391304347826087
6 0.675754060324826 0.6270652173913044 0.008120649651972157 0.005869565217391304
0 0.7092517401392111 0.5740217391304347 0.008410672853828306 0.008043478260869565
0 0.6554524361948956 0.49934782608695655 0.03074245939675174 0.03434782608695652
0 0.681699535962877 0.5209782608695652 0.014791183294663572 0.012391304347826086
0 0.8384570765661253 0.5003260869565217 0.015081206496519721 0.008043478260869565
0 0.9601218097447796 0.5630434782608695 0.015951276102088168 0.04
0 0.9533062645011601 0.45717391304347826 0.016241299303944315 0.02391304347826087
0 0.44910092807424595 0.22956521739130434 0.010730858468677494 0.013478260869565217
0 0.386745939675174 0.15239130434782608 0.013051044083526682 0.011739130434782608
0 0.5239269141531323 0.2591304347826087 0.021751740139211138 0.009565217391304347
0 0.8900812064965197 0.2593478260869565 0.021461716937354988 0.02434782608695652
0 0.9327146171693735 0.24054347826086955 0.012180974477958236 0.01717391304347826
1 0.8172853828306265 0.2827173913043478 0.008700696055684454 0.007608695652173913
1 0.7897331786542924 0.5510869565217391 0.008700696055684454 0.00782608695652174
9 0.6787993039443155 0.6982608695652174 0.006670533642691415 0.00782608695652174
1 0.1463167053364269 0.6902173913043478 0.008990719257540603 0.006956521739130435
0 0.04234338747099768 0.5558695652173913 0.0069605568445475635 0.01217391304347826
0 0.045678654292343385 0.5777173913043478 0.021751740139211138 0.015
0 0.012761020881670533 0.5605434782608696 0.012761020881670533 0.01717391304347826
8 0.007395591647331786 0.5751086956521739 0.006090487238979118 0.008913043478260869
0 0.24680974477958237 0.5717391304347826 0.0191415313225058 0.010434782608695653
0 0.35716357308584684 0.4976086956521739 0.015951276102088168 0.013478260869565217
0 0.9357598607888631 0.27358695652173914 0.0095707656612529 0.010652173913043479
0 0.9066125290023201 0.5883695652173913 0.008700696055684454 0.008913043478260869
0 0.8639791183294664 0.6019565217391304 0.016241299303944315 0.006956521739130435
8 0.714762180974478 0.8033695652173913 0.007830626450116009 0.007173913043478261
0 0.5240719257540604 0.6883695652173913 0.03074245939675174 0.014130434782608696
0 0.5204466357308585 0.6319565217391304 0.02349187935034803 0.017391304347826087
0 0.5043503480278422 0.6345652173913043 0.010440835266821345 0.006956521739130435
0 0.5043503480278422 0.6852173913043478 0.009860788863109048 0.00826086956521739
0 0.509715777262181 0.6769565217391305 0.007830626450116009 0.008695652173913044
0 0.4888341067285383 0.6928260869565217 0.013051044083526682 0.007391304347826087
0 0.45185614849187933 0.6839130434782609 0.016241299303944315 0.014782608695652174
6 0.263631090487239 0.0782608695652174 0.005220417633410673 0.004347826086956522