4 0.4431554524361949 0.8702173913043478 0.009860788863109048 0.00826086956521739
8 0.6215197215777262 0.8276086956521739 0.018561484918793503 0.011739130434782608
1 0.5806264501160093 0.884891304347826 0.004060324825986079 0.0036956521739130435
0 0.588022041763341 0.8668478260869565 0.007250580046403712 0.004565217391304348
1 0.25029002320185617 0.7683695652173913 0.00580046403712297 0.005434782608695652
1 0.3135150812064965 0.7689130434782608 0.004640371229698376 0.004347826086956522
1 0.2117169373549884 0.7378260869565217 0.01160092807424594 0.005652173913043478
1 0.6261600928074246 0.7422826086956522 0.009860788863109048 0.007173913043478261
4 0.7001160092807425 0.8465217391304348 0.00580046403712297 0.004782608695652174
1 0.3841357308584687 0.9319565217391305 0.012470997679814385 0.009565217391304347
0 0.6528422273781903 0.6547826086956522 0.015661252900232018 0.01
1 0.7614559164733179 0.606195652173913 0.008410672853828306 0.006304347826086957
0 0.8394721577726219 0.5921739130434782 0.010150812064965197 0.007391304347826087
0 0.7391241299303944 0.4934782608695652 0.011890951276102088 0.00826086956521739
1 0.6947505800464037 0.5396739130434782 0.007830626450116009 0.004130434782608695
1 0.9245939675174014 0.503804347826087 0.005220417633410673 0.003260869565217391
0 0.8919663573085846 0.4366304347826087 0.013631090487238979 0.008043478260869565
0 0.8931264501160093 0.4475 0.005510440835266821 0.005434782608695652
1 0.9695475638051044 0.4351086956521739 0.005220417633410673 0.004565217391304348
1 0.6653132250580046 0.39217391304347826 0.0069605568445475635 0.0052173913043478265
1 0.43895011600928074 0.3948913043478261 0.006670533642691415 0.005434782608695652
0 0.5875870069605569 0.5459782608695652 0.0069605568445475635 0.016304347826086956
0 0.5159512761020881 0.5443478260869565 0.009280742459396751 0.009130434782608696
0 0.19620069605568446 0.5832608695652174 0.013051044083526682 0.01
0 0.3352668213457077 0.6757608695652174 0.010440835266821345 0.007608695652173913
1 0.046113689095127613 0.6784782608695652 0.0075406032482598605 0.00826086956521739
1 0.2742169373549884 0.5817391304347826 0.007830626450116009 0.005652173913043478
1 0.4206786542923434 0.1265217391304348 0.006670533642691415 0.004782608695652174
8 0.4673723897911833 0.14097826086956522 0.010730858468677494 0.006739130434782609
0 0.4092227378190255 0.20076086956521738 0.01334106728538283 0.005869565217391304
3 0.5524941995359629 0.43141304347826087 0.016241299303944315 0.007173913043478261
1 0.4955046403712297 0.09989130434782609 0.008990719257540603 0.005869565217391304
6 0.5536542923433875 0.08793478260869565 0.0063805104408352666 0.004565217391304348
0 0.7740719257540604 0.3773913043478261 0.012761020881670533 0.0052173913043478265
0 0.5743909512761021 0.7006521739130435 0.02349187935034803 0.02
2 0.5746809744779582 0.7021739130434783 0.01537122969837587 0.012608695652173913
3 0.8459976798143851 0.48543478260869566 0.015661252900232018 0.009130434782608696
0 0.060904872389791184 0.5057608695652174 0.009280742459396751 0.008478260869565218
3 0.14617169373549885 0.24467391304347827 0.009280742459396751 0.007608695652173913
3 0.1627030162412993 0.2341304347826087 0.008120649651972157 0.008695652173913044
0 0.496084686774942 0.5154347826086957 0.013631090487238979 0.009565217391304347
0 0.031322505800464036 0.42369565217391303 0.014501160092807424 0.013478260869565217
1 0.2991589327146172 0.10380434782608695 0.006090487238979118 0.005434782608695652
8 0.5965777262180975 0.38554347826086954 0.011020881670533642 0.010217391304347826
1 0.9820185614849188 0.513804347826087 0.004060324825986079 0.0036956521739130435
8 0.9212587006960556 0.7458695652173913 0.010730858468677494 0.01
1 0.6013631090487239 0.4252173913043478 0.0095707656612529 0.006521739130434782
0 0.3783352668213457 0.7376086956521739 0.01537122969837587 0.007391304347826087
1 0.5461136890951276 0.10989130434782608 0.00580046403712297 0.004565217391304348
8 0.6006380510440835 0.4905434782608696 0.00580046403712297 0.005
0 0.8100348027842227 0.6754347826086956 0.018561484918793503 0.010434782608695653
8 0.10063805104408352 0.8226086956521739 0.00580046403712297 0.0052173913043478265
8 0.06424013921113689 0.7732608695652174 0.006670533642691415 0.006956521739130435
1 0.8677494199535963 0.5140217391304348 0.005220417633410673 0.0036956521739130435
1 0.5993329466357309 0.9290217391304347 0.0037703016241299302 0.002826086956521739
1 0.6160092807424594 0.9291304347826087 0.004060324825986079 0.003043478260869565
0 0.0720707656612529 0.6057608695652174 0.008990719257540603 0.008913043478260869
