6 0.4247389791183295 0.296195652173913 0.006090487238979118 0.0036956521739130435
8 0.4618619489559165 0.3794565217391304 0.020011600928074247 0.013695652173913043
0 0.18169953596287702 0.6254347826086957 0.010150812064965197 0.008695652173913044
0 0.2224477958236659 0.5831521739130435 0.01334106728538283 0.008043478260869565
8 0.26609628770301624 0.6509782608695652 0.010730858468677494 0.008913043478260869
0 0.2505800464037123 0.6366304347826087 0.01334106728538283 0.005869565217391304
0 0.16850348027842227 0.6690217391304348 0.010440835266821345 0.010217391304347826
8 0.7359338747099768 0.6954347826086956 0.011890951276102088 0.011304347826086957
0 0.7302784222737819 0.6073913043478261 0.017981438515081206 0.00782608695652174
3 0.4202436194895592 0.5631521739130435 0.009280742459396751 0.009347826086956522
3 0.41197795823665895 0.543804347826087 0.007250580046403712 0.007608695652173913
0 0.8014791183294664 0.6093478260869565 0.006090487238979118 0.0052173913043478265
8 0.8055394431554525 0.6306521739130435 0.010150812064965197 0.00782608695652174
8 0.6661832946635731 0.9445652173913044 0.02320185614849188 0.016956521739130436
8 0.8528132250580046 0.5651086956521739 0.01769141531322506 0.017608695652173913
8 0.2015661252900232 0.8098913043478261 0.008700696055684454 0.005434782608695652
3 0.3902262180974478 0.4842391304347826 0.01131090487238979 0.010652173913043479
3 0.7678364269141531 0.4772826086956522 0.006670533642691415 0.0036956521739130435
3 0.8707946635730859 0.4592391304347826 0.010730858468677494 0.006304347826086957
3 0.8654292343387471 0.4697826086956522 0.010440835266821345 0.010434782608695653
3 0.882685614849188 0.45521739130434785 0.020011600928074247 0.02
3 0.3075696055684455 0.5396739130434782 0.011890951276102088 0.011521739130434782
3 0.09933294663573086 0.44423913043478264 0.033932714617169374 0.03065217391304348
3 0.08323665893271462 0.5096739130434783 0.0191415313225058 0.01847826086956522
3 0.10382830626450117 0.5047826086956522 0.0191415313225058 0.011739130434782608
3 0.06743039443155452 0.4583695652173913 0.014791183294663572 0.013695652173913043
6 0.3947215777262181 0.1775 0.004640371229698376 0.003260869565217391
0 0.7836426914153132 0.5968478260869565 0.010440835266821345 0.012826086956521739
0 0.7140371229698376 0.6265217391304347 0.008700696055684454 0.00391304347826087
0 0.5961426914153132 0.9258695652173913 0.007830626450116009 0.0052173913043478265
0 0.48564385150812067 0.6761956521739131 0.007830626450116009 0.011521739130434782
8 0.710991879350348 0.23021739130434782 0.014791183294663572 0.010434782608695653
0 0.48607888631090485 0.9291304347826087 0.010440835266821345 0.0034782608695652175
8 0.3459976798143852 0.7059782608695652 0.012180974477958236 0.007173913043478261
8 0.830191415313225 0.5451086956521739 0.012470997679814385 0.008043478260869565
8 0.8747099767981439 0.5257608695652174 0.015661252900232018 0.01108695652173913
4 0.14109628770301624 0.8292391304347826 0.010730858468677494 0.011521739130434782
0 0.13587587006960558 0.64 0.008990719257540603 0.011739130434782608
8 0.9048723897911833 0.3779347826086957 0.0069605568445475635 0.013695652173913043
8 0.9211136890951276 0.4553260869565217 0.0069605568445475635 0.007173913043478261
1 0.652262180974478 0.858804347826087 0.004640371229698376 0.004565217391304348
0 0.531322505800464 0.9388043478260869 0.008700696055684454 0.004130434782608695
1 0.5649651972157773 0.045108695652173916 0.0075406032482598605 0.005434782608695652
1 0.1976508120649652 0.21663043478260868 0.004930394431554524 0.005
1 0.22201276102088166 0.22717391304347825 0.004930394431554524 0.004347826086956522
6 0.6896751740139211 0.34304347826086956 0.005220417633410673 0.003043478260869565
1 0.5363979118329466 0.32967391304347826 0.008410672853828306 0.004130434782608695
0 0.20577146171693736 0.5770652173913043 0.007250580046403712 0.007173913043478261
0 0.07555104408352668 0.658695652173913 0.01131090487238979 0.017826086956521738
8 0.14573665893271462 0.6770652173913043 0.014211136890951276 0.012391304347826086
0 0.2156322505800464 0.7141304347826087 0.008990719257540603 0.0052173913043478265
8 0.12630510440835266 0.7685869565217391 0.01943155452436195 0.020217391304347826
8 0.7025812064965197 0.678804347826087 0.014211136890951276 0.009782608695652175
8 0.8362819025522041 0.7606521739130435 0.012470997679814385 0.01217391304347826
8 0.7573955916473318 0.9090217391304348 0.004930394431554524 0.005
7 0.13631090487238978 0.6757608695652174 0.005220417633410673 0.005434782608695652
8 0.09643271461716937 0.7242391304347826 0.0026102088167053363 0.002826086956521739
1 0.7452146171693735 0.12586956521739132 0.004930394431554524 0.004347826086956522
0 0.15893271461716937 0.5978260869565217 0.0063805104408352666 0.007391304347826087