8 0.1779513888888889 0.12885802469135801 0.022569444444444444 0.012345679012345678
8 0.6072048611111112 0.19039351851851852 0.01707175925925926 0.008873456790123456
8 0.8640046296296297 0.2918595679012346 0.016203703703703703 0.018132716049382717
4 0.24898726851851852 0.628954475308642 0.006076388888888889 0.004436728395061728
4 0.7594039351851852 0.6048418209876543 0.0078125 0.00636574074074074
4 0.8324652777777778 0.6355131172839507 0.00636574074074074 0.004822530864197531
4 0.7358217592592593 0.47781635802469136 0.005787037037037037 0.005015432098765432
4 0.5888310185185185 0.5077160493827161 0.007523148148148148 0.0038580246913580245
7 0.22352430555555555 0.19714506172839505 0.026909722222222224 0.019675925925925927
4 0.7646122685185185 0.30777391975308643 0.006655092592592593 0.005979938271604938
1 0.5458622685185185 0.4072145061728395 0.007233796296296296 0.006172839506172839
1 0.6649305555555556 0.18952546296296297 0.01099537037037037 0.010223765432098766
1 0.6997974537037037 0.1306905864197531 0.008969907407407407 0.006751543209876543
1 0.33275462962962965 0.4481095679012346 0.015046296296296295 0.009259259259259259
0 0.2857349537037037 0.6178626543209876 0.013020833333333334 0.012345679012345678
1 0.7254050925925926 0.2252121913580247 0.009259259259259259 0.004822530864197531
8 0.8807870370370371 0.2117091049382716 0.009259259259259259 0.005208333333333333
8 0.7838541666666666 0.1244212962962963 0.008101851851851851 0.005401234567901234
6 0.33998842592592593 0.7244405864197531 0.005208333333333333 0.004050925925925926
8 0.9039351851851852 0.1878858024691358 0.010416666666666666 0.011574074074074073
8 0.5726273148148148 0.09375 0.014467592592592593 0.007716049382716049
8 0.9074074074074074 0.24266975308641975 0.009259259259259259 0.011188271604938271
8 0.6684027777777778 0.644579475308642 0.01099537037037037 0.006751543209876543
8 0.7168692129629629 0.6949266975308642 0.01707175925925926 0.013695987654320988
1 0.6346932870370371 0.33805941358024694 0.004340277777777778 0.0036651234567901233
8 0.10778356481481481 0.5214120370370371 0.01070601851851852 0.010802469135802469
8 0.12456597222222222 0.30005787037037035 0.011863425925925927 0.013695987654320988