8 0.32395591647331784 0.12804347826086956 0.037122969837587005 0.020869565217391306
9 0.31946055684454755 0.14771739130434783 0.024651972157772623 0.01108695652173913
6 0.3732598607888631 0.05684782608695652 0.008120649651972157 0.005434782608695652
6 0.40443735498839906 0.09043478260869565 0.007250580046403712 0.004782608695652174
8 0.5439385150812065 0.06869565217391305 0.018851508120649653 0.013478260869565217
6 0.6138341067285383 0.03989130434782609 0.004930394431554524 0.004130434782608695
6 0.6292053364269141 0.04119565217391304 0.006670533642691415 0.004130434782608695
6 0.6189095127610209 0.04804347826086956 0.00580046403712297 0.003043478260869565
6 0.6489269141531323 0.07619565217391304 0.007250580046403712 0.004565217391304348
6 0.6419663573085846 0.07043478260869565 0.004930394431554524 0.003043478260869565
6 0.634715777262181 0.0683695652173913 0.005510440835266821 0.003260869565217391
6 0.6102088167053364 0.06869565217391305 0.0063805104408352666 0.00391304347826087
6 0.6273201856148491 0.09543478260869566 0.0069605568445475635 0.004347826086956522
8 0.7455046403712297 0.09445652173913044 0.018851508120649653 0.013695652173913043
4 0.5395881670533643 0.2541304347826087 0.01537122969837587 0.011739130434782608
4 0.3322215777262181 0.3140217391304348 0.007250580046403712 0.004130434782608695
4 0.20577146171693736 0.3431521739130435 0.005510440835266821 0.004565217391304348
1 0.17212877030162413 0.3552173913043478 0.007830626450116009 0.00608695652173913
7 0.1279002320185615 0.37228260869565216 0.008120649651972157 0.007608695652173913
7 0.1312354988399072 0.3625 0.0095707656612529 0.012826086956521739
7 0.2257830626450116 0.4498913043478261 0.010730858468677494 0.007608695652173913
7 0.2488399071925754 0.4335869565217391 0.010440835266821345 0.005869565217391304
4 0.7459396751740139 0.30826086956521737 0.011020881670533642 0.008695652173913044
4 0.8010440835266821 0.7628260869565218 0.009280742459396751 0.009130434782608696
4 0.8043793503480279 0.7278260869565217 0.007830626450116009 0.006956521739130435
8 0.6631380510440835 0.7120652173913044 0.02291183294663573 0.020652173913043477
6 0.4404002320185615 0.7169565217391304 0.010150812064965197 0.00608695652173913
1 0.3699245939675174 0.691304347826087 0.010150812064965197 0.007391304347826087
0 0.2234628770301624 0.6844565217391304 0.013051044083526682 0.014130434782608696
4 0.17270881670533642 0.6528260869565218 0.008410672853828306 0.00782608695652174
4 0.08715197215777262 0.6406521739130435 0.006090487238979118 0.006521739130434782
4 0.05379930394431554 0.4916304347826087 0.004930394431554524 0.008043478260869565
4 0.14486658932714616 0.46043478260869564 0.007250580046403712 0.006521739130434782
4 0.4205336426914153 0.8718478260869565 0.009860788863109048 0.005
9 0.3723897911832947 0.9089130434782609 0.026102088167053363 0.013478260869565217
8 0.49231438515081205 0.9082608695652173 0.01537122969837587 0.011304347826086957
8 0.8248259860788864 0.8510869565217392 0.011020881670533642 0.01217391304347826
0 0.8045243619489559 0.6919565217391305 0.01334106728538283 0.011739130434782608
0 0.8129350348027842 0.6359782608695652 0.009860788863109048 0.009782608695652175
3 0.10295823665893271 0.48141304347826086 0.0069605568445475635 0.004565217391304348
3 0.07076566125290024 0.45967391304347827 0.004640371229698376 0.005
3 0.12659512761020883 0.5001086956521739 0.010150812064965197 0.008478260869565218
3 0.1970707656612529 0.4568478260869565 0.008410672853828306 0.007608695652173913
3 0.17923433874709976 0.4785869565217391 0.009860788863109048 0.005869565217391304
3 0.19475058004640372 0.4667391304347826 0.005510440835266821 0.004347826086956522
7 0.80872969837587 0.5214130434782609 0.011890951276102088 0.007608695652173913
1 0.7917633410672854 0.5276086956521739 0.005220417633410673 0.004782608695652174
3 0.8285962877030162 0.48934782608695654 0.012761020881670533 0.009130434782608696
3 0.7685614849187935 0.3706521739130435 0.009280742459396751 0.00826086956521739
0 0.09585266821345707 0.5604347826086956 0.013631090487238979 0.015217391304347827
1 0.1728538283062645 0.5817391304347826 0.008700696055684454 0.005652173913043478
8 0.26841647331786544 0.8391304347826087 0.02117169373549884 0.015217391304347827
4 0.24970997679814386 0.8765217391304347 0.008700696055684454 0.00608695652173913
8 0.9383700696055685 0.5758695652173913 0.008410672853828306 0.01217391304347826
7 0.9228538283062645 0.5667391304347826 0.018561484918793503 0.030869565217391304
6 0.6712587006960556 0.14521739130434783 0.005510440835266821 0.00391304347826087
9 0.5314675174013921 0.548695652173913 0.007250580046403712 0.00608695652173913
0 0.6919953596287703 0.5792391304347826 0.008120649651972157 0.008913043478260869
8 0.7424593967517401 0.6682608695652174 0.009860788863109048 0.009565217391304347
8 0.42821925754060325 0.8917391304347826 0.027552204176334107 0.013478260869565217
1 0.427784222737819 0.9317391304347826 0.004640371229698376 0.0034782608695652175
7 0.8619489559164734 0.4131521739130435 0.004060324825986079 0.004565217391304348
7 0.802784222737819 0.3768478260869565 0.0069605568445475635 0.006739130434782609
7 0.8497679814385151 0.36717391304347824 0.008120649651972157 0.0052173913043478265
7 0.8893561484918794 0.36869565217391304 0.004350348027842227 0.00608695652173913
2 0.29422853828306267 0.5676086956521739 0.02291183294663573 0.018695652173913044
0 0.45243619489559167 0.5055434782608695 0.009860788863109048 0.006304347826086957
0 0.4641821345707657 0.5092391304347826 0.012470997679814385 0.008913043478260869
0 0.31656032482598606 0.07293478260869565 0.0037703016241299302 0.003260869565217391
7 0.8381670533642691 0.3873913043478261 0.0034802784222737818 0.0026086956521739132
7 0.18416473317865428 0.43467391304347824 0.0075406032482598605 0.005
6 0.4340197215777262 0.1525 0.006090487238979118 0.004565217391304348
6 0.4943445475638051 0.1451086956521739 0.007830626450116009 0.005434782608695652
6 0.7237529002320185 0.09923913043478261 0.006090487238979118 0.004130434782608695
1 0.320330626450116 0.31804347826086954 0.008410672853828306 0.005652173913043478
0 0.3490429234338747 0.7048913043478261 0.008410672853828306 0.015869565217391305
0 0.7914733178654292 0.6317391304347826 0.0075406032482598605 0.00826086956521739
0 0.7821925754060325 0.6493478260869565 0.005220417633410673 0.006521739130434782
0 0.8114849187935035 0.5875 0.008120649651972157 0.008043478260869565
0 0.791038283062645 0.5770652173913043 0.006670533642691415 0.006304347826086957
0 0.7703016241299304 0.5998913043478261 0.0069605568445475635 0.005869565217391304
0 0.8032192575406032 0.6691304347826087 0.004350348027842227 0.00608695652173913
0 0.8364269141531323 0.6429347826086956 0.008120649651972157 0.006739130434782609
0 0.8291763341067285 0.6466304347826087 0.00580046403712297 0.009347826086956522
0 0.8210556844547564 0.6165217391304347 0.011020881670533642 0.008695652173913044
0 0.8422273781902552 0.6201086956521739 0.0069605568445475635 0.006304347826086957
0 0.8416473317865429 0.6129347826086956 0.009860788863109048 0.008043478260869565
0 0.834106728538283 0.6204347826086957 0.00580046403712297 0.00608695652173913
0 0.4943445475638051 0.6871739130434783 0.010150812064965197 0.007391304347826087
0 0.4944895591647332 0.672608695652174 0.0069605568445475635 0.00826086956521739
0 0.1661832946635731 0.6696739130434782 0.0191415313225058 0.014565217391304348
0 0.18503480278422274 0.6267391304347826 0.008120649651972157 0.0052173913043478265
1 0.36064385150812067 0.48141304347826086 0.005510440835266821 0.004130434782608695
8 0.7592807424593968 0.8775 0.026102088167053363 0.01717391304347826
0 0.44576566125290024 0.2881521739130435 0.011020881670533642 0.008478260869565218
0 0.06902552204176333 0.2625 0.00580046403712297 0.011521739130434782
0 0.2314385150812065 0.1302173913043478 0.014501160092807424 0.017826086956521738
0 0.2556554524361949 0.115 0.008990719257540603 0.011304347826086957
0 0.5034802784222738 0.026630434782608695 0.01334106728538283 0.007173913043478261
1 0.2560904872389791 0.5107608695652174 0.0075406032482598605 0.005
1 0.2062064965197216 0.5122826086956521 0.0075406032482598605 0.005869565217391304
0 0.15487238979118328 0.6544565217391304 0.0075406032482598605 0.007173913043478261
0 0.15617749419953597 0.6343478260869565 0.01131090487238979 0.006956521739130435
1 0.36702436194895594 0.7469565217391304 0.006670533642691415 0.0052173913043478265
0 0.46983758700696054 0.7384782608695653 0.0063805104408352666 0.006956521739130435
8 0.7649361948955916 0.7148913043478261 0.007830626450116009 0.005869565217391304
0 0.7631960556844548 0.6564130434782609 0.006670533642691415 0.008043478260869565
1 0.7639211136890951 0.6240217391304348 0.0069605568445475635 0.005434782608695652
8 0.9211136890951276 0.6473913043478261 0.0069605568445475635 0.00826086956521739
8 0.9206786542923434 0.6989130434782609 0.006670533642691415 0.00826086956521739
0 0.9234338747099768 0.5668478260869565 0.015661252900232018 0.028478260869565217
8 0.8823955916473318 0.5886956521739131 0.01131090487238979 0.010869565217391304
1 0.6381960556844548 0.5515217391304348 0.004350348027842227 0.0034782608695652175
0 0.23477378190255221 0.6558695652173913 0.01131090487238979 0.009130434782608696
8 0.23462877030162413 0.6994565217391304 0.009280742459396751 0.008478260869565218
1 0.1486368909512761 0.18130434782608695 0.0031902552204176333 0.00391304347826087
6 0.5145011600928074 0.09347826086956522 0.0069605568445475635 0.004347826086956522
8 0.09730278422273782 0.5280434782608696 0.013631090487238979 0.010434782608695653
0 0.18227958236658934 0.6440217391304348 0.006670533642691415 0.005434782608695652
8 0.38602088167053367 0.9205434782608696 0.01160092807424594 0.010652173913043479
8 0.3987819025522042 0.9227173913043478 0.009860788863109048 0.010652173913043479
0 0.4733178654292343 0.72 0.00580046403712297 0.010434782608695653
5 0.8190255220417634 0.8379347826086957 0.031322505800464036 0.03108695652173913
