9 0.32700116009280744 0.7436956521739131 0.028132250580046404 0.02043478260869565
9 0.3167053364269142 0.8035869565217392 0.016821345707656612 0.014130434782608696
6 0.5891821345707656 0.13195652173913044 0.006090487238979118 0.004347826086956522
0 0.6257250580046404 0.11510869565217391 0.012470997679814385 0.007173913043478261
6 0.6236948955916474 0.18467391304347827 0.006090487238979118 0.004565217391304348
6 0.6882250580046404 0.2248913043478261 0.008120649651972157 0.005434782608695652
6 0.7122969837587007 0.225 0.0063805104408352666 0.005652173913043478
6 0.46142691415313225 0.1266304347826087 0.010440835266821345 0.006739130434782609
6 0.48564385150812067 0.12315217391304348 0.007830626450116009 0.005869565217391304
6 0.5079756380510441 0.15260869565217391 0.008410672853828306 0.006521739130434782
6 0.41618329466357307 0.21869565217391304 0.0063805104408352666 0.0052173913043478265
6 0.5031902552204176 0.3358695652173913 0.0063805104408352666 0.0052173913043478265
6 0.44895591647331784 0.33554347826086955 0.008120649651972157 0.006304347826086957
9 0.40733758700696054 0.6654347826086957 0.01131090487238979 0.007391304347826087
6 0.4324245939675174 0.6615217391304348 0.0063805104408352666 0.004782608695652174
6 0.3506380510440835 0.6706521739130434 0.004640371229698376 0.0034782608695652175
8 0.36861948955916474 0.7176086956521739 0.009860788863109048 0.00826086956521739
6 0.41067285382830626 0.7118478260869565 0.0075406032482598605 0.005434782608695652
1 0.7093967517401392 0.8004347826086956 0.009860788863109048 0.007391304347826087
0 0.8030742459396751 0.7014130434782608 0.005220417633410673 0.005
0 0.882830626450116 0.5809782608695652 0.0069605568445475635 0.006739130434782609
3 0.8796403712296984 0.4543478260869565 0.009860788863109048 0.010434782608695653
3 0.923723897911833 0.47043478260869565 0.0075406032482598605 0.006956521739130435
3 0.9076276102088167 0.48543478260869566 0.005510440835266821 0.0034782608695652175
3 0.9064675174013921 0.4751086956521739 0.008990719257540603 0.005
3 0.8942865429234339 0.4859782608695652 0.006090487238979118 0.005
3 0.8922563805104409 0.47641304347826086 0.006090487238979118 0.005869565217391304
3 0.8700696055684455 0.5082608695652174 0.011020881670533642 0.006521739130434782
3 0.8558584686774942 0.4566304347826087 0.01160092807424594 0.012391304347826086
3 0.814385150812065 0.48967391304347824 0.009860788863109048 0.009347826086956522
3 0.4534512761020882 0.4465217391304348 0.010150812064965197 0.009130434782608696
3 0.16371809744779584 0.4232608695652174 0.014791183294663572 0.014347826086956521
3 0.14907192575406034 0.4628260869565217 0.010440835266821345 0.00826086956521739
3 0.1513921113689095 0.4727173913043478 0.009280742459396751 0.009347826086956522
3 0.10948375870069606 0.5264130434782609 0.006670533642691415 0.005
3 0.09440255220417633 0.5276086956521739 0.006090487238979118 0.00391304347826087
3 0.09802784222737819 0.5003260869565217 0.012180974477958236 0.007173913043478261
3 0.13935614849187936 0.5014130434782609 0.008990719257540603 0.004565217391304348
3 0.10571345707656613 0.5121739130434783 0.007830626450116009 0.006956521739130435
3 0.1058584686774942 0.47739130434782606 0.005220417633410673 0.005652173913043478
3 0.14718677494199536 0.44869565217391305 0.008990719257540603 0.00782608695652174
3 0.21722737819025523 0.45706521739130435 0.0075406032482598605 0.005869565217391304
1 0.24738979118329466 0.4566304347826087 0.008120649651972157 0.005
3 0.15400232018561485 0.35836956521739133 0.008700696055684454 0.007173913043478261
3 0.1441415313225058 0.3441304347826087 0.005220417633410673 0.005652173913043478
3 0.14501160092807425 0.3690217391304348 0.005220417633410673 0.006739130434782609
3 0.11499419953596288 0.39467391304347826 0.006090487238979118 0.007173913043478261
1 0.23346867749419953 0.3665217391304348 0.00580046403712297 0.00391304347826087
1 0.22505800464037123 0.5976086956521739 0.009860788863109048 0.006956521739130435
6 0.2834976798143852 0.6030434782608696 0.008410672853828306 0.00608695652173913
6 0.35658352668213456 0.5497826086956522 0.007250580046403712 0.005652173913043478
3 0.4064675174013921 0.5540217391304347 0.007830626450116009 0.008043478260869565
3 0.4154582366589327 0.5480434782608695 0.004350348027842227 0.004347826086956522
3 0.5846867749419954 0.5827173913043479 0.008700696055684454 0.012391304347826086
3 0.607453596287703 0.595108695652174 0.007250580046403712 0.008478260869565218
3 0.6106438515081206 0.6044565217391304 0.007830626450116009 0.006304347826086957
4 0.5055104408352669 0.8978260869565218 0.009280742459396751 0.006956521739130435
8 0.4547563805104408 0.9026086956521739 0.013921113689095127 0.012608695652173913
8 0.4762180974477958 0.8576086956521739 0.008120649651972157 0.00608695652173913
0 0.47273781902552203 0.15902173913043477 0.015081206496519721 0.011956521739130435
0 0.3913863109048724 0.18565217391304348 0.015951276102088168 0.01608695652173913
1 0.3987819025522042 0.10108695652173913 0.0063805104408352666 0.005652173913043478
1 0.36745939675174016 0.0775 0.0063805104408352666 0.0036956521739130435
1 0.31960556844547566 0.10380434782608695 0.008700696055684454 0.007173913043478261
3 0.5439385150812065 0.033804347826086954 0.008990719257540603 0.006304347826086957
1 0.6554524361948956 0.1057608695652174 0.0075406032482598605 0.004565217391304348
6 0.7275232018561485 0.14543478260869566 0.008990719257540603 0.0052173913043478265
6 0.6828596287703016 0.13782608695652174 0.006670533642691415 0.0052173913043478265
6 0.6551624129930395 0.15445652173913044 0.008700696055684454 0.006304347826086957
6 0.6576276102088167 0.14728260869565218 0.008410672853828306 0.005434782608695652
0 0.6637180974477959 0.185 0.0095707656612529 0.01391304347826087
8 0.8509280742459396 0.1525 0.009860788863109048 0.008913043478260869
1 0.7652262180974478 0.09630434782608696 0.010730858468677494 0.005652173913043478
0 0.5710556844547564 0.29891304347826086 0.0069605568445475635 0.008695652173913044
0 0.5601798143851509 0.2629347826086956 0.004930394431554524 0.005434782608695652
6 0.6064385150812065 0.24684782608695652 0.0075406032482598605 0.005
0 0.593822505800464 0.6743478260869565 0.006670533642691415 0.006521739130434782
0 0.46954756380510443 0.6495652173913044 0.010440835266821345 0.01
4 0.20809164733178653 0.7875 0.005510440835266821 0.005
4 0.9041473317865429 0.6071739130434782 0.006090487238979118 0.007391304347826087
0 0.7372389791183295 0.21630434782608696 0.00580046403712297 0.0034782608695652175
0 0.4607018561484919 0.10782608695652174 0.006090487238979118 0.004782608695652174
0 0.44968097447795824 0.1267391304347826 0.008990719257540603 0.00782608695652174
1 0.13051044083526683 0.22804347826086957 0.004060324825986079 0.00391304347826087
9 0.3649941995359629 0.8071739130434783 0.006670533642691415 0.004782608695652174
8 0.3033642691415313 0.2564130434782609 0.015081206496519721 0.009347826086956522
0 0.3322215777262181 0.21608695652173912 0.010150812064965197 0.006521739130434782
6 0.4095127610208817 0.05532608695652174 0.0075406032482598605 0.004130434782608695
6 0.47114269141531323 0.06445652173913044 0.008410672853828306 0.005
6 0.41922853828306267 0.1232608695652174 0.007830626450116009 0.00608695652173913
0 0.492169373549884 0.115 0.013921113689095127 0.007391304347826087
6 0.4469257540603248 0.18608695652173912 0.008700696055684454 0.00608695652173913
0 0.4479408352668213 0.27304347826086955 0.008410672853828306 0.01
0 0.47433294663573083 0.31315217391304345 0.006670533642691415 0.006739130434782609
6 0.4476508120649652 0.2883695652173913 0.008410672853828306 0.005
6 0.5574245939675174 0.32467391304347826 0.008120649651972157 0.005434782608695652
6 0.578016241299304 0.34141304347826085 0.0069605568445475635 0.004565217391304348
6 0.6925754060324826 0.18434782608695652 0.005220417633410673 0.004347826086956522
1 0.802784222737819 0.04739130434782609 0.0063805104408352666 0.004347826086956522
6 0.5906322505800464 0.3780434782608696 0.007830626450116009 0.00608695652173913
0 0.37021461716937354 0.533695652173913 0.014211136890951276 0.009130434782608696
6 0.5713457076566125 0.7076086956521739 0.004640371229698376 0.00391304347826087
9 0.6123839907192575 0.8238043478260869 0.004350348027842227 0.003260869565217391
0 0.4087877030162413 0.3201086956521739 0.012470997679814385 0.007173913043478261
0 0.41966357308584684 0.3259782608695652 0.0069605568445475635 0.01108695652173913
1 0.458961716937355 0.2508695652173913 0.008410672853828306 0.00782608695652174
7 0.42531902552204176 0.024130434782608696 0.005510440835266821 0.0034782608695652175
6 0.6513921113689095 0.09119565217391304 0.004640371229698376 0.003260869565217391
0 0.597592807424594 0.18271739130434783 0.010730858468677494 0.010217391304347826
0 0.790893271461717 0.6160869565217392 0.011020881670533642 0.01
0 0.802784222737819 0.605 0.0063805104408352666 0.004782608695652174
8 0.816415313225058 0.7098913043478261 0.013921113689095127 0.010652173913043479
2 0.501885150812065 0.8436956521739131 0.02697215777262181 0.008695652173913044
1 0.24173433874709976 0.7729347826086956 0.008990719257540603 0.004565217391304348
6 0.1937354988399072 0.6505434782608696 0.004640371229698376 0.002826086956521739
1 0.4733178654292343 0.21804347826086956 0.0075406032482598605 0.00608695652173913
0 0.6354408352668214 0.11293478260869565 0.01334106728538283 0.016304347826086956
6 0.5668503480278422 0.6541304347826087 0.005510440835266821 0.004347826086956522
6 0.43387470997679817 0.7105434782608696 0.0063805104408352666 0.004565217391304348
6 0.4111078886310905 0.6903260869565218 0.005510440835266821 0.004565217391304348
6 0.3062645011600928 0.5353260869565217 0.015081206496519721 0.009782608695652175