4 0.28069053708439895 0.5653320546631503 0.007033248081841432 0.005754015823543515
3 0.12468030690537084 0.5065931431311436 0.015345268542199489 0.009110525053943897
3 0.14194373401534527 0.5155837928554303 0.015345268542199489 0.009350275713258211
3 0.1235613810741688 0.5311675857108608 0.02014066496163683 0.010309278350515464
3 0.050671355498721225 0.5110285303284584 0.02078005115089514 0.013665787580915847
1 0.07768542199488492 0.5152241668664589 0.005754475703324808 0.004795013186286262
1 0.41368286445012786 0.2314792615679693 0.01278772378516624 0.010788779669144091
6 0.5695332480818415 0.1343802445456725 0.0079923273657289 0.006473267801486454
1 0.3491048593350384 0.05178614241189163 0.008312020460358057 0.006233517142172141
1 0.32289002557544755 0.057660033565092306 0.007033248081841432 0.005514265164229201
1 0.33248081841432225 0.049268760489091346 0.005115089514066497 0.004555262526971949
8 0.2758951406649616 0.03907935746823304 0.008312020460358057 0.006233517142172141
8 0.2471227621483376 0.18640613761687844 0.008951406649616368 0.007911771757372333
0 0.14114450127877237 0.2403500359625989 0.005434782608695652 0.005034763845600575
0 0.1331521739130435 0.2651642292016303 0.009910485933503837 0.01150803164708703
0 0.12547953964194372 0.6056101654279549 0.02078005115089514 0.014385039558858786
0 0.08663682864450128 0.6285063533924719 0.013427109974424553 0.009829777031886838
0 0.07544757033248081 0.6297051066890434 0.00959079283887468 0.011747782306401342
0 0.08679667519181586 0.6402541356988731 0.011828644501278773 0.012227283625029969
8 0.40217391304347827 0.9462958523135938 0.0159846547314578 0.01150803164708703
0 0.8235294117647058 0.6364181251498442 0.010230179028132993 0.005034763845600575
2 0.5025575447570333 0.9284344281946776 0.014705882352941176 0.005514265164229201
2 0.5203005115089514 0.9353871973147926 0.0079923273657289 0.004555262526971949
2 0.517423273657289 0.9296331814912491 0.009271099744245524 0.004075761208343323
6 0.5139066496163683 0.9284344281946776 0.0041560102301790285 0.0026372572524574443
2 0.4554028132992327 0.9281946775353632 0.011828644501278773 0.005993766482857828
2 0.5340473145780051 0.9148885159434188 0.013746803069053709 0.004795013186286262
2 0.5003196930946292 0.9174058978662192 0.017263427109974423 0.009350275713258211
2 0.5193414322250639 0.915727643251019 0.011828644501278773 0.0035962598897146965
2 0.5274936061381074 0.9052984895708464 0.008951406649616368 0.004795013186286262
2 0.6179667519181585 0.9228002877007911 0.010230179028132993 0.004315511867657636
4 0.8184143222506394 0.8907935746823303 0.013427109974424553 0.008870774394629586
4 0.6695971867007673 0.9550467513785663 0.01118925831202046 0.008391273076000958
0 0.4389386189258312 0.3529129705106689 0.011508951406649617 0.011987532965715655
0 0.472346547314578 0.3369695516662671 0.013746803069053709 0.0146247902181731
0 0.420076726342711 0.32953728122752335 0.010230179028132993 0.018940302085830737
0 0.4287084398976982 0.2494605610165428 0.020460358056265986 0.015583792855430352
8 0.5617007672634271 0.3719731479261568 0.03132992327365729 0.02085830736034524
4 0.8281649616368286 0.5342843442819468 0.013107416879795396 0.006473267801486454
0 0.8970588235294118 0.656197554543275 0.01854219948849105 0.005754015823543515
0 0.9104859335038363 0.6542795492687605 0.007033248081841432 0.006713018460800768
0 0.9034526854219949 0.644689522896188 0.00639386189258312 0.006233517142172141
0 0.9221547314578005 0.624070966195157 0.005434782608695652 0.004795013186286262
0 0.915920716112532 0.6607528170702469 0.005115089514066497 0.009110525053943897
0 0.902653452685422 0.6636298249820187 0.005434782608695652 0.008151522416686647
0 0.9036125319693095 0.6722608487173339 0.008631713554987212 0.006713018460800768
0 0.8916240409207161 0.678374490529849 0.0076726342710997444 0.007432270438743707
0 0.882193094629156 0.6619515703668185 0.005434782608695652 0.005754015823543515
0 0.8324808184143222 0.6655478302565332 0.012148337595907928 0.007672021098058019
0 0.8380754475703325 0.6735794773435627 0.0079923273657289 0.009829777031886838
0 0.9179987212276215 0.6999520498681371 0.009910485933503837 0.012706784943658594
0 0.9256713554987213 0.696835291297051 0.006074168797953964 0.007911771757372333
0 0.9327046035805626 0.6520019180052745 0.010549872122762148 0.016063294174058978
0 0.9771419437340153 0.6606329417405898 0.006713554987212276 0.013186286262287222
0 0.9454923273657289 0.6364181251498442 0.006074168797953964 0.005993766482857828
0 0.9629156010230179 0.635578997842244 0.013427109974424553 0.016303044833373293
1 0.5805626598465473 0.5058738911532007 0.010230179028132993 0.008631023735315272
0 0.45524296675191817 0.7567729561256293 0.017263427109974423 0.010788779669144091
0 0.4018542199488491 0.8010069527691202 0.015345268542199489 0.012946535602972908
0 0.3662084398976982 0.7652841045312875 0.010549872122762148 0.008151522416686647
2 0.5807225063938619 0.7150563414049389 0.018861892583120203 0.006473267801486454
6 0.5418797953964194 0.9472548549508512 0.007033248081841432 0.004795013186286262
6 0.5487531969309463 0.9532486214337089 0.003516624040920716 0.003356509230400384
6 0.5466751918158568 0.9409014624790218 0.00319693094629156 0.0031167585710860706
2 0.4804987212276215 0.9245984176456485 0.023017902813299233 0.005514265164229201
2 0.48801150895140666 0.9321505634140493 0.015664961636828643 0.006713018460800768
8 0.4178388746803069 0.947974106928794 0.016624040920716114 0.01006952769120115
8 0.6964514066496164 0.9302325581395349 0.021419437340153454 0.014385039558858786
0 0.17551150895140666 0.6409733876768161 0.028132992327365727 0.017022296811316232
0 0.1860613810741688 0.6571565571805322 0.016624040920716114 0.01150803164708703
0 0.17551150895140666 0.6535602972908175 0.016624040920716114 0.006713018460800768
0 0.16735933503836317 0.6727403500359626 0.010549872122762148 0.008151522416686647
0 0.1475383631713555 0.6798129944857348 0.01118925831202046 0.005514265164229201
0 0.0944693094629156 0.6595540637736754 0.011828644501278773 0.011987532965715655
0 0.09862531969309463 0.6741788539918485 0.009910485933503837 0.010549029009829777
0 0.39961636828644503 0.24598417645648527 0.02237851662404092 0.014385039558858786
0 0.8070652173913043 0.6323423639415008 0.01438618925831202 0.010309278350515464
1 0.5479539641943734 0.09230400383601055 0.008951406649616368 0.006713018460800768
1 0.44085677749360613 0.05921841285063534 0.0076726342710997444 0.006233517142172141
1 0.4359015345268542 0.04950851114840566 0.007352941176470588 0.005993766482857828
1 0.40648976982097185 0.05622152960920643 0.006713554987212276 0.004555262526971949
1 0.4258312020460358 0.05058738911532007 0.00639386189258312 0.004315511867657636
2 0.5476342710997443 0.9224406617118197 0.008951406649616368 0.0035962598897146965
2 0.5380434782608695 0.9290338048429633 0.00959079283887468 0.005754015823543515
2 0.537883631713555 0.9389834572045073 0.009910485933503837 0.005034763845600575
2 0.5970268542199488 0.9450970990170223 0.01438618925831202 0.007672021098058019
2 0.5591432225063938 0.9079357468233038 0.028132992327365727 0.009110525053943897
2 0.5052749360613811 0.9484536082474226 0.054028132992327366 0.014864540877487413
2 0.640505115089514 0.9189642771517622 0.016304347826086956 0.004795013186286262
2 0.5674552429667519 0.9375449532486214 0.01278772378516624 0.0035962598897146965
2 0.5589833759590793 0.9284344281946776 0.009910485933503837 0.004555262526971949
2 0.571611253196931 0.9159673939103332 0.012148337595907928 0.004075761208343323
2 0.43478260869565216 0.9299928074802206 0.030690537084398978 0.0201390553824023
0 0.8510230179028133 0.646247902181731 0.024936061381074168 0.014145288899544474
1 0.44884910485933505 0.14397027091824502 0.007033248081841432 0.005034763845600575
0 0.3356777493606138 0.22752337568928316 0.0159846547314578 0.01006952769120115
0 0.5393222506393862 0.26396547590505876 0.010230179028132993 0.009110525053943897
1 0.6027813299232737 0.1335411172380724 0.006074168797953964 0.005274514504914889
1 0.6612851662404092 0.1774154878925917 0.008631713554987212 0.005274514504914889
1 0.6737531969309463 0.1159194437784704 0.00479539641943734 0.0035962598897146965
1 0.6831841432225064 0.08463198273795253 0.007033248081841432 0.004795013186286262
1 0.6809462915601023 0.05238551906017742 0.004475703324808184 0.004075761208343323
0 0.19964833759590792 0.6947974106928794 0.007352941176470588 0.006233517142172141
0 0.2113171355498721 0.6940781587149365 0.013427109974424553 0.01006952769120115
0 0.8321611253196931 0.6890433948693359 0.008951406649616368 0.007672021098058019
0 0.9622762148337596 0.6804123711340206 0.010869565217391304 0.01918005274514505
0 0.9218350383631714 0.6601534404219611 0.013107416879795396 0.021337808678973866
0 0.9406969309462916 0.6165188204267562 0.008631713554987212 0.012706784943658594
0 0.9287084398976982 0.6304243586669863 0.005754475703324808 0.005514265164229201
0 0.9018542199488491 0.6858067609685926 0.013427109974424553 0.018940302085830737
0 0.8812340153452686 0.5781587149364661 0.008631713554987212 0.005993766482857828
1 0.7205882352941176 0.04219611603931911 0.0038363171355498722 0.003356509230400384
0 0.10278132992327366 0.7355550227763127 0.018222506393861894 0.0292495804363462
0 0.5273337595907929 0.7087029489331096 0.009910485933503837 0.006233517142172141
0 0.5171035805626598 0.7148165907456245 0.009271099744245524 0.004075761208343323
0 0.934462915601023 0.716734596020139 0.010869565217391304 0.02469431790937425
0 0.08567774936061381 0.5825941021337808 0.012148337595907928 0.011987532965715655
0 0.07225063938618925 0.6006952769120115 0.005115089514066497 0.004555262526971949
0 0.03548593350383632 0.5925437544953248 0.007033248081841432 0.005514265164229201
0 0.03356777493606138 0.6099256772956125 0.005754475703324808 0.008151522416686647
0 0.14162404092071612 0.7015104291536802 0.0159846547314578 0.010549029009829777
0 0.11253196930946291 0.7112203308559099 0.01278772378516624 0.018940302085830737
0 0.09878516624040921 0.6871253895948214 0.015345268542199489 0.008151522416686647
0 0.11796675191815857 0.6932390314073363 0.005754475703324808 0.006473267801486454
0 0.11125319693094629 0.6949172860225366 0.007033248081841432 0.008391273076000958
8 0.7758951406649617 0.7554543274994007 0.013427109974424553 0.010549029009829777
0 0.7936381074168798 0.6880843922320786 0.008631713554987212 0.005754015823543515
0 0.44741048593350385 0.36729801006952767 0.007352941176470588 0.011987532965715655
0 0.4530051150895141 0.3478782066650683 0.010869565217391304 0.011987532965715655
1 0.9625959079283888 0.4682330376408535 0.004475703324808184 0.004315511867657636
1 0.2523976982097187 0.9259170462718772 0.006713554987212276 0.004795013186286262
0 0.17215473145780052 0.8473987053464397 0.016304347826086956 0.018940302085830737
0 0.1265984654731458 0.6229920882282426 0.014066496163682864 0.009350275713258211
1 0.02973145780051151 0.4283145528650204 0.005115089514066497 0.004555262526971949
1 0.4216751918158568 0.17669623591464875 0.005754475703324808 0.004795013186286262
