4 0.6554524361948956 0.20391304347826086 0.019721577726218097 0.013478260869565217
4 0.845707656612529 0.1865217391304348 0.008700696055684454 0.010434782608695653
4 0.8841357308584686 0.333804347826087 0.006670533642691415 0.010652173913043479
4 0.9171983758700696 0.4221739130434783 0.007250580046403712 0.006521739130434782
4 0.9112529002320185 0.4909782608695652 0.009280742459396751 0.012826086956521739
4 0.9279292343387471 0.5347826086956522 0.008410672853828306 0.014347826086956521
4 0.7817575406032483 0.6054347826086957 0.017111368909512762 0.017826086956521738
4 0.7410092807424594 0.6727173913043478 0.0063805104408352666 0.009782608695652175
4 0.5635150812064965 0.7394565217391305 0.009280742459396751 0.009347826086956522
4 0.3620939675174014 0.773804347826087 0.008410672853828306 0.005
0 0.501885150812065 0.6984782608695652 0.01131090487238979 0.006956521739130435
6 0.4244489559164733 0.7288043478260869 0.004350348027842227 0.003260869565217391
6 0.45127610208816704 0.7048913043478261 0.004060324825986079 0.003260869565217391
8 0.2858178654292343 0.6145652173913043 0.013631090487238979 0.009565217391304347
4 0.1729988399071926 0.6683695652173913 0.01131090487238979 0.008913043478260869
4 0.060324825986078884 0.5769565217391305 0.0075406032482598605 0.010869565217391304
0 0.19852088167053364 0.5546739130434782 0.012470997679814385 0.011956521739130435
4 0.16516821345707658 0.5282608695652173 0.006670533642691415 0.006956521739130435
8 0.423868909512761 0.34402173913043477 0.01943155452436195 0.01108695652173913
4 0.15095707656612528 0.3328260869565217 0.015951276102088168 0.014347826086956521
4 0.0478538283062645 0.46206521739130435 0.005220417633410673 0.007608695652173913
0 0.7524651972157773 0.5347826086956522 0.014791183294663572 0.019130434782608695
0 0.19388051044083526 0.6330434782608696 0.010150812064965197 0.007391304347826087
6 0.7336136890951276 0.5239130434782608 0.010150812064965197 0.00608695652173913
4 0.7228828306264501 0.9119565217391304 0.012470997679814385 0.011739130434782608
1 0.6941705336426914 0.11836956521739131 0.004930394431554524 0.005
6 0.7595707656612529 0.5095652173913043 0.004640371229698376 0.00391304347826087
1 0.8284512761020881 0.5076086956521739 0.008410672853828306 0.005652173913043478
8 0.8628190255220418 0.6341304347826087 0.009860788863109048 0.009130434782608696
0 0.7626160092807425 0.6570652173913043 0.0095707656612529 0.005869565217391304
8 0.7591357308584686 0.8616304347826087 0.008990719257540603 0.007608695652173913
1 0.25275522041763343 0.6678260869565218 0.005510440835266821 0.00391304347826087
1 0.4466357308584687 0.9026086956521739 0.0075406032482598605 0.005652173913043478
8 0.5236368909512761 0.8903260869565217 0.020011600928074247 0.015
1 0.5659802784222738 0.9179347826086957 0.006090487238979118 0.004130434782608695
0 0.5520591647331786 0.576304347826087 0.010150812064965197 0.009565217391304347
0 0.13616589327146172 0.57 0.010730858468677494 0.009130434782608696
1 0.3113399071925754 0.20434782608695654 0.007830626450116009 0.005652173913043478
0 0.24071925754060325 0.6756521739130434 0.00580046403712297 0.004347826086956522
0 0.24361948955916474 0.6876086956521739 0.009280742459396751 0.01
0 0.814385150812065 0.5640217391304347 0.010440835266821345 0.007173913043478261