9 0.34425754060324826 0.7943478260869565 0.017981438515081206 0.01608695652173913
9 0.6306554524361949 0.8758695652173913 0.008990719257540603 0.006956521739130435
9 0.220707656612529 0.28945652173913045 0.009280742459396751 0.007173913043478261
4 0.6222447795823666 0.64 0.004350348027842227 0.006956521739130435
8 0.17241879350348027 0.2618478260869565 0.013051044083526682 0.008913043478260869
8 0.17647911832946636 0.14934782608695651 0.014211136890951276 0.010869565217391304
8 0.318300464037123 0.23891304347826087 0.010150812064965197 0.009130434782608696
8 0.3146751740139211 0.27119565217391306 0.009280742459396751 0.008478260869565218
8 0.5727958236658933 0.3092391304347826 0.014501160092807424 0.012391304347826086
8 0.5881670533642691 0.3151086956521739 0.012180974477958236 0.008913043478260869
8 0.6161542923433875 0.3095652173913043 0.008990719257540603 0.006521739130434782
8 0.49622969837587005 0.41108695652173916 0.0075406032482598605 0.0052173913043478265
8 0.4251740139211137 0.31130434782608696 0.010440835266821345 0.00826086956521739
8 0.43837006960556846 0.31119565217391304 0.006670533642691415 0.005869565217391304
6 0.4170533642691415 0.26119565217391305 0.002900232018561485 0.003260869565217391
6 0.4482308584686775 0.15467391304347827 0.006090487238979118 0.005
8 0.6476218097447796 0.0942391304347826 0.011020881670533642 0.007173913043478261
8 0.7892981438515081 0.15728260869565217 0.010150812064965197 0.010217391304347826
6 0.6656032482598608 0.24804347826086956 0.00580046403712297 0.004782608695652174
6 0.4447505800464037 0.25608695652173913 0.0026102088167053363 0.002173913043478261
6 0.4385150812064965 0.2742391304347826 0.002900232018561485 0.002826086956521739
8 0.4605568445475638 0.2807608695652174 0.004060324825986079 0.0036956521739130435
6 0.48564385150812067 0.34119565217391307 0.0026102088167053363 0.001956521739130435
6 0.5017401392111369 0.34847826086956524 0.002320185614849188 0.0017391304347826088
8 0.8132250580046404 0.30717391304347824 0.008700696055684454 0.009565217391304347
8 0.8660092807424594 0.33152173913043476 0.010440835266821345 0.011304347826086957
8 0.890516241299304 0.3923913043478261 0.007830626450116009 0.02043478260869565
4 0.08802204176334107 0.3105434782608696 0.0037703016241299302 0.007173913043478261
8 0.6482018561484919 0.7870652173913043 0.01160092807424594 0.014565217391304348
6 0.5403132250580046 0.7631521739130435 0.004060324825986079 0.0036956521739130435
6 0.5440835266821346 0.7235869565217391 0.0034802784222737818 0.004130434782608695
0 0.5021751740139211 0.7420652173913044 0.006090487238979118 0.003260869565217391
9 0.3957366589327146 0.921304347826087 0.008990719257540603 0.006521739130434782
4 0.37775522041763343 0.943695652173913 0.007830626450116009 0.007391304347826087
8 0.28393271461716935 0.9242391304347826 0.012180974477958236 0.01108695652173913
8 0.27175174013921116 0.7995652173913044 0.019721577726218097 0.014782608695652174
8 0.2961136890951276 0.7517391304347826 0.009860788863109048 0.007391304347826087
8 0.23520881670533642 0.6482608695652174 0.008700696055684454 0.006956521739130435
8 0.6886600928074246 0.6697826086956522 0.008990719257540603 0.00608695652173913
7 0.23332366589327147 0.5261956521739131 0.006670533642691415 0.005869565217391304
7 0.16922853828306264 0.5175 0.007830626450116009 0.005
7 0.06482018561484919 0.5481521739130435 0.005510440835266821 0.005869565217391304
7 0.09614269141531323 0.5566304347826087 0.005510440835266821 0.005
7 0.04089327146171694 0.5172826086956521 0.0069605568445475635 0.005869565217391304
7 0.055249419953596286 0.509891304347826 0.0037703016241299302 0.004130434782608695
7 0.09077726218097448 0.5460869565217391 0.0069605568445475635 0.00391304347826087
7 0.1058584686774942 0.4101086956521739 0.005220417633410673 0.0036956521739130435
7 0.15501740139211137 0.42141304347826086 0.006090487238979118 0.004565217391304348
7 0.1954756380510441 0.4166304347826087 0.00580046403712297 0.0036956521739130435
7 0.810469837587007 0.5514130434782609 0.008990719257540603 0.007173913043478261
7 0.8590487238979119 0.5315217391304348 0.004640371229698376 0.004782608695652174
7 0.8841357308584686 0.5180434782608696 0.005510440835266821 0.004782608695652174
7 0.925899071925754 0.49630434782608696 0.0031902552204176333 0.004782608695652174
7 0.9241589327146171 0.5295652173913044 0.004350348027842227 0.0052173913043478265
7 0.9118329466357309 0.481195652173913 0.002900232018561485 0.004130434782608695
7 0.9111078886310905 0.48793478260869566 0.0037703016241299302 0.004130434782608695
7 0.9127030162412993 0.5042391304347826 0.002320185614849188 0.004565217391304348
7 0.7262180974477959 0.5093478260869565 0.004640371229698376 0.004347826086956522
7 0.7800174013921114 0.5102173913043478 0.004930394431554524 0.0026086956521739132
1 0.6967807424593968 0.12217391304347826 0.006090487238979118 0.005652173913043478
1 0.6774941995359629 0.12032608695652174 0.0075406032482598605 0.005
6 0.6234048723897911 0.7635869565217391 0.005510440835266821 0.004565217391304348
8 0.06946055684454756 0.2743478260869565 0.012470997679814385 0.010434782608695653
1 0.09585266821345707 0.40945652173913044 0.004930394431554524 0.004565217391304348
1 0.08483178654292343 0.49380434782608695 0.005510440835266821 0.0036956521739130435
1 0.5326276102088167 0.33760869565217394 0.006670533642691415 0.004347826086956522
0 0.7924883990719258 0.7001086956521739 0.021751740139211138 0.014565217391304348
6 0.5941125290023201 0.9063043478260869 0.006670533642691415 0.00608695652173913
1 0.3174303944315545 0.7815217391304348 0.008990719257540603 0.007391304347826087
7 0.15632250580046403 0.34880434782608694 0.00580046403712297 0.005434782608695652
8 0.08207656612529002 0.3692391304347826 0.009860788863109048 0.011521739130434782
1 0.3982018561484919 0.38717391304347826 0.0069605568445475635 0.0052173913043478265
1 0.5727958236658933 0.4441304347826087 0.0063805104408352666 0.006956521739130435
0 0.7162122969837587 0.6657608695652174 0.014211136890951276 0.015434782608695652
1 0.535092807424594 0.5331521739130435 0.0075406032482598605 0.006304347826086957
7 0.1437064965197216 0.5590217391304347 0.007250580046403712 0.006304347826086957
7 0.12456496519721577 0.5638043478260869 0.006090487238979118 0.005
7 0.15400232018561485 0.5340217391304348 0.00580046403712297 0.005
9 0.5055104408352669 0.43673913043478263 0.0063805104408352666 0.0052173913043478265
8 0.6279002320185615 0.8955434782608696 0.012761020881670533 0.009782608695652175
