4 0.06026214833759591 0.35003596259889713 0.015025575447570333 0.015823543514744666
4 0.03676470588235294 0.5213378086789738 0.011508951406649617 0.01941980340445936
4 0.0930306905370844 0.3750899064972429 0.014066496163682864 0.011747782306401342
4 0.6574488491048593 0.9313114361064493 0.02973145780051151 0.017981299448573483
4 0.7328964194373402 0.7851834092543755 0.019501278772378516 0.013426036921601535
4 0.8259271099744245 0.49712299208822824 0.010549872122762148 0.00695276912011508
4 0.8881074168797954 0.40577799088947497 0.005754475703324808 0.007911771757372333
4 0.9108056265984654 0.4154878925917046 0.00639386189258312 0.008151522416686647
4 0.9336636828644501 0.4319108127547351 0.00479539641943734 0.012227283625029969
4 0.803388746803069 0.17561735794773436 0.014066496163682864 0.011268280987772716
9 0.5816815856777494 0.7544953248621433 0.015025575447570333 0.009590026372572525
8 0.5350063938618926 0.7209302325581395 0.01694373401534527 0.014385039558858786
1 0.4752237851662404 0.7869815391992327 0.009910485933503837 0.00695276912011508
9 0.4733056265984655 0.7713977463438024 0.012468030690537084 0.007432270438743707
0 0.6195652173913043 0.7701989930472308 0.01278772378516624 0.007911771757372333
4 0.21275575447570333 0.14960441141213138 0.011828644501278773 0.011987532965715655
1 0.32289002557544755 0.17837449052984897 0.011508951406649617 0.007192519779429393
1 0.38554987212276215 0.1581155598177895 0.008951406649616368 0.005514265164229201
0 0.2987531969309463 0.19623591464876528 0.005434782608695652 0.005993766482857828
0 0.3596547314578005 0.08175497482618077 0.010230179028132993 0.011987532965715655
9 0.657928388746803 0.5342843442819468 0.008951406649616368 0.00695276912011508
8 0.5976662404092071 0.47506593143131143 0.007352941176470588 0.004075761208343323
3 0.8465473145780051 0.4627187724766243 0.007033248081841432 0.0038360105490290097
4 0.9456521739130435 0.48357707983696957 0.004475703324808184 0.009590026372572525
8 0.9148017902813299 0.6215535842723567 0.007352941176470588 0.011268280987772716
8 0.9208759590792839 0.5921841285063534 0.00479539641943734 0.007192519779429393
8 0.2639066496163683 0.7483816830496284 0.012468030690537084 0.011268280987772716
4 0.09622762148337596 0.7287221289858548 0.010230179028132993 0.0146247902181731
0 0.15233375959079284 0.6305442339966435 0.009271099744245524 0.005274514504914889
0 0.11413043478260869 0.6226324622392712 0.008951406649616368 0.009590026372572525
1 0.6873401534526854 0.9104531287461041 0.0038363171355498722 0.0026372572524574443
1 0.3272058823529412 0.35471110045552623 0.006074168797953964 0.004555262526971949
1 0.5418797953964194 0.2761927595300887 0.0038363171355498722 0.002397506593143131
3 0.11013427109974425 0.4754255574202829 0.01118925831202046 0.009590026372572525
3 0.06729539641943734 0.46475665308079595 0.008631713554987212 0.00695276912011508
0 0.3190537084398977 0.7833852793095181 0.008951406649616368 0.007432270438743707
0 0.4403772378516624 0.7630064732678015 0.01118925831202046 0.00695276912011508
9 0.41096547314578 0.7823064013426037 0.0079923273657289 0.005274514504914889
0 0.4359015345268542 0.7698393670582594 0.008631713554987212 0.008631023735315272
8 0.177269820971867 0.7763126348597459 0.018861892583120203 0.011987532965715655
8 0.16432225063938619 0.730520258930712 0.010230179028132993 0.006233517142172141
8 0.3756393861892583 0.6999520498681371 0.026854219948849106 0.02229681131623112
9 0.5 0.2855430352433469 0.0076726342710997444 0.004795013186286262
1 0.3868286445012788 0.12203308559098537 0.007033248081841432 0.005274514504914889
0 0.3583759590792839 0.06713018460800767 0.011508951406649617 0.009110525053943897
4 0.36524936061381075 0.46235914648765286 0.012468030690537084 0.015583792855430352
4 0.3539002557544757 0.6017741548789259 0.010869565217391304 0.008631023735315272
4 0.5148657289002557 0.5362023495564613 0.010549872122762148 0.010788779669144091
0 0.10374040920716113 0.6083672980100695 0.023337595907928388 0.0146247902181731
0 0.1155690537084399 0.6140014385039558 0.009271099744245524 0.009590026372572525
6 0.5877557544757033 0.48573483577079835 0.006713554987212276 0.005754015823543515
0 0.8379156010230179 0.6244305921841286 0.014705882352941176 0.009829777031886838
1 0.6769501278772379 0.11232318388875569 0.005434782608695652 0.004555262526971949
1 0.12340153452685422 0.5378806041716615 0.005754475703324808 0.0035962598897146965
9 0.5356457800511509 0.5726444497722368 0.003516624040920716 0.004075761208343323
1 0.5076726342710998 0.19239990409973629 0.00639386189258312 0.005034763845600575
1 0.6387468030690537 0.7118197075041957 0.004475703324808184 0.003356509230400384
0 0.6365089514066496 0.6215535842723567 0.013427109974424553 0.008870774394629586
0 0.4942455242966752 0.6838887556940781 0.014066496163682864 0.010788779669144091
0 0.3059462915601023 0.738911532006713 0.011508951406649617 0.017262047470630544
0 0.36508951406649615 0.1856868856389355 0.012148337595907928 0.008870774394629586
0 0.6876598465473146 0.6165188204267562 0.019820971867007674 0.015104291536801727
0 0.7738171355498721 0.648525533445217 0.009910485933503837 0.009110525053943897
0 0.7774936061381074 0.6565571805322464 0.00959079283887468 0.008391273076000958
0 0.8620524296675192 0.6565571805322464 0.01438618925831202 0.02996883241428914
0 0.7810102301790282 0.7235674898105969 0.013427109974424553 0.011987532965715655
8 0.23385549872122763 0.7784703907935747 0.013746803069053709 0.011987532965715655
8 0.044277493606138106 0.4771038120354831 0.005434782608695652 0.005274514504914889
