9 0.17183874709976799 0.6632608695652173 0.007250580046403712 0.006521739130434782
8 0.22940835266821347 0.6558695652173913 0.01334106728538283 0.010434782608695653
8 0.10426334106728538 0.6103260869565217 0.018271461716937356 0.02108695652173913
8 0.08251160092807425 0.6643478260869565 0.01537122969837587 0.020869565217391306
8 0.07743619489559164 0.6180434782608696 0.009860788863109048 0.013043478260869565
8 0.15458236658932714 0.5744565217391304 0.016241299303944315 0.015434782608695652
8 0.13660092807424595 0.5901086956521739 0.013921113689095127 0.013260869565217392
6 0.1767691415313225 0.5917391304347827 0.007830626450116009 0.006956521739130435
6 0.16589327146171692 0.5733695652173914 0.00580046403712297 0.005434782608695652
6 0.23796403712296985 0.5760869565217391 0.007250580046403712 0.004347826086956522
6 0.26711136890951276 0.5632608695652174 0.009280742459396751 0.006521739130434782
1 0.32961136890951276 0.6434782608695652 0.007250580046403712 0.006956521739130435
1 0.3707946635730858 0.611304347826087 0.007830626450116009 0.006956521739130435
1 0.273491879350348 0.7047826086956521 0.005220417633410673 0.004347826086956522
1 0.27682714617169374 0.7506521739130435 0.006090487238979118 0.00391304347826087
1 0.2685614849187935 0.7258695652173913 0.004640371229698376 0.0026086956521739132
1 0.3328016241299304 0.8130434782608695 0.007830626450116009 0.006956521739130435
8 0.3210556844547564 0.8392391304347826 0.025522041763341066 0.024565217391304347
8 0.3435324825986079 0.851304347826087 0.021751740139211138 0.01608695652173913
8 0.36803944315545245 0.8790217391304348 0.02262180974477958 0.01717391304347826
8 0.2732018561484919 0.8856521739130435 0.01334106728538283 0.016956521739130436
4 0.09048723897911833 0.5715217391304348 0.012180974477958236 0.013478260869565217
4 0.33512180974477956 0.7426086956521739 0.008990719257540603 0.006521739130434782
4 0.5677204176334106 0.6942391304347826 0.004930394431554524 0.006304347826086957
8 0.6663283062645011 0.8322826086956522 0.024651972157772623 0.023695652173913045
6 0.537122969837587 0.1932608695652174 0.0075406032482598605 0.004782608695652174
6 0.4417053364269142 0.11706521739130435 0.008120649651972157 0.006304347826086957
4 0.15922273781902552 0.21945652173913044 0.01160092807424594 0.009782608695652175
1 0.29190835266821347 0.12978260869565217 0.007830626450116009 0.006956521739130435
1 0.29248839907192575 0.10934782608695652 0.007250580046403712 0.0052173913043478265
1 0.2763921113689095 0.12706521739130436 0.008120649651972157 0.005869565217391304
1 0.6677784222737819 0.12793478260869565 0.010150812064965197 0.006304347826086957
1 0.7099767981438515 0.19152173913043477 0.008120649651972157 0.009130434782608696
1 0.6232598607888631 0.10630434782608696 0.010440835266821345 0.009130434782608696
6 0.8645591647331786 0.5565217391304348 0.010440835266821345 0.009130434782608696
6 0.8683294663573086 0.5652173913043478 0.00580046403712297 0.004347826086956522
8 0.7937935034802784 0.768695652173913 0.030162412993039442 0.035217391304347825
8 0.8069895591647331 0.7231521739130434 0.01537122969837587 0.01934782608695652
8 0.7067865429234339 0.8454347826086956 0.022041763341067284 0.014782608695652174
6 0.4156032482598608 0.9090217391304348 0.0075406032482598605 0.008043478260869565
8 0.6598027842227379 0.8589130434782609 0.009280742459396751 0.010434782608695653
6 0.5916473317865429 0.9315217391304348 0.005220417633410673 0.004347826086956522
8 0.5336426914153132 0.3239130434782609 0.02262180974477958 0.017826086956521738
4 0.714762180974478 0.5314130434782609 0.020591647331786544 0.012826086956521739
4 0.8040893271461717 0.4476086956521739 0.0095707656612529 0.004782608695652174
3 0.8309164733178654 0.4860869565217391 0.0075406032482598605 0.006956521739130435
3 0.8230858468677494 0.45554347826086955 0.0063805104408352666 0.005434782608695652
3 0.8458526682134571 0.45163043478260867 0.01131090487238979 0.010652173913043479
3 0.81627030162413 0.45108695652173914 0.006090487238979118 0.00608695652173913
3 0.867314385150812 0.44554347826086954 0.014791183294663572 0.01108695652173913
3 0.8790603248259861 0.46119565217391306 0.012761020881670533 0.011956521739130435
3 0.8307714617169374 0.4464130434782609 0.010150812064965197 0.006739130434782609
3 0.10426334106728538 0.3915217391304348 0.006670533642691415 0.010869565217391304
3 0.036832946635730855 0.411195652173913 0.010440835266821345 0.01108695652173913
1 0.12311484918793504 0.4507608695652174 0.006670533642691415 0.007608695652173913
1 0.11905452436194895 0.47391304347826085 0.0095707656612529 0.00782608695652174
1 0.1711136890951276 0.5047826086956522 0.010440835266821345 0.00782608695652174
1 0.15008700696055685 0.49956521739130433 0.007250580046403712 0.004782608695652174
1 0.13993619489559164 0.4880434782608696 0.007250580046403712 0.004782608695652174
1 0.12993039443155452 0.48684782608695654 0.00580046403712297 0.005434782608695652
1 0.20533642691415313 0.5257608695652174 0.010440835266821345 0.006304347826086957
8 0.18314965197215777 0.7373913043478261 0.01769141531322506 0.01565217391304348
8 0.14298143851508122 0.7483695652173913 0.013921113689095127 0.01847826086956522
8 0.1339907192575406 0.7339130434782609 0.015081206496519721 0.014347826086956521
1 0.32076566125290024 0.883695652173913 0.009280742459396751 0.008695652173913044
1 0.24796983758700697 0.8580434782608696 0.008120649651972157 0.007391304347826087
8 0.6605278422273781 0.7215217391304348 0.01943155452436195 0.014347826086956521
8 0.5649651972157773 0.673804347826087 0.015661252900232018 0.011956521739130435
8 0.8584686774941995 0.6495652173913044 0.009860788863109048 0.015217391304347827
0 0.906322505800464 0.6404347826086957 0.008700696055684454 0.011739130434782608
0 0.9096577726218097 0.519891304347826 0.010730858468677494 0.010652173913043479
1 0.6371809744779582 0.09684782608695652 0.009280742459396751 0.006304347826086957
8 0.834106728538283 0.6977173913043478 0.016821345707656612 0.013695652173913043
8 0.7347737819025522 0.8906521739130435 0.018271461716937356 0.01608695652173913
1 0.28335266821345706 0.8431521739130434 0.012180974477958236 0.007608695652173913
1 0.3400522041763341 0.8746739130434783 0.010730858468677494 0.01108695652173913
1 0.2763921113689095 0.788695652173913 0.011020881670533642 0.01
1 0.29292343387471 0.8338043478260869 0.012761020881670533 0.010652173913043479
8 0.5013051044083526 0.6433695652173913 0.012470997679814385 0.008478260869565218
4 0.21070185614849188 0.22684782608695653 0.006090487238979118 0.005434782608695652
1 0.12427494199535963 0.3508695652173913 0.006090487238979118 0.006521739130434782
1 0.10092807424593968 0.3481521739130435 0.012761020881670533 0.010217391304347826
0 0.8401972157772621 0.5657608695652174 0.0075406032482598605 0.007173913043478261
1 0.8299013921113689 0.5328260869565218 0.006090487238979118 0.006521739130434782
0 0.10179814385150812 0.547608695652174 0.0069605568445475635 0.005652173913043478
1 0.10658352668213457 0.7240217391304348 0.007250580046403712 0.007173913043478261
1 0.11470417633410673 0.7292391304347826 0.007250580046403712 0.007608695652173913
1 0.3181554524361949 0.8533695652173913 0.009280742459396751 0.006739130434782609
8 0.9192285382830626 0.6709782608695652 0.013051044083526682 0.015869565217391305
4 0.570330626450116 0.2544565217391304 0.029872389791183295 0.020217391304347826
1 0.9053074245939675 0.43130434782608695 0.005510440835266821 0.005652173913043478
6 0.6937354988399071 0.5382608695652173 0.008120649651972157 0.006521739130434782
0 0.7629060324825986 0.6541304347826087 0.018271461716937356 0.009130434782608696
0 0.7888631090487239 0.6708695652173913 0.0191415313225058 0.013478260869565217
8 0.8429524361948956 0.7267391304347826 0.008410672853828306 0.00826086956521739
8 0.8209106728538283 0.8025 0.010730858468677494 0.009782608695652175
8 0.7708816705336426 0.8103260869565218 0.008700696055684454 0.006304347826086957
1 0.7173723897911833 0.8657608695652174 0.008410672853828306 0.005869565217391304
8 0.6550174013921114 0.9117391304347826 0.008410672853828306 0.007391304347826087
8 0.16632830626450115 0.8290217391304348 0.008990719257540603 0.008913043478260869
8 0.22418793503480278 0.8172826086956522 0.011020881670533642 0.011956521739130435
1 0.19866589327146172 0.8516304347826087 0.014501160092807424 0.010652173913043479
8 0.11455916473317865 0.716304347826087 0.008120649651972157 0.00782608695652174
8 0.06337006960556844 0.6589130434782609 0.010730858468677494 0.017391304347826087
0 0.17502900232018562 0.6165217391304347 0.04147331786542923 0.02217391304347826
0 0.5345127610208816 0.5791304347826087 0.009860788863109048 0.008695652173913044
8 0.9357598607888631 0.621304347826087 0.010730858468677494 0.014347826086956521
8 0.9048723897911833 0.655 0.008700696055684454 0.010434782608695653
8 0.8681844547563805 0.6958695652173913 0.006670533642691415 0.00608695652173913
8 0.8736948955916474 0.6778260869565217 0.007830626450116009 0.00608695652173913
6 0.8152552204176334 0.6253260869565217 0.0063805104408352666 0.005
8 0.212877030162413 0.8832608695652174 0.015081206496519721 0.014347826086956521
8 0.26711136890951276 0.8982608695652174 0.009860788863109048 0.007391304347826087
1 0.23839907192575405 0.735108695652174 0.008120649651972157 0.006739130434782609
8 0.20403132250580047 0.6380434782608696 0.007830626450116009 0.006521739130434782
8 0.0630800464037123 0.618804347826087 0.008410672853828306 0.009347826086956522
8 0.04190835266821346 0.5897826086956521 0.007250580046403712 0.01565217391304348
8 0.0669953596287703 0.5875 0.009860788863109048 0.011521739130434782
0 0.17502900232018562 0.5335869565217392 0.008990719257540603 0.009782608695652175
0 0.06554524361948956 0.4733695652173913 0.00580046403712297 0.004130434782608695
0 0.05307424593967518 0.5091304347826087 0.012180974477958236 0.015217391304347827
8 0.8973317865429234 0.5954347826086956 0.0075406032482598605 0.00782608695652174
8 0.03349767981438515 0.32706521739130434 0.008410672853828306 0.007173913043478261
0 0.1463167053364269 0.6222826086956522 0.02291183294663573 0.021956521739130434
1 0.7120069605568445 0.917608695652174 0.00580046403712297 0.005652173913043478
1 0.8467227378190255 0.46543478260869564 0.0095707656612529 0.006521739130434782
