9 0.3482349537037037 0.10030864197530864 0.008969907407407407 0.008873456790123456
9 0.3038194444444444 0.15354938271604937 0.007523148148148148 0.0038580246913580245
8 0.1685474537037037 0.21103395061728394 0.006076388888888889 0.006172839506172839
6 0.45992476851851855 0.1111111111111111 0.007233796296296296 0.0038580246913580245
6 0.42332175925925924 0.12692901234567902 0.004050925925925926 0.0023148148148148147
6 0.4565972222222222 0.15027006172839505 0.005208333333333333 0.002700617283950617
6 0.5287905092592593 0.2478780864197531 0.006076388888888889 0.002700617283950617
6 0.3650173611111111 0.2957175925925926 0.005497685185185185 0.0038580246913580245
8 0.7197627314814815 0.3324652777777778 0.006655092592592593 0.005979938271604938
6 0.5766782407407407 0.29793595679012347 0.004629629629629629 0.003279320987654321
6 0.47974537037037035 0.3679591049382716 0.005787037037037037 0.003279320987654321
6 0.5020254629629629 0.39052854938271603 0.005208333333333333 0.003279320987654321
6 0.5240162037037037 0.4323881172839506 0.004629629629629629 0.0036651234567901233
6 0.5162037037037037 0.4253472222222222 0.0028935185185185184 0.002700617283950617
4 0.9068287037037037 0.29851466049382713 0.005208333333333333 0.00636574074074074
8 0.6668113425925926 0.13194444444444445 0.008969907407407407 0.005787037037037037
8 0.7254050925925926 0.13117283950617284 0.008101851851851851 0.004243827160493827
8 0.7194733796296297 0.15142746913580246 0.009548611111111112 0.006558641975308642
6 0.6783854166666666 0.12876157407407407 0.003761574074074074 0.002507716049382716
6 0.6142939814814815 0.12181712962962964 0.003472222222222222 0.002507716049382716
6 0.5789930555555556 0.11458333333333333 0.0028935185185185184 0.0023148148148148147
6 0.5732060185185185 0.140625 0.004050925925925926 0.0038580246913580245
6 0.6409143518518519 0.13975694444444445 0.004050925925925926 0.002507716049382716
6 0.6155960648148148 0.22318672839506173 0.004340277777777778 0.002700617283950617
6 0.5736400462962963 0.22897376543209877 0.006076388888888889 0.004629629629629629
6 0.4447337962962963 0.2355324074074074 0.004050925925925926 0.002700617283950617
6 0.4613715277777778 0.2364969135802469 0.00318287037037037 0.0023148148148148147
6 0.5008680555555556 0.23582175925925927 0.003472222222222222 0.0021219135802469135
6 0.6138599537037037 0.30632716049382713 0.004340277777777778 0.0030864197530864196
6 0.6354166666666666 0.3152006172839506 0.004629629629629629 0.003472222222222222
6 0.6825810185185185 0.27739197530864196 0.003472222222222222 0.0023148148148148147
1 0.8203125 0.27411265432098764 0.003472222222222222 0.0023148148148148147
1 0.7572337962962963 0.28231095679012347 0.003472222222222222 0.002507716049382716
1 0.8336226851851852 0.2092013888888889 0.003472222222222222 0.0028935185185185184
1 0.7934027777777778 0.2126736111111111 0.003472222222222222 0.002507716049382716
6 0.4910300925925926 0.16174768518518517 0.004629629629629629 0.0021219135802469135
6 0.4761284722222222 0.30160108024691357 0.005497685185185185 0.0028935185185185184
6 0.45717592592592593 0.3161651234567901 0.003472222222222222 0.002700617283950617
6 0.47858796296296297 0.3290895061728395 0.003472222222222222 0.002700617283950617
6 0.5209780092592593 0.33979552469135804 0.003761574074074074 0.0036651234567901233
0 0.6315104166666666 0.3597608024691358 0.026331018518518517 0.006944444444444444
1 0.43721064814814814 0.36506558641975306 0.012152777777777778 0.007523148148148148
6 0.4547164351851852 0.41695601851851855 0.006655092592592593 0.0055941358024691355
8 0.22902199074074073 0.15219907407407407 0.005497685185185185 0.005015432098765432
4 0.23697916666666666 0.4056712962962963 0.01273148148148148 0.007716049382716049
0 0.4756944444444444 0.43624614197530864 0.02546296296296296 0.008680555555555556
6 0.57421875 0.39969135802469136 0.004918981481481482 0.002700617283950617
6 0.6112557870370371 0.43431712962962965 0.007233796296296296 0.00636574074074074
1 0.5014467592592593 0.5485146604938271 0.005787037037037037 0.0036651234567901233
6 0.6137152777777778 0.2431520061728395 0.003472222222222222 0.002507716049382716
6 0.3828125 0.3175154320987654 0.005208333333333333 0.0030864197530864196
6 0.41087962962962965 0.2978395061728395 0.003472222222222222 0.002700617283950617
8 0.1412037037037037 0.31385030864197533 0.007523148148148148 0.005401234567901234
8 0.08666087962962964 0.3636188271604938 0.004918981481481482 0.004243827160493827
6 0.22366898148148148 0.2490354938271605 0.006944444444444444 0.003472222222222222
8 0.07783564814814815 0.30951003086419754 0.005208333333333333 0.009066358024691358
3 0.8372395833333334 0.43701774691358025 0.009548611111111112 0.008294753086419753
9 0.7910879629629629 0.20341435185185186 0.010416666666666666 0.010223765432098766
9 0.9217303240740741 0.42766203703703703 0.005497685185185185 0.0038580246913580245
9 0.9476273148148148 0.4769483024691358 0.009259259259259259 0.010609567901234568
9 0.8475115740740741 0.5509259259259259 0.004629629629629629 0.0038580246913580245
9 0.8317418981481481 0.5570023148148148 0.005497685185185185 0.004822530864197531
9 0.7815393518518519 0.6135223765432098 0.009837962962962963 0.006751543209876543
6 0.5875289351851852 0.4496527777777778 0.005497685185185185 0.002700617283950617
6 0.5293692129629629 0.4060570987654321 0.004918981481481482 0.0023148148148148147
6 0.7294560185185185 0.5688657407407407 0.007523148148148148 0.005787037037037037
6 0.6971932870370371 0.5772569444444444 0.008391203703703705 0.004822530864197531
6 0.5931712962962963 0.5100308641975309 0.004050925925925926 0.0030864197530864196
6 0.5962094907407407 0.5535300925925926 0.004340277777777778 0.0028935185185185184
1 0.5923032407407407 0.6168981481481481 0.004629629629629629 0.002700617283950617
1 0.6180555555555556 0.6215277777777778 0.0028935185185185184 0.0023148148148148147
9 0.9428530092592593 0.5519868827160493 0.004340277777777778 0.004436728395061728
9 0.90234375 0.5785108024691358 0.006655092592592593 0.005401234567901234
5 0.9155092592592593 0.5879629629629629 0.027777777777777776 0.02044753086419753
1 0.8734085648148148 0.6469907407407407 0.005497685185185185 0.006558641975308642
0 0.8446180555555556 0.5885416666666666 0.010416666666666666 0.0073302469135802465
0 0.7866030092592593 0.5589313271604939 0.005497685185185185 0.004436728395061728
0 0.7832754629629629 0.5700231481481481 0.009259259259259259 0.0073302469135802465
6 0.6125578703703703 0.6784336419753086 0.005787037037037037 0.0038580246913580245
6 0.7164351851851852 0.5928819444444444 0.005787037037037037 0.004050925925925926
0 0.7300347222222222 0.6023341049382716 0.009837962962962963 0.010609567901234568
0 0.6770833333333334 0.5514081790123457 0.015046296296296295 0.009066358024691358
8 0.8274016203703703 0.6716820987654321 0.013020833333333334 0.009259259259259259
0 0.7970196759259259 0.6823881172839507 0.009548611111111112 0.008294753086419753
0 0.7576678240740741 0.6787229938271605 0.010127314814814815 0.00636574074074074
1 0.7243923611111112 0.7133487654320988 0.004340277777777778 0.003472222222222222
2 0.6209490740740741 0.6973379629629629 0.019675925925925927 0.016589506172839507
6 0.3933738425925926 0.6640625 0.005497685185185185 0.0036651234567901233
6 0.3810763888888889 0.6583719135802469 0.004629629629629629 0.0030864197530864196
6 0.28833912037037035 0.683641975308642 0.0078125 0.004243827160493827
6 0.28269675925925924 0.7109375 0.00636574074074074 0.004436728395061728
6 0.2630208333333333 0.7294560185185185 0.005208333333333333 0.003279320987654321
1 0.8809317129629629 0.7376543209876543 0.006655092592592593 0.0073302469135802465
1 0.7980324074074074 0.7692901234567902 0.003472222222222222 0.0019290123456790122
1 0.7867476851851852 0.7467206790123457 0.004629629629629629 0.0019290123456790122
0 0.39453125 0.5517939814814815 0.02459490740740741 0.017939814814814815
6 0.2092013888888889 0.18547453703703703 0.00636574074074074 0.0055941358024691355
6 0.23075810185185186 0.19444444444444445 0.016493055555555556 0.010030864197530864
8 0.20109953703703703 0.2855902777777778 0.008680555555555556 0.0055941358024691355
8 0.1451099537037037 0.39718364197530864 0.006076388888888889 0.004629629629629629
1 0.07508680555555555 0.38175154320987653 0.004340277777777778 0.0030864197530864196
0 0.059895833333333336 0.4342206790123457 0.005787037037037037 0.019675925925925927
0 0.06669560185185185 0.45707947530864196 0.013599537037037037 0.031057098765432098
9 0.14293981481481483 0.5676118827160493 0.010416666666666666 0.005208333333333333
8 0.046440972222222224 0.4913194444444444 0.00318287037037037 0.0038580246913580245
9 0.05295138888888889 0.5713734567901234 0.005208333333333333 0.007716049382716049
3 0.2322048611111111 0.5355902777777778 0.01765046296296296 0.01253858024691358
3 0.1957465277777778 0.5226658950617284 0.02806712962962963 0.024112654320987654
3 0.1478587962962963 0.5513117283950617 0.026041666666666668 0.011959876543209876
3 0.11516203703703703 0.5236304012345679 0.01678240740740741 0.014467592592592593
3 0.1284722222222222 0.5382908950617284 0.01099537037037037 0.007137345679012345
3 0.12210648148148148 0.49797453703703703 0.046296296296296294 0.031057098765432098
0 0.06611689814814815 0.4940200617283951 0.0078125 0.017746913580246913
9 0.20298032407407407 0.6154513888888888 0.006655092592592593 0.004436728395061728
9 0.26171875 0.5913387345679012 0.01070601851851852 0.008294753086419753
9 0.28718171296296297 0.5951967592592593 0.0078125 0.0055941358024691355
6 0.27879050925925924 0.5798611111111112 0.007233796296296296 0.004629629629629629
6 0.2974537037037037 0.6105324074074074 0.00636574074074074 0.004629629629629629
6 0.3081597222222222 0.6212384259259259 0.006944444444444444 0.003279320987654321
4 0.43359375 0.5537229938271605 0.006076388888888889 0.005979938271604938
6 0.29267939814814814 0.6586612654320988 0.006655092592592593 0.004436728395061728
0 0.3055555555555556 0.6024305555555556 0.009259259259259259 0.006558641975308642
8 0.3389756944444444 0.6010802469135802 0.008391203703703705 0.0038580246913580245
8 0.3421585648148148 0.6048418209876543 0.006076388888888889 0.004822530864197531
8 0.24623842592592593 0.6640625 0.005787037037037037 0.004050925925925926
0 0.1896701388888889 0.5698302469135802 0.03443287037037037 0.02353395061728395
3 0.10474537037037036 0.6005015432098766 0.009259259259259259 0.007716049382716049
9 0.1634837962962963 0.6778549382716049 0.00636574074074074 0.003472222222222222
8 0.13758680555555555 0.6978202160493827 0.005497685185185185 0.0055941358024691355
8 0.14207175925925927 0.7198109567901234 0.005208333333333333 0.004436728395061728
8 0.10850694444444445 0.6446759259259259 0.005787037037037037 0.006944444444444444
8 0.10054976851851852 0.6537422839506173 0.004918981481481482 0.004629629629629629
8 0.10662615740740741 0.6690779320987654 0.007233796296296296 0.006751543209876543
8 0.25289351851851855 0.6995563271604939 0.01099537037037037 0.008294753086419753
9 0.7138310185185185 0.7486496913580247 0.011574074074074073 0.009645061728395061
8 0.5625 0.8454861111111112 0.010416666666666666 0.005401234567901234
8 0.5746527777777778 0.8641975308641975 0.005787037037037037 0.004243827160493827
6 0.48538773148148145 0.8728780864197531 0.004918981481481482 0.0030864197530864196
1 0.4597800925925926 0.8559992283950617 0.005787037037037037 0.004050925925925926
1 0.5432581018518519 0.8538773148148148 0.005497685185185185 0.002507716049382716
0 0.5203993055555556 0.8668981481481481 0.013020833333333334 0.02044753086419753
0 0.5474537037037037 0.8686342592592593 0.027777777777777776 0.028935185185185185
0 0.5700231481481481 0.8639081790123457 0.029513888888888888 0.031828703703703706
5 0.34360532407407407 0.7276234567901234 0.018229166666666668 0.017361111111111112
0 0.31843171296296297 0.5881558641975309 0.015335648148148149 0.007716049382716049
0 0.21513310185185186 0.5643325617283951 0.009548611111111112 0.005979938271604938
7 0.29673032407407407 0.31317515432098764 0.011284722222222222 0.00636574074074074
8 0.18055555555555555 0.1412037037037037 0.014467592592592593 0.011574074074074073
1 0.19835069444444445 0.24672067901234568 0.0078125 0.003472222222222222
8 0.2204861111111111 0.28520447530864196 0.006944444444444444 0.007137345679012345
1 0.1779513888888889 0.2785493827160494 0.005787037037037037 0.0038580246913580245
8 0.4474826388888889 0.29070216049382713 0.02228009259259259 0.015046296296296295
9 0.1879340277777778 0.2056327160493827 0.010127314814814815 0.009259259259259259
8 0.5891203703703703 0.29398148148148145 0.016203703703703703 0.010030864197530864
1 0.7744502314814815 0.19367283950617284 0.008391203703703705 0.005015432098765432
1 0.7868923611111112 0.25289351851851855 0.0078125 0.004629629629629629
8 0.9162326388888888 0.3507908950617284 0.008391203703703705 0.009066358024691358
1 0.8340567129629629 0.31278935185185186 0.005497685185185185 0.005208333333333333
1 0.8482349537037037 0.30333719135802467 0.005497685185185185 0.004436728395061728
8 0.6236979166666666 0.36506558641975306 0.015335648148148149 0.007908950617283951
8 0.06915509259259259 0.41097608024691357 0.00636574074074074 0.009837962962962963
8 0.9136284722222222 0.408179012345679 0.007233796296296296 0.006172839506172839
8 0.9308449074074074 0.41531635802469136 0.005208333333333333 0.005015432098765432
8 0.9301215277777778 0.4104938271604938 0.004340277777777778 0.0038580246913580245
8 0.9369212962962963 0.44598765432098764 0.009259259259259259 0.006944444444444444
8 0.9207175925925926 0.4460841049382716 0.006944444444444444 0.005208333333333333
9 0.8067129629629629 0.7268518518518519 0.03009259259259259 0.01890432098765432
5 0.14221643518518517 0.6014660493827161 0.035590277777777776 0.020833333333333332
8 0.22294560185185186 0.7856867283950617 0.022858796296296297 0.015817901234567902
8 0.2578125 0.8473186728395061 0.017939814814814815 0.010609567901234568
8 0.20442708333333334 0.5947145061728395 0.015335648148148149 0.008101851851851851
6 0.19241898148148148 0.625 0.01273148148148148 0.009259259259259259
6 0.4683159722222222 0.4635416666666667 0.006076388888888889 0.003472222222222222
8 0.6918402777777778 0.23032407407407407 0.018518518518518517 0.011188271604938271
6 0.19733796296296297 0.6421682098765432 0.004050925925925926 0.0030864197530864196
6 0.2087673611111111 0.6435185185185185 0.004918981481481482 0.004243827160493827
8 0.9746817129629629 0.5267168209876543 0.006655092592592593 0.00945216049382716
1 0.16102430555555555 0.28780864197530864 0.0078125 0.006172839506172839
1 0.7893518518518519 0.14371141975308643 0.00636574074074074 0.006558641975308642
8 0.7630208333333334 0.2899305555555556 0.010416666666666666 0.006944444444444444
8 0.953125 0.46633873456790126 0.009837962962962963 0.01408179012345679
6 0.7281539351851852 0.7804783950617284 0.008391203703703705 0.004629629629629629
0 0.22960069444444445 0.6147762345679012 0.01707175925925926 0.014660493827160493
1 0.2669270833333333 0.6056134259259259 0.006076388888888889 0.004822530864197531
8 0.056712962962962965 0.5460069444444444 0.00636574074074074 0.012924382716049383
6 0.5211226851851852 0.44396219135802467 0.00636574074074074 0.0036651234567901233
1 0.20703125 0.26456404320987653 0.006655092592592593 0.004050925925925926
1 0.20298032407407407 0.26803626543209874 0.0078125 0.004436728395061728
8 0.22497106481481483 0.7173032407407407 0.007233796296296296 0.005208333333333333
1 0.1746238425925926 0.6936728395061729 0.004918981481481482 0.0038580246913580245
6 0.4965277777777778 0.2107445987654321 0.004050925925925926 0.002507716049382716
6 0.5018807870370371 0.21238425925925927 0.00318287037037037 0.0019290123456790122
8 0.87109375 0.7047646604938271 0.01707175925925926 0.016010802469135804
8 0.8959780092592593 0.5844907407407407 0.0078125 0.005015432098765432
8 0.29398148148148145 0.6694637345679012 0.011574074074074073 0.006751543209876543
