4 0.21374709976798145 0.2242391304347826 0.0063805104408352666 0.005434782608695652
4 0.7482598607888631 0.21065217391304347 0.008700696055684454 0.006956521739130435
4 0.8275812064965197 0.32858695652173914 0.008990719257540603 0.008043478260869565
4 0.8000290023201856 0.4351086956521739 0.007250580046403712 0.006304347826086957
4 0.9521461716937355 0.5206521739130435 0.0069605568445475635 0.009130434782608696
4 0.8135150812064965 0.7814130434782609 0.008120649651972157 0.011521739130434782
6 0.5345127610208816 0.2875 0.0063805104408352666 0.004130434782608695
8 0.4375 0.5173913043478261 0.013051044083526682 0.011739130434782608
1 0.6586426914153132 0.5445652173913044 0.0069605568445475635 0.006956521739130435
8 0.5094257540603249 0.8975 0.007250580046403712 0.005869565217391304
8 0.0810614849187935 0.5954347826086956 0.014791183294663572 0.012608695652173913
8 0.8880510440835266 0.2802173913043478 0.010440835266821345 0.01608695652173913
8 0.9624419953596288 0.4469565217391304 0.0037703016241299302 0.009565217391304347
0 0.7379640371229699 0.6416304347826087 0.011890951276102088 0.007173913043478261
0 0.68372969837587 0.6601086956521739 0.007250580046403712 0.007173913043478261
0 0.7515951276102089 0.6248913043478261 0.007250580046403712 0.006739130434782609
0 0.7629060324825986 0.61 0.008410672853828306 0.009130434782608696
0 0.7950986078886311 0.6297826086956522 0.008410672853828306 0.00782608695652174
0 0.7301334106728539 0.6308695652173913 0.012470997679814385 0.011739130434782608
0 0.2341937354988399 0.5914130434782608 0.011890951276102088 0.005
0 0.26218097447795824 0.672608695652174 0.009860788863109048 0.005652173913043478
0 0.09976798143851508 0.7332608695652174 0.02262180974477958 0.03826086956521739
0 0.8876160092807425 0.7216304347826087 0.008410672853828306 0.01847826086956522
0 0.8687645011600929 0.7468478260869565 0.0095707656612529 0.015
0 0.9495359628770301 0.6104347826086957 0.0075406032482598605 0.018260869565217393
0 0.9282192575406032 0.6372826086956521 0.010150812064965197 0.010217391304347826
0 0.9124129930394431 0.6598913043478261 0.012761020881670533 0.015869565217391305
3 0.11789443155452436 0.48869565217391303 0.010730858468677494 0.006521739130434782
7 0.1583526682134571 0.4107608695652174 0.005220417633410673 0.005
7 0.1779292343387471 0.4132608695652174 0.004350348027842227 0.00391304347826087
7 0.22099767981438515 0.421195652173913 0.00580046403712297 0.004565217391304348
7 0.2336136890951276 0.42967391304347824 0.0037703016241299302 0.003260869565217391
3 0.13384570765661252 0.5226086956521739 0.010150812064965197 0.009130434782608696
3 0.14196635730858467 0.5414130434782609 0.010730858468677494 0.007608695652173913
3 0.0630800464037123 0.4543478260869565 0.016531322505800465 0.014782608695652174
3 0.06438515081206496 0.48228260869565215 0.012180974477958236 0.011521739130434782
3 0.09338747099767981 0.4880434782608696 0.009280742459396751 0.011739130434782608
3 0.10179814385150812 0.46152173913043476 0.02668213457076566 0.008695652173913044
3 0.13834106728538284 0.4677173913043478 0.008120649651972157 0.006304347826086957
3 0.880800464037123 0.525 0.015661252900232018 0.010869565217391304
3 0.956931554524362 0.5031521739130435 0.013051044083526682 0.012391304347826086
3 0.8504930394431555 0.5080434782608696 0.03277262180974478 0.02043478260869565
3 0.8335266821345708 0.5568478260869565 0.03074245939675174 0.021521739130434783
3 0.8657192575406032 0.4930434782608696 0.011020881670533642 0.007391304347826087
3 0.9013921113689095 0.4365217391304348 0.005220417633410673 0.006521739130434782
3 0.9151682134570766 0.4375 0.0037703016241299302 0.004565217391304348
3 0.693445475638051 0.5156521739130435 0.015661252900232018 0.009130434782608696
3 0.7943735498839907 0.5357608695652174 0.013921113689095127 0.009347826086956522
0 0.859338747099768 0.6757608695652174 0.0191415313225058 0.030217391304347824
7 0.27450696055684454 0.7882608695652173 0.049013921113689095 0.07043478260869565
3 0.39733178654292345 0.49880434782608696 0.012761020881670533 0.010217391304347826
0 0.48781902552204176 0.5441304347826087 0.015081206496519721 0.01
0 0.6492169373549884 0.21282608695652175 0.010730858468677494 0.00608695652173913
0 0.8068445475638051 0.6047826086956521 0.012761020881670533 0.006956521739130435
2 0.5493039443155452 0.8727173913043478 0.03596287703016241 0.009347826086956522
1 0.30655452436194897 0.7610869565217391 0.00580046403712297 0.004347826086956522
0 0.07946635730858469 0.6513043478260869 0.01740139211136891 0.020869565217391306
1 0.3699245939675174 0.7152173913043478 0.007250580046403712 0.00608695652173913
8 0.08410672853828306 0.7107608695652174 0.00580046403712297 0.006739130434782609
0 0.8130800464037123 0.6232608695652174 0.01537122969837587 0.01391304347826087
8 0.9427204176334106 0.6156521739130435 0.010730858468677494 0.01