3 0.09353248259860789 0.4808695652173913 0.013631090487238979 0.013478260869565217
3 0.10368329466357308 0.4826086956521739 0.01131090487238979 0.01
3 0.05959976798143851 0.48869565217391303 0.011890951276102088 0.014347826086956521
3 0.08062645011600927 0.556304347826087 0.01160092807424594 0.014782608695652174
3 0.06670533642691415 0.5347826086956522 0.011020881670533642 0.01217391304347826
3 0.13877610208816704 0.6219565217391304 0.01537122969837587 0.026521739130434784
3 0.14733178654292342 0.6382608695652174 0.012761020881670533 0.00782608695652174
3 0.1339907192575406 0.6394565217391305 0.011020881670533642 0.012391304347826086
3 0.09846287703016242 0.6275 0.010150812064965197 0.012391304347826086
3 0.10107308584686775 0.5642391304347826 0.036832946635730855 0.04673913043478261
3 0.26841647331786544 0.5118478260869566 0.04147331786542923 0.015434782608695652
3 0.30872969837587005 0.5007608695652174 0.04727378190255221 0.030217391304347824
3 0.31162993039443154 0.3981521739130435 0.01537122969837587 0.012826086956521739
3 0.398491879350348 0.3769565217391304 0.017981438515081206 0.01217391304347826
3 0.773491879350348 0.4902173913043478 0.05046403712296984 0.022608695652173914
3 0.7504350348027842 0.4751086956521739 0.013631090487238979 0.009782608695652175
3 0.7247679814385151 0.5016304347826087 0.04466357308584687 0.022391304347826088
3 0.539008120649652 0.4542391304347826 0.02697215777262181 0.01717391304347826
3 0.5261020881670534 0.4622826086956522 0.010440835266821345 0.011521739130434782
3 0.5640951276102089 0.4606521739130435 0.02088167053364269 0.02
3 0.621084686774942 0.4708695652173913 0.04495359628770302 0.03
3 0.5810614849187935 0.46152173913043476 0.020011600928074247 0.012608695652173913
3 0.45403132250580047 0.5005434782608695 0.01537122969837587 0.008478260869565218
3 0.42720417633410673 0.5305434782608696 0.015661252900232018 0.014130434782608696
3 0.44837587006960555 0.4815217391304348 0.016821345707656612 0.010434782608695653
3 0.39733178654292345 0.45021739130434785 0.009280742459396751 0.007391304347826087
3 0.3805104408352668 0.4702173913043478 0.012761020881670533 0.00608695652173913
9 0.6995359628770301 0.7030434782608695 0.008120649651972157 0.0052173913043478265
9 0.703161252900232 0.6983695652173914 0.007830626450116009 0.006739130434782609
2 0.3316415313225058 0.7302173913043478 0.020591647331786544 0.02217391304347826
8 0.29016821345707655 0.7107608695652174 0.024651972157772623 0.021521739130434783
4 0.277407192575406 0.7805434782608696 0.01769141531322506 0.013260869565217392
8 0.13935614849187936 0.741304347826087 0.016531322505800465 0.020869565217391306
9 0.3519431554524362 0.8668478260869565 0.011890951276102088 0.012391304347826086
9 0.5307424593967517 0.8821739130434783 0.01160092807424594 0.006521739130434782
3 0.8834106728538283 0.41108695652173916 0.0191415313225058 0.018695652173913044
3 0.9040023201856149 0.4257608695652174 0.034222737819025524 0.016739130434782607
3 0.7807424593967517 0.5203260869565217 0.013921113689095127 0.010217391304347826
3 0.8296113689095128 0.5110869565217391 0.03335266821345707 0.02826086956521739
3 0.8657192575406032 0.4881521739130435 0.031322505800464036 0.03108695652173913
3 0.8874709976798144 0.4984782608695652 0.01334106728538283 0.021739130434782608
3 0.8950116009280742 0.475 0.020301624129930394 0.017391304347826087
3 0.9131380510440835 0.4459782608695652 0.014791183294663572 0.02282608695652174
3 0.8921113689095128 0.4454347826086957 0.0075406032482598605 0.00826086956521739
3 0.8977668213457076 0.4544565217391304 0.010150812064965197 0.014565217391304348
3 0.9021171693735499 0.4683695652173913 0.01537122969837587 0.015869565217391305
3 0.8819605568445475 0.38 0.012761020881670533 0.015217391304347827
6 0.5978828306264501 0.15967391304347825 0.013051044083526682 0.009347826086956522
1 0.1644431554524362 0.17793478260869566 0.008120649651972157 0.005
3 0.11049883990719257 0.4260869565217391 0.015081206496519721 0.03260869565217391
3 0.18720997679814386 0.49184782608695654 0.024651972157772623 0.010217391304347826
3 0.22795823665893272 0.5104347826086957 0.04698375870069606 0.02391304347826087
3 0.27566705336426917 0.5263043478260869 0.03509280742459397 0.017391304347826087
3 0.30843967517401394 0.5276086956521739 0.020591647331786544 0.017391304347826087
3 0.6080336426914154 0.4781521739130435 0.03277262180974478 0.026304347826086958
3 0.9047273781902552 0.5290217391304348 0.04669373549883991 0.03934782608695652
3 0.8715197215777262 0.5659782608695653 0.02494199535962877 0.04021739130434782
3 0.894431554524362 0.5517391304347826 0.015661252900232018 0.013478260869565217
3 0.8649941995359629 0.6144565217391305 0.02117169373549884 0.01891304347826087
3 0.8980568445475638 0.6220652173913044 0.022331786542923435 0.028043478260869566
3 0.9212587006960556 0.6019565217391304 0.013631090487238979 0.013478260869565217
3 0.740284222737819 0.5832608695652174 0.0287122969837587 0.019130434782608695
3 0.6410962877030162 0.5066304347826087 0.014211136890951276 0.009347826086956522
3 0.11861948955916474 0.5361956521739131 0.033642691415313224 0.029782608695652173
1 0.21331206496519722 0.6517391304347826 0.011890951276102088 0.009565217391304347
3 0.2556554524361949 0.6184782608695653 0.018851508120649653 0.017391304347826087
7 0.5578596287703016 0.4275 0.01131090487238979 0.008913043478260869
7 0.43677494199535966 0.39217391304347826 0.014501160092807424 0.01
7 0.42299883990719256 0.42891304347826087 0.010730858468677494 0.010434782608695653
1 0.29379350348027844 0.8820652173913044 0.008120649651972157 0.006739130434782609
8 0.3361368909512761 0.8801086956521739 0.012180974477958236 0.010217391304347826
1 0.2834976798143852 0.8257608695652174 0.007830626450116009 0.006739130434782609
1 0.29118329466357307 0.8345652173913043 0.010440835266821345 0.006956521739130435
8 0.6471867749419954 0.8497826086956521 0.021751740139211138 0.013043478260869565
8 0.7836426914153132 0.8983695652173913 0.025522041763341066 0.024565217391304347
6 0.7238979118329466 0.8075 0.005220417633410673 0.0036956521739130435
4 0.3174303944315545 0.17847826086956523 0.005510440835266821 0.004347826086956522
3 0.5465487238979119 0.4333695652173913 0.008990719257540603 0.010217391304347826
3 0.39733178654292345 0.47380434782608694 0.00580046403712297 0.004565217391304348
1 0.20446635730858467 0.5771739130434783 0.009860788863109048 0.00782608695652174
2 0.34483758700696054 0.8256521739130435 0.016241299303944315 0.012608695652173913
7 0.7604408352668214 0.3567391304347826 0.009860788863109048 0.00782608695652174
0 0.4989849187935035 0.41543478260869565 0.0095707656612529 0.010869565217391304
6 0.3992169373549884 0.6922826086956522 0.005510440835266821 0.005434782608695652
4 0.5034802784222738 0.6710869565217391 0.0069605568445475635 0.0052173913043478265
8 0.5504640371229699 0.6604347826086957 0.012180974477958236 0.008695652173913044
3 0.6022331786542924 0.5440217391304348 0.014211136890951276 0.014565217391304348
1 0.7575406032482599 0.38217391304347825 0.009280742459396751 0.007391304347826087
0 0.42009860788863107 0.3025 0.013631090487238979 0.009347826086956522
1 0.2494199535962877 0.5557608695652174 0.004640371229698376 0.0036956521739130435
3 0.07424593967517401 0.5242391304347827 0.016241299303944315 0.008478260869565218
3 0.08816705336426914 0.5132608695652174 0.010440835266821345 0.011739130434782608
0 0.06453016241299304 0.4306521739130435 0.013051044083526682 0.024782608695652172
3 0.09411252900232019 0.6071739130434782 0.007250580046403712 0.0052173913043478265
3 0.08613689095127611 0.6446739130434782 0.0069605568445475635 0.011521739130434782
0 0.5378480278422274 0.46880434782608693 0.008990719257540603 0.007173913043478261
3 0.8506380510440835 0.4543478260869565 0.043503480278422275 0.03217391304347826
3 0.08120649651972157 0.3141304347826087 0.009280742459396751 0.01391304347826087
4 0.13051044083526683 0.2846739130434783 0.0063805104408352666 0.005434782608695652
7 0.11629930394431555 0.27217391304347827 0.008700696055684454 0.011739130434782608
5 0.8329466357308585 0.8060869565217391 0.01740139211136891 0.03130434782608696
6 0.3329466357308585 0.24619565217391304 0.004640371229698376 0.0036956521739130435
1 0.6251450116009281 0.13032608695652173 0.004350348027842227 0.003260869565217391
7 0.8676044083526682 0.3298913043478261 0.01131090487238979 0.008913043478260869
7 0.40023201856148494 0.41706521739130437 0.02088167053364269 0.04586956521739131
1 0.4488109048723898 0.4564130434782609 0.0095707656612529 0.007173913043478261
0 0.1064385150812065 0.6416304347826087 0.015661252900232018 0.025869565217391303
2 0.4357598607888631 0.8994565217391305 0.014211136890951276 0.014130434782608696
2 0.7169373549883991 0.7126086956521739 0.017981438515081206 0.013043478260869565
1 0.693300464037123 0.16021739130434784 0.006670533642691415 0.00391304347826087
8 0.5446635730858469 0.7041304347826087 0.011020881670533642 0.008695652173913044
1 0.6947505800464037 0.8083695652173913 0.01131090487238979 0.007173913043478261
0 0.8629640371229699 0.7605434782608695 0.012470997679814385 0.02282608695652174
1 0.7455046403712297 0.8383695652173913 0.004350348027842227 0.004130434782608695
1 0.22418793503480278 0.605108695652174 0.004060324825986079 0.0036956521739130435
2 0.4482308584686775 0.725 0.010150812064965197 0.009565217391304347
1 0.6371809744779582 0.5864130434782608 0.004060324825986079 0.003260869565217391
1 0.6360208816705336 0.5958695652173913 0.002320185614849188 0.002173913043478261
1 0.3062645011600928 0.3832608695652174 0.005220417633410673 0.004347826086956522
1 0.3694895591647332 0.6643478260869565 0.005220417633410673 0.0034782608695652175