8 0.7536252900232019 0.2407608695652174 0.01537122969837587 0.011956521739130435
1 0.6857598607888631 0.2533695652173913 0.012470997679814385 0.01108695652173913
1 0.8564385150812065 0.5640217391304347 0.008120649651972157 0.007173913043478261
0 0.1998259860788863 0.6076086956521739 0.02088167053364269 0.02043478260869565
0 0.15008700696055685 0.5716304347826087 0.006670533642691415 0.006304347826086957
3 0.11919953596287702 0.4234782608695652 0.011020881670533642 0.00782608695652174
3 0.07787122969837587 0.4419565217391304 0.007830626450116009 0.00608695652173913
3 0.07975638051044083 0.47119565217391307 0.021461716937354988 0.021521739130434783
3 0.10571345707656613 0.47608695652173916 0.016531322505800465 0.009130434782608696
3 0.15791763341067286 0.47097826086956524 0.029292343387470998 0.015
3 0.1845997679814385 0.4842391304347826 0.014211136890951276 0.008478260869565218
3 0.316415313225058 0.47282608695652173 0.02262180974477958 0.011304347826086957
3 0.3622389791183295 0.49826086956521737 0.02842227378190255 0.019130434782608695
3 0.40748259860788866 0.5214130434782609 0.010440835266821345 0.011956521739130435
3 0.43837006960556846 0.4920652173913043 0.014211136890951276 0.010652173913043479
3 0.44286542923433875 0.4716304347826087 0.01160092807424594 0.008478260869565218
3 0.45693155452436196 0.47347826086956524 0.007830626450116009 0.004347826086956522
3 0.42647911832946633 0.4657608695652174 0.007830626450116009 0.008478260869565218
3 0.6302204176334106 0.4827173913043478 0.01740139211136891 0.01717391304347826
3 0.8430974477958236 0.47934782608695653 0.020301624129930394 0.011304347826086957
0 0.8732598607888631 0.5875 0.008120649651972157 0.007173913043478261
4 0.08932714617169374 0.3959782608695652 0.005220417633410673 0.005
1 0.2730568445475638 0.8915217391304348 0.0095707656612529 0.00826086956521739
0 0.47665313225058004 0.7089130434782609 0.014211136890951276 0.009130434782608696
3 0.7877030162412993 0.4834782608695652 0.017981438515081206 0.010869565217391304
3 0.8040893271461717 0.4910869565217391 0.024651972157772623 0.011304347826086957
0 0.16183294663573086 0.5466304347826086 0.031902552204176336 0.019782608695652175
3 0.48100348027842227 0.5308695652173913 0.014791183294663572 0.014347826086956521
8 0.9450406032482599 0.6236956521739131 0.006090487238979118 0.009130434782608696
8 0.949245939675174 0.6014130434782609 0.005220417633410673 0.007173913043478261
8 0.8059744779582366 0.875 0.019721577726218097 0.01565217391304348
0 0.8084396751740139 0.6745652173913044 0.01537122969837587 0.013043478260869565
6 0.7491299303944315 0.5611956521739131 0.005220417633410673 0.004130434782608695
1 0.8055394431554525 0.3866304347826087 0.007250580046403712 0.005
8 0.0990429234338747 0.3642391304347826 0.010730858468677494 0.012391304347826086
3 0.162122969837587 0.4175 0.01160092807424594 0.007608695652173913
3 0.1199245939675174 0.38630434782608697 0.02523201856148492 0.01391304347826087
0 0.19736078886310904 0.5929347826086957 0.014791183294663572 0.007608695652173913
1 0.33802204176334105 0.5335869565217392 0.010150812064965197 0.006739130434782609
1 0.3109048723897912 0.89 0.011020881670533642 0.009565217391304347
1 0.3017691415313225 0.8747826086956522 0.012470997679814385 0.010434782608695653
6 0.3767401392111369 0.8166304347826087 0.004640371229698376 0.0036956521739130435
8 0.6534222737819025 0.7017391304347826 0.02494199535962877 0.017391304347826087
6 0.6087587006960556 0.7119565217391305 0.0063805104408352666 0.005652173913043478
6 0.6200696055684455 0.7582608695652174 0.004640371229698376 0.004782608695652174
8 0.3068445475638051 0.16402173913043477 0.009280742459396751 0.008043478260869565
3 0.43996519721577726 0.4584782608695652 0.009860788863109048 0.00608695652173913
3 0.564385150812065 0.47402173913043477 0.018561484918793503 0.019782608695652175
3 0.929814385150812 0.425 0.008700696055684454 0.006956521739130435
3 0.09918793503480279 0.4920652173913043 0.01160092807424594 0.012826086956521739
7 0.043793503480278426 0.4956521739130435 0.012180974477958236 0.03739130434782609
3 0.5159512761020881 0.5367391304347826 0.03306264501160093 0.01391304347826087
3 0.482453596287703 0.5518478260869565 0.01537122969837587 0.018043478260869564
3 0.5536542923433875 0.537608695652174 0.020301624129930394 0.01391304347826087
3 0.4730278422273782 0.4609782608695652 0.02668213457076566 0.016739130434782607
0 0.19098027842227377 0.5802173913043478 0.01537122969837587 0.013478260869565217
6 0.23100348027842227 0.5590217391304347 0.006090487238979118 0.004565217391304348
3 0.30379930394431554 0.508804347826087 0.014791183294663572 0.012391304347826086
1 0.34556264501160094 0.18065217391304347 0.007250580046403712 0.004782608695652174
1 0.5900522041763341 0.2530434782608696 0.006670533642691415 0.00608695652173913
0 0.7713167053364269 0.6022826086956522 0.02291183294663573 0.013260869565217392
6 0.550899071925754 0.6516304347826087 0.007830626450116009 0.007173913043478261
1 0.3648491879350348 0.7442391304347826 0.0075406032482598605 0.006739130434782609
8 0.3252610208816705 0.6925 0.008990719257540603 0.008043478260869565
1 0.3254060324825986 0.7366304347826087 0.0063805104408352666 0.005434782608695652
0 0.18198955916473317 0.6252173913043478 0.017111368909512762 0.013043478260869565
8 0.972737819025522 0.4067391304347826 0.0069605568445475635 0.01
1 0.9622969837587007 0.38706521739130434 0.004060324825986079 0.006304347826086957
1 0.96084686774942 0.34293478260869564 0.0034802784222737818 0.006304347826086957
1 0.9660672853828306 0.3532608695652174 0.004060324825986079 0.00782608695652174
1 0.9607018561484919 0.36630434782608695 0.0031902552204176333 0.00391304347826087
1 0.8333816705336426 0.20576086956521739 0.005510440835266821 0.0036956521739130435
1 0.7581206496519721 0.11760869565217391 0.0063805104408352666 0.005652173913043478
0 0.07526102088167054 0.6190217391304348 0.010150812064965197 0.01108695652173913
0 0.07613109048723898 0.6885869565217392 0.012470997679814385 0.02282608695652174
0 0.07903132250580046 0.7106521739130435 0.012470997679814385 0.015217391304347827
1 0.6919953596287703 0.9110869565217391 0.0075406032482598605 0.007391304347826087
1 0.7513051044083526 0.6853260869565218 0.008410672853828306 0.005869565217391304
0 0.7107018561484919 0.6147826086956522 0.016531322505800465 0.01391304347826087
1 0.8214907192575406 0.23032608695652174 0.004930394431554524 0.0036956521739130435
1 0.8294663573085846 0.5427173913043478 0.0069605568445475635 0.005
8 0.08773201856148492 0.7592391304347826 0.006090487238979118 0.006304347826086957
8 0.14776682134570765 0.5753260869565218 0.0095707656612529 0.009782608695652175
1 0.34976798143851506 0.9167391304347826 0.009280742459396751 0.00782608695652174
