8 0.5346577726218097 0.2647826086956522 0.018271461716937356 0.01391304347826087
8 0.17053364269141533 0.1408695652173913 0.014501160092807424 0.017391304347826087
4 0.7769721577726219 0.7816304347826087 0.0069605568445475635 0.006304347826086957
8 0.25087006960556846 0.7270652173913044 0.025522041763341066 0.02326086956521739
1 0.5042053364269141 0.8992391304347827 0.012470997679814385 0.009347826086956522
9 0.6051334106728539 0.5331521739130435 0.007250580046403712 0.007173913043478261
4 0.10687354988399073 0.20043478260869566 0.008410672853828306 0.01
3 0.9148781902552204 0.4825 0.020011600928074247 0.042826086956521736
3 0.9028422273781903 0.5127173913043478 0.012180974477958236 0.011521739130434782
3 0.8625290023201856 0.4935869565217391 0.015661252900232018 0.010652173913043479
3 0.8175754060324826 0.45967391304347827 0.013921113689095127 0.011956521739130435
3 0.9185034802784223 0.4098913043478261 0.009280742459396751 0.006304347826086957
3 0.9166183294663574 0.43478260869565216 0.024071925754060326 0.013043478260869565
3 0.8674593967517401 0.4143478260869565 0.055104408352668215 0.03695652173913044
0 0.10716357308584687 0.46195652173913043 0.010150812064965197 0.007391304347826087
0 0.09541763341067286 0.47543478260869565 0.00580046403712297 0.0052173913043478265
3 0.1277552204176334 0.45163043478260867 0.02117169373549884 0.013260869565217392
0 0.1525522041763341 0.5425 0.021461716937354988 0.016304347826086956
6 0.21592227378190254 0.5638043478260869 0.007250580046403712 0.005869565217391304
3 0.09251740139211137 0.49532608695652175 0.02088167053364269 0.01717391304347826
3 0.08135150812064965 0.4775 0.0095707656612529 0.008913043478260869
3 0.1244199535962877 0.43434782608695655 0.013921113689095127 0.014347826086956521
3 0.12819025522041763 0.4881521739130435 0.013921113689095127 0.010217391304347826
3 0.1970707656612529 0.4817391304347826 0.012470997679814385 0.010869565217391304
1 0.150377030162413 0.5143478260869565 0.006670533642691415 0.00608695652173913
1 0.3439675174013921 0.9033695652173913 0.01334106728538283 0.010652173913043479
3 0.09135730858468677 0.4602173913043478 0.015661252900232018 0.013043478260869565
1 0.30539443155452434 0.5809782608695652 0.011020881670533642 0.006739130434782609
6 0.42488399071925753 0.8546739130434783 0.005220417633410673 0.004565217391304348
3 0.8715197215777262 0.558804347826087 0.015661252900232018 0.016739130434782607
3 0.8890661252900232 0.5457608695652174 0.007830626450116009 0.008043478260869565
3 0.843677494199536 0.5696739130434783 0.015081206496519721 0.010652173913043479
3 0.85542343387471 0.532608695652174 0.01131090487238979 0.006956521739130435
3 0.9266241299303944 0.45358695652173914 0.011020881670533642 0.013695652173913043
0 0.6397911832946636 0.7226086956521739 0.021461716937354988 0.021304347826086957
3 0.8889211136890951 0.5704347826086956 0.008700696055684454 0.010434782608695653
3 0.8922563805104409 0.49195652173913046 0.008410672853828306 0.009130434782608696
3 0.8835556844547564 0.47380434782608694 0.013051044083526682 0.011956521739130435
1 0.6564675174013921 0.12434782608695652 0.008410672853828306 0.0052173913043478265
1 0.7049013921113689 0.1116304347826087 0.006670533642691415 0.004565217391304348
1 0.6993909512761021 0.10402173913043478 0.005510440835266821 0.004130434782608695
1 0.6956206496519721 0.09652173913043478 0.005510440835266821 0.004347826086956522
1 0.47056264501160094 0.06630434782608696 0.006670533642691415 0.0052173913043478265
3 0.12964037122969838 0.5633695652173913 0.01334106728538283 0.015
6 0.4427204176334107 0.33869565217391306 0.005510440835266821 0.004347826086956522
6 0.4718677494199536 0.33010869565217393 0.00580046403712297 0.004565217391304348
6 0.44286542923433875 0.926304347826087 0.0069605568445475635 0.004782608695652174
1 0.3388921113689095 0.08543478260869565 0.008990719257540603 0.005652173913043478
1 0.4328596287703016 0.05456521739130435 0.010150812064965197 0.007391304347826087
0 0.1571925754060325 0.600108695652174 0.008120649651972157 0.005869565217391304
3 0.7701566125290024 0.5139130434782608 0.024651972157772623 0.014782608695652174
3 0.9376450116009281 0.49434782608695654 0.012180974477958236 0.014782608695652174
3 0.6223897911832946 0.4852173913043478 0.017981438515081206 0.011739130434782608
3 0.730568445475638 0.5233695652173913 0.018561484918793503 0.013260869565217392
7 0.6168793503480279 0.5759782608695653 0.026102088167053363 0.021956521739130434
8 0.3069895591647332 0.8954347826086957 0.01769141531322506 0.013043478260869565
3 0.7642111368909513 0.45467391304347826 0.04176334106728538 0.015869565217391305
3 0.757830626450116 0.5258695652173913 0.015081206496519721 0.011304347826086957
3 0.7917633410672854 0.48880434782608695 0.03248259860788863 0.02108695652173913
3 0.6712587006960556 0.4722826086956522 0.018271461716937356 0.013260869565217392
3 0.8390371229698376 0.4466304347826087 0.013921113689095127 0.02108695652173913
6 0.6979408352668214 0.7756521739130435 0.010150812064965197 0.00826086956521739
6 0.42560904872389793 0.8436956521739131 0.008410672853828306 0.004347826086956522
6 0.43445475638051045 0.8468478260869565 0.005220417633410673 0.004130434782608695
6 0.4154582366589327 0.3084782608695652 0.0095707656612529 0.006956521739130435
6 0.46708236658932717 0.3709782608695652 0.008990719257540603 0.005434782608695652
6 0.31946055684454755 0.2777173913043478 0.011890951276102088 0.009347826086956522
1 0.42357888631090485 0.3393478260869565 0.011890951276102088 0.009130434782608696
3 0.10266821345707657 0.5322826086956521 0.01160092807424594 0.007608695652173913
3 0.5245069605568445 0.4251086956521739 0.0095707656612529 0.008478260869565218
3 0.4957946635730858 0.4165217391304348 0.010730858468677494 0.006521739130434782
0 0.20736658932714616 0.6033695652173913 0.012180974477958236 0.006739130434782609
0 0.20127610208816704 0.5453260869565217 0.016241299303944315 0.01108695652173913
0 0.2353538283062645 0.621304347826087 0.010730858468677494 0.00608695652173913
0 0.2236078886310905 0.6185869565217391 0.010440835266821345 0.007173913043478261
0 0.1925754060324826 0.6392391304347826 0.0069605568445475635 0.005
0 0.7526102088167054 0.6078260869565217 0.011020881670533642 0.00826086956521739
0 0.7795823665893271 0.5594565217391304 0.008120649651972157 0.005
0 0.7685614849187935 0.5954347826086956 0.0069605568445475635 0.005652173913043478
8 0.8953016241299304 0.6442391304347826 0.008700696055684454 0.008478260869565218
1 0.21650232018561485 0.8572826086956522 0.012470997679814385 0.008913043478260869
4 0.09541763341067286 0.706195652173913 0.0063805104408352666 0.007608695652173913
0 0.48491879350348027 0.6732608695652174 0.008120649651972157 0.006956521739130435
8 0.2505800464037123 0.9019565217391304 0.005220417633410673 0.0052173913043478265
1 0.83584686774942 0.6504347826086957 0.008120649651972157 0.007391304347826087
8 0.8204756380510441 0.7139130434782609 0.010440835266821345 0.01217391304347826
1 0.5221867749419954 0.5158695652173914 0.006670533642691415 0.004347826086956522
6 0.2455046403712297 0.5285869565217391 0.007250580046403712 0.005434782608695652
1 0.23854408352668213 0.8529347826086957 0.008990719257540603 0.007608695652173913
7 0.4814385150812065 0.6214130434782609 0.012180974477958236 0.005869565217391304
1 0.5553944315545244 0.38358695652173913 0.009860788863109048 0.008478260869565218
6 0.5015951276102089 0.2259782608695652 0.006670533642691415 0.004565217391304348
6 0.5300174013921114 0.3179347826086957 0.005510440835266821 0.0036956521739130435
6 0.5372679814385151 0.31978260869565217 0.004930394431554524 0.0034782608695652175
4 0.1671983758700696 0.5546739130434782 0.007250580046403712 0.004130434782608695
0 0.46925754060324826 0.8627173913043479 0.0069605568445475635 0.004565217391304348
1 0.536977958236659 0.8854347826086957 0.006670533642691415 0.0052173913043478265
0 0.5553944315545244 0.8985869565217391 0.024361948955916472 0.013695652173913043
1 0.7072215777262181 0.7483695652173913 0.012470997679814385 0.008478260869565218
6 0.6039733178654292 0.6472826086956521 0.007830626450116009 0.005434782608695652
1 0.7498549883990719 0.6835869565217392 0.008990719257540603 0.005434782608695652
8 0.8799303944315545 0.6693478260869565 0.004060324825986079 0.00391304347826087
1 0.5983178654292344 0.13826086956521738 0.0069605568445475635 0.00391304347826087
0 0.5021751740139211 0.478695652173913 0.006670533642691415 0.006521739130434782
8 0.3919663573085847 0.8951086956521739 0.005510440835266821 0.004130434782608695
6 0.5635150812064965 0.3110869565217391 0.004640371229698376 0.00391304347826087
0 0.5149361948955916 0.5765217391304348 0.013631090487238979 0.010869565217391304
0 0.46592227378190254 0.6791304347826087 0.005510440835266821 0.00608695652173913
1 0.6577726218097448 0.8439130434782609 0.009860788863109048 0.0052173913043478265
8 0.29248839907192575 0.9192391304347826 0.013631090487238979 0.01108695652173913
0 0.05887470997679815 0.4781521739130435 0.0063805104408352666 0.005869565217391304
