8 0.6023781902552204 0.1282608695652174 0.0069605568445475635 0.0052173913043478265
1 0.7117169373549884 0.1642391304347826 0.005220417633410673 0.0036956521739130435
4 0.828161252900232 0.47739130434782606 0.006670533642691415 0.007391304347826087
3 0.9076276102088167 0.4341304347826087 0.007250580046403712 0.010869565217391304
3 0.8639791183294664 0.5116304347826087 0.017981438515081206 0.01891304347826087
1 0.8374419953596288 0.5385869565217392 0.004930394431554524 0.002391304347826087
0 0.8732598607888631 0.5996739130434783 0.015081206496519721 0.014130434782608696
0 0.8307714617169374 0.6527173913043478 0.01943155452436195 0.01891304347826087
4 0.6081786542923434 0.8827173913043478 0.008700696055684454 0.006304347826086957
1 0.6580626450116009 0.836195652173913 0.0063805104408352666 0.005434782608695652
1 0.433584686774942 0.6095652173913043 0.0075406032482598605 0.0052173913043478265
1 0.36905452436194897 0.6054347826086957 0.0031902552204176333 0.0034782608695652175
1 0.5126160092807425 0.6260869565217392 0.004930394431554524 0.003043478260869565
3 0.4302494199535963 0.49369565217391304 0.0095707656612529 0.011304347826086957
3 0.16676334106728538 0.37728260869565217 0.0191415313225058 0.014130434782608696
3 0.13442575406032484 0.4603260869565217 0.013631090487238979 0.013695652173913043
1 0.1199245939675174 0.5090217391304348 0.005510440835266821 0.002826086956521739
4 0.09425754060324826 0.5766304347826087 0.0075406032482598605 0.011521739130434782
9 0.07946635730858469 0.2897826086956522 0.008120649651972157 0.018695652173913044
1 0.16342807424593966 0.5380434782608695 0.005510440835266821 0.0034782608695652175
1 0.15472737819025523 0.5442391304347826 0.004930394431554524 0.003260869565217391
1 0.16966357308584687 0.5523913043478261 0.00580046403712297 0.005652173913043478
3 0.07497099767981438 0.49967391304347825 0.02117169373549884 0.01847826086956522
3 0.10237819025522042 0.5172826086956521 0.023781902552204175 0.01891304347826087
3 0.09309744779582367 0.5375 0.017981438515081206 0.01847826086956522
6 0.20345127610208816 0.696195652173913 0.006090487238979118 0.004565217391304348
1 0.21548723897911834 0.7415217391304347 0.004640371229698376 0.00391304347826087
0 0.17589907192575405 0.606195652173913 0.007250580046403712 0.005434782608695652
0 0.23216357308584687 0.6243478260869565 0.006090487238979118 0.004782608695652174
0 0.7470997679814385 0.5765217391304348 0.010440835266821345 0.010434782608695653
0 0.7392691415313225 0.5904347826086956 0.008120649651972157 0.00608695652173913
0 0.7927784222737819 0.6072826086956522 0.011890951276102088 0.010217391304347826
0 0.7144721577726219 0.6095652173913043 0.013051044083526682 0.009565217391304347
0 0.7540603248259861 0.6038043478260869 0.012761020881670533 0.010652173913043479
0 0.7410092807424594 0.6182608695652174 0.01160092807424594 0.00782608695652174
0 0.8429524361948956 0.6158695652173913 0.007250580046403712 0.014347826086956521
0 0.8130800464037123 0.6468478260869566 0.006090487238979118 0.005869565217391304
0 0.8029292343387471 0.6489130434782608 0.007250580046403712 0.00608695652173913
0 0.7721867749419954 0.5608695652173913 0.010730858468677494 0.00608695652173913
0 0.8056844547563805 0.5719565217391305 0.00580046403712297 0.0052173913043478265
0 0.7924883990719258 0.5719565217391305 0.005510440835266821 0.005652173913043478
0 0.8158352668213457 0.6036956521739131 0.005220417633410673 0.00782608695652174
0 0.8056844547563805 0.595 0.0063805104408352666 0.00608695652173913
0 0.7750870069605569 0.6291304347826087 0.007250580046403712 0.006956521739130435
0 0.843822505800464 0.6371739130434783 0.010150812064965197 0.009565217391304347
0 0.7569605568445475 0.6190217391304348 0.0075406032482598605 0.007608695652173913
0 0.798868909512761 0.6743478260869565 0.016531322505800465 0.02782608695652174
0 0.17894431554524362 0.5654347826086956 0.009860788863109048 0.007391304347826087
6 0.45127610208816704 0.9344565217391304 0.005220417633410673 0.004130434782608695
1 0.18227958236658934 0.4817391304347826 0.008990719257540603 0.005652173913043478
1 0.1790893271461717 0.5131521739130435 0.006090487238979118 0.004130434782608695
1 0.18372969837587008 0.49032608695652175 0.006090487238979118 0.005
0 0.22172273781902552 0.6196739130434783 0.010730858468677494 0.005434782608695652
0 0.1902552204176334 0.6170652173913044 0.0063805104408352666 0.005
8 0.7981438515081206 0.8085869565217392 0.013921113689095127 0.010652173913043479
1 0.869054524361949 0.7191304347826087 0.007830626450116009 0.00826086956521739
0 0.843677494199536 0.6058695652173913 0.005220417633410673 0.005652173913043478
0 0.8552784222737819 0.6157608695652174 0.00580046403712297 0.0036956521739130435
3 0.8947215777262181 0.4980434782608696 0.009280742459396751 0.00608695652173913
1 0.1554524361948956 0.19086956521739132 0.005220417633410673 0.004782608695652174
1 0.28639791183294666 0.09728260869565217 0.007250580046403712 0.005
6 0.30481438515081205 0.1934782608695652 0.0034802784222737818 0.0026086956521739132
6 0.6474767981438515 0.14728260869565218 0.006090487238979118 0.004565217391304348
1 0.8522331786542924 0.547608695652174 0.004930394431554524 0.00391304347826087
1 0.8459976798143851 0.5534782608695652 0.00580046403712297 0.0052173913043478265
8 0.765661252900232 0.6969565217391305 0.015081206496519721 0.01565217391304348
0 0.5065255220417634 0.4405434782608696 0.024651972157772623 0.014565217391304348
8 0.572215777262181 0.38456521739130434 0.0063805104408352666 0.0052173913043478265
1 0.2404292343387471 0.23695652173913043 0.004640371229698376 0.0034782608695652175
1 0.12006960556844548 0.22728260869565217 0.0063805104408352666 0.005434782608695652
1 0.132830626450116 0.18543478260869564 0.005220417633410673 0.00608695652173913
0 0.20113109048723898 0.1451086956521739 0.0095707656612529 0.009782608695652175
1 0.21345707656612528 0.16456521739130434 0.0075406032482598605 0.005652173913043478
1 0.23883410672853828 0.14543478260869566 0.005510440835266821 0.004347826086956522
1 0.6859048723897911 0.22641304347826086 0.012180974477958236 0.007608695652173913
9 0.5687354988399071 0.5060869565217392 0.014501160092807424 0.011739130434782608
1 0.828161252900232 0.5596739130434782 0.007250580046403712 0.005
1 0.8487529002320185 0.7257608695652173 0.007250580046403712 0.006304347826086957
8 0.28117749419953597 0.9217391304347826 0.007830626450116009 0.00608695652173913
1 0.16429814385150812 0.8202173913043478 0.0037703016241299302 0.00391304347826087
0 0.22389791183294663 0.6565217391304348 0.005220417633410673 0.00608695652173913
0 0.2033062645011601 0.6413043478260869 0.005220417633410673 0.006521739130434782
0 0.8678944315545244 0.6608695652173913 0.008990719257540603 0.010869565217391304
1 0.8934164733178654 0.6779347826086957 0.005510440835266821 0.005434782608695652
1 0.4137180974477958 0.6922826086956522 0.004350348027842227 0.004130434782608695
1 0.886745939675174 0.3457608695652174 0.0031902552204176333 0.004130434782608695
1 0.8961716937354989 0.3723913043478261 0.00580046403712297 0.006521739130434782
8 0.615284222737819 0.21554347826086956 0.012470997679814385 0.010217391304347826
8 0.07047563805104408 0.6094565217391305 0.009860788863109048 0.011956521739130435
1 0.20171113689095127 0.35141304347826086 0.007830626450116009 0.004565217391304348
1 0.12529002320185614 0.2447826086956522 0.005220417633410673 0.0034782608695652175