0 0.14457656612529002 0.5908695652173913 0.014211136890951276 0.011304347826086957
8 0.10092807424593968 0.639891304347826 0.008120649651972157 0.006739130434782609
8 0.11412412993039443 0.6646739130434782 0.006670533642691415 0.007173913043478261
8 0.13616589327146172 0.7566304347826087 0.011890951276102088 0.013695652173913043
9 0.4031322505800464 0.7266304347826087 0.01334106728538283 0.014565217391304348
0 0.470707656612529 0.7270652173913044 0.015081206496519721 0.006739130434782609
0 0.4730278422273782 0.741304347826087 0.01160092807424594 0.00782608695652174
0 0.48549883990719256 0.7325 0.009860788863109048 0.008913043478260869
0 0.45983178654292345 0.7056521739130435 0.010730858468677494 0.006521739130434782
6 0.7150522041763341 0.7493478260869565 0.004350348027842227 0.0034782608695652175
8 0.7610208816705336 0.8253260869565218 0.0075406032482598605 0.005869565217391304
8 0.9253190255220418 0.4306521739130435 0.018271461716937356 0.021739130434782608
3 0.8723897911832946 0.4517391304347826 0.012761020881670533 0.009130434782608696
3 0.865139211136891 0.4591304347826087 0.012761020881670533 0.010434782608695653
3 0.8581786542923434 0.46456521739130435 0.013921113689095127 0.009130434782608696
3 0.8932714617169374 0.45565217391304347 0.014501160092807424 0.01217391304347826
3 0.9041473317865429 0.4559782608695652 0.005510440835266821 0.005869565217391304
3 0.9106728538283063 0.461304347826087 0.00580046403712297 0.011304347826086957
3 0.9029872389791184 0.46706521739130435 0.010150812064965197 0.01108695652173913
3 0.8883410672853829 0.46304347826086956 0.0191415313225058 0.013043478260869565
3 0.908207656612529 0.4940217391304348 0.007830626450116009 0.010652173913043479
3 0.8990719257540604 0.47195652173913044 0.00580046403712297 0.005652173913043478
3 0.8948665893271461 0.47978260869565215 0.0095707656612529 0.00826086956521739
3 0.8739849187935035 0.4681521739130435 0.008410672853828306 0.006304347826086957
3 0.8745649651972158 0.49141304347826087 0.016531322505800465 0.017608695652173913
3 0.051769141531322505 0.47597826086956524 0.020591647331786544 0.018043478260869564
3 0.06525522041763342 0.47880434782608694 0.016241299303944315 0.015434782608695652
3 0.09411252900232019 0.4783695652173913 0.029292343387470998 0.015869565217391305
3 0.06337006960556844 0.49826086956521737 0.022331786542923435 0.022608695652173914
8 0.1115139211136891 0.523695652173913 0.010150812064965197 0.009130434782608696
2 0.26943155452436196 0.7779347826086956 0.019721577726218097 0.014565217391304348
2 0.28364269141531323 0.8011956521739131 0.030162412993039442 0.013695652173913043
0 0.7428944315545244 0.6623913043478261 0.01943155452436195 0.011739130434782608
0 0.7894431554524362 0.6804347826086956 0.009860788863109048 0.011304347826086957
0 0.7878480278422274 0.6882608695652174 0.012470997679814385 0.007391304347826087
1 0.31235498839907194 0.8608695652173913 0.008700696055684454 0.004782608695652174
0 0.42169373549883993 0.6031521739130434 0.01160092807424594 0.009782608695652175
0 0.3948665893271462 0.5818478260869565 0.010150812064965197 0.008478260869565218
0 0.17633410672853828 0.5986956521739131 0.019721577726218097 0.01
9 0.20432134570765662 0.2747826086956522 0.008990719257540603 0.006956521739130435
1 0.7105568445475638 0.1792391304347826 0.00580046403712297 0.004130434782608695
8 0.8296113689095128 0.1840217391304348 0.014791183294663572 0.010652173913043479
0 0.5029002320185615 0.16184782608695653 0.015081206496519721 0.007173913043478261
8 0.2099767981438515 0.13152173913043477 0.0063805104408352666 0.0052173913043478265
0 0.5752610208816705 0.17891304347826087 0.018851508120649653 0.006521739130434782
0 0.5857018561484919 0.18391304347826087 0.010730858468677494 0.005652173913043478
0 0.2640661252900232 0.1323913043478261 0.020011600928074247 0.011739130434782608
8 0.220707656612529 0.09630434782608696 0.010440835266821345 0.009130434782608696
8 0.2568155452436195 0.5527173913043478 0.014791183294663572 0.008478260869565218
0 0.5223317865429234 0.34902173913043477 0.012761020881670533 0.012826086956521739
1 0.2837877030162413 0.24706521739130435 0.004930394431554524 0.004565217391304348
1 0.6203596287703016 0.2368478260869565 0.0063805104408352666 0.005434782608695652
8 0.828016241299304 0.3516304347826087 0.008120649651972157 0.007608695652173913
6 0.6511020881670534 0.7442391304347826 0.008120649651972157 0.006739130434782609
0 0.1435614849187935 0.6109782608695652 0.009860788863109048 0.009782608695652175
0 0.3677494199535963 0.19380434782608696 0.0075406032482598605 0.0036956521739130435
0 0.28799303944315546 0.20706521739130435 0.01740139211136891 0.006304347826086957
0 0.41922853828306267 0.14771739130434783 0.013051044083526682 0.004565217391304348
0 0.7199825986078886 0.5489130434782609 0.013631090487238979 0.007391304347826087
0 0.45881670533642693 0.7518478260869565 0.008120649651972157 0.006739130434782609
0 0.15965777262180975 0.6876086956521739 0.010730858468677494 0.006956521739130435
0 0.8722447795823666 0.27065217391304347 0.008410672853828306 0.011739130434782608
0 0.5949825986078886 0.14782608695652175 0.007250580046403712 0.0052173913043478265
0 0.6036832946635731 0.15239130434782608 0.011890951276102088 0.004347826086956522
0 0.16560324825986078 0.16847826086956522 0.008120649651972157 0.007391304347826087
0 0.5435034802784223 0.703695652173913 0.008120649651972157 0.006956521739130435
0 0.5388631090487239 0.6972826086956522 0.009860788863109048 0.006739130434782609
8 0.4724477958236659 0.5467391304347826 0.012180974477958236 0.00782608695652174
0 0.4274941995359629 0.5718478260869565 0.009860788863109048 0.008043478260869565
0 0.7875580046403712 0.5752173913043478 0.013051044083526682 0.009130434782608696
0 0.7977088167053364 0.7284782608695652 0.006670533642691415 0.009565217391304347
0 0.27160672853828305 0.1691304347826087 0.006090487238979118 0.006521739130434782
0 0.2743619489559165 0.1758695652173913 0.005220417633410673 0.00391304347826087
0 0.6174593967517401 0.09358695652173914 0.0075406032482598605 0.006739130434782609
0 0.634715777262181 0.7635869565217391 0.004350348027842227 0.008913043478260869
0 0.12470997679814386 0.6527173913043478 0.005220417633410673 0.006304347826086957
0 0.476508120649652 0.7480434782608696 0.009860788863109048 0.004782608695652174
0 0.5978828306264501 0.7186956521739131 0.008410672853828306 0.010869565217391304
8 0.9048723897911833 0.668695652173913 0.009280742459396751 0.01
1 0.9379350348027842 0.5789130434782609 0.0034802784222737818 0.00391304347826087
1 0.9415603248259861 0.5716304347826087 0.004350348027842227 0.005
