9 0.7229859335038363 0.6077679213617837 0.022058823529411766 0.016303044833373293
9 0.10437979539641944 0.13845600575401582 0.015664961636828643 0.010788779669144091
8 0.04076086956521739 0.08523135938623831 0.009271099744245524 0.009829777031886838
8 0.09255115089514067 0.06533205466315033 0.010549872122762148 0.007432270438743707
8 0.05850383631713555 0.06461280268520739 0.011508951406649617 0.006473267801486454
8 0.3602941176470588 0.040877487413090385 0.01918158567774936 0.008870774394629586
8 0.7407289002557544 0.053344521697434664 0.012148337595907928 0.007432270438743707
1 0.7381713554987213 0.04351474466554783 0.01278772378516624 0.006473267801486454
8 0.8665281329923273 0.03188683768880365 0.009910485933503837 0.010549029009829777
8 0.8612531969309463 0.11915607767921362 0.01854219948849105 0.015344042196116039
8 0.9114450127877238 0.15188204267561736 0.017263427109974423 0.017981299448573483
8 0.8849104859335039 0.11304243586669864 0.013427109974424553 0.013186286262287222
8 0.6996483375959079 0.12347158954687125 0.01118925831202046 0.007192519779429393
8 0.6413043478260869 0.0339247182929753 0.00959079283887468 0.00695276912011508
8 0.7006074168797954 0.015823543514744666 0.01118925831202046 0.008151522416686647
8 0.7955562659846548 0.0053943898345720455 0.015025575447570333 0.009350275713258211
8 0.9528452685421995 0.2182929753056821 0.015025575447570333 0.016063294174058978
8 0.9255115089514067 0.27883001678254615 0.010230179028132993 0.011028530328458403
1 0.933343989769821 0.33205466315032367 0.009271099744245524 0.007672021098058019
4 0.9226342710997443 0.3529129705106689 0.01278772378516624 0.012946535602972908
8 0.9763427109974424 0.2874610405178614 0.010869565217391304 0.010549029009829777
1 0.9622762148337596 0.280987772716375 0.00639386189258312 0.006713018460800768
1 0.9517263427109974 0.28398465595780387 0.0038363171355498722 0.0035962598897146965
1 0.9645140664961637 0.29980819947254855 0.005115089514066497 0.004555262526971949
1 0.9523657289002557 0.32138575881083675 0.005754475703324808 0.005514265164229201
8 0.9398976982097187 0.2168544713497962 0.008951406649616368 0.008391273076000958
8 0.9872122762148338 0.36214337089426996 0.010230179028132993 0.013665787580915847
8 0.9593989769820972 0.3686166386957564 0.014705882352941176 0.012706784943658594
3 0.8772378516624041 0.3753296571565572 0.013427109974424553 0.009350275713258211
7 0.7207480818414322 0.5496283864780628 0.013746803069053709 0.009829777031886838
0 0.8499040920716112 0.6095660513066411 0.01758312020460358 0.013665787580915847
9 0.9005754475703325 0.6257492208103572 0.010869565217391304 0.010549029009829777
0 0.8807544757033248 0.5915847518580676 0.011508951406649617 0.011747782306401342
9 0.7575127877237852 0.6927595300887077 0.02078005115089514 0.017022296811316232
8 0.5672953964194374 0.7359146487652841 0.03356777493606138 0.026132821865260128
8 0.5589833759590793 0.706784943658595 0.03420716112531969 0.024934068568688565
9 0.5001598465473146 0.7288420043155118 0.018222506393861894 0.013426036921601535
9 0.5046355498721228 0.7109805801965955 0.015025575447570333 0.0146247902181731
9 0.4360613810741688 0.7241668664588827 0.01854219948849105 0.012706784943658594
9 0.4445332480818414 0.7330376408535123 0.015025575447570333 0.010309278350515464
6 0.4320652173913043 0.6748981059697914 0.013746803069053709 0.013426036921601535
0 0.37404092071611256 0.6918005274514505 0.024296675191815855 0.017981299448573483
8 0.3657289002557545 0.7374730280508272 0.015345268542199489 0.015823543514744666
8 0.1729539641943734 0.7468233037640853 0.016624040920716114 0.014864540877487413
6 0.32688618925831203 0.5239750659314313 0.0079923273657289 0.00695276912011508
9 0.3171355498721228 0.5448333732917765 0.00959079283887468 0.008391273076000958
0 0.440537084398977 0.49352673219851356 0.017263427109974423 0.013186286262287222
2 0.6142902813299232 0.552865020378806 0.010549872122762148 0.008631023735315272
0 0.7456841432225064 0.638575881083673 0.012468030690537084 0.007432270438743707
0 0.8072250639386189 0.6168784464157276 0.014066496163682864 0.01150803164708703
8 0.9352621483375959 0.6591944377847039 0.019501278772378516 0.01941980340445936
8 0.9427749360613811 0.6377367537760729 0.00639386189258312 0.008631023735315272
0 0.9096867007672634 0.656197554543275 0.01438618925831202 0.012467034284344283
0 0.9192774936061381 0.6736993526732199 0.019501278772378516 0.012946535602972908
0 0.8866687979539642 0.6514025413569887 0.01118925831202046 0.008631023735315272
0 0.8925831202046036 0.6567969311915608 0.011508951406649617 0.009350275713258211
0 0.8937020460358056 0.6313833613042436 0.01758312020460358 0.011268280987772716
9 0.8220907928388747 0.7673219851354591 0.01118925831202046 0.015583792855430352
8 0.8868286445012787 0.7655238551906017 0.014705882352941176 0.01390553824023016
0 0.8003516624040921 0.7317190122272836 0.013107416879795396 0.011028530328458403
0 0.7990728900255755 0.7211699832174538 0.0079923273657289 0.006233517142172141
4 0.760230179028133 0.7982498201870055 0.017263427109974423 0.012227283625029969
8 0.8417519181585678 0.8373291776552385 0.021739130434782608 0.015104291536801727
8 0.8308823529411765 0.8590266123231839 0.00959079283887468 0.014385039558858786
8 0.803388746803069 0.863701750179813 0.010230179028132993 0.010309278350515464
8 0.7471227621483376 0.9156077679213618 0.03516624040920716 0.030688084392232078
9 0.3945012787723785 0.9220810357228483 0.011508951406649617 0.007672021098058019
6 0.3772378516624041 0.9194437784703908 0.0076726342710997444 0.007192519779429393
8 0.1678388746803069 0.7638456005754016 0.0076726342710997444 0.008151522416686647
8 0.2180306905370844 0.8526732198513546 0.0159846547314578 0.010788779669144091
0 0.177269820971867 0.6567969311915608 0.01118925831202046 0.004075761208343323
0 0.14593989769820973 0.6573963078398466 0.01118925831202046 0.006713018460800768
0 0.12771739130434784 0.6107648046032127 0.01118925831202046 0.008391273076000958
0 0.07512787723785166 0.5875089906497243 0.010869565217391304 0.008870774394629586
2 0.14578005115089515 0.5943418844401822 0.017902813299232736 0.01006952769120115
0 0.1620843989769821 0.6826900023975065 0.017263427109974423 0.010788779669144091
0 0.12707800511508952 0.6912011508031647 0.0079923273657289 0.009110525053943897
8 0.9141624040920716 0.561256293454807 0.024616368286445013 0.01918005274514505
8 0.9090473145780051 0.7381922800287701 0.009271099744245524 0.012467034284344283
8 0.8881074168797954 0.7416686645888276 0.0076726342710997444 0.005514265164229201
9 0.6400255754475703 0.6927595300887077 0.01278772378516624 0.008870774394629586
0 0.678388746803069 0.7383121553584272 0.01278772378516624 0.008391273076000958
0 0.675031969309463 0.7277631263485974 0.027813299232736573 0.015583792855430352
9 0.315537084398977 0.6980340445936226 0.010869565217391304 0.008391273076000958
0 0.056585677749360616 0.6583553104771038 0.0076726342710997444 0.011028530328458403
1 0.3539002557544757 0.12119395828338528 0.0076726342710997444 0.005034763845600575
1 0.3569373401534527 0.11448093982258452 0.007352941176470588 0.004555262526971949
1 0.3305626598465473 0.1335411172380724 0.007033248081841432 0.005274514504914889
1 0.32928388746803067 0.12071445696475665 0.00639386189258312 0.004075761208343323
6 0.37468030690537085 0.09949652361543994 0.008312020460358057 0.004795013186286262
1 0.7188299232736572 0.09254375449532486 0.0079923273657289 0.004795013186286262
8 0.8091432225063938 0.11675857108607049 0.008951406649616368 0.006233517142172141
8 0.9031329923273658 0.10501078877966914 0.010869565217391304 0.007672021098058019
1 0.3077046035805627 0.08990649724286742 0.007352941176470588 0.007192519779429393
7 0.24312659846547316 0.44881323423639413 0.010549872122762148 0.007192519779429393
7 0.2774936061381074 0.4389834572045073 0.007033248081841432 0.009110525053943897
1 0.5350063938618926 0.5799568448813234 0.01758312020460358 0.010549029009829777
1 0.47538363171355497 0.12622872212898587 0.007033248081841432 0.005993766482857828
1 0.2186700767263427 0.08511148405658116 0.014705882352941176 0.007672021098058019
8 0.12835677749360613 0.04687125389594821 0.013107416879795396 0.009350275713258211
8 0.027333759590792837 0.18280987772716376 0.0079923273657289 0.007432270438743707
8 0.022538363171355498 0.16434907695996165 0.007352941176470588 0.00695276912011508
8 0.008471867007672634 0.35027571325821144 0.009910485933503837 0.011987532965715655
8 0.13491048593350383 0.7960920642531767 0.0076726342710997444 0.006473267801486454
8 0.14114450127877237 0.7884200431551187 0.0079923273657289 0.006473267801486454
8 0.14066496163682865 0.8432030688084392 0.01278772378516624 0.011028530328458403
0 0.24312659846547316 0.5925437544953248 0.022058823529411766 0.01941980340445936
0 0.2289002557544757 0.6092064253176697 0.013427109974424553 0.005754015823543515
0 0.2492007672634271 0.5709661951570367 0.015664961636828643 0.011747782306401342
1 0.20460358056265984 0.05969791416926397 0.00639386189258312 0.004315511867657636
1 0.9408567774936062 0.31551186765763606 0.00639386189258312 0.005754015823543515
1 0.9619565217391305 0.33517142172140973 0.004475703324808184 0.006233517142172141
1 0.967391304347826 0.34164468952289617 0.00319693094629156 0.0038360105490290097
1 0.9611572890025576 0.34703907935746825 0.0041560102301790285 0.005034763845600575
0 0.9442135549872123 0.33732917765523857 0.006074168797953964 0.008631023735315272
9 0.1453005115089514 0.803284584032606 0.008631713554987212 0.00695276912011508
1 0.40345268542199486 0.261088467993287 0.007033248081841432 0.006233517142172141
9 0.42327365728900257 0.9483337329177656 0.011508951406649617 0.007432270438743707
6 0.5436381074168798 0.17681611124430593 0.016304347826086956 0.010309278350515464
4 0.25095907928388744 0.04399424598417646 0.024936061381074168 0.0146247902181731
1 0.20588235294117646 0.12838647806281467 0.00639386189258312 0.0035962598897146965
8 0.2790920716112532 0.03488372093023256 0.013427109974424553 0.007911771757372333
6 0.31138107416879796 0.03871973147926157 0.008951406649616368 0.004555262526971949
0 0.38091432225063937 0.1608726923999041 0.009910485933503837 0.007672021098058019
0 0.3781969309462916 0.1796931191560777 0.012148337595907928 0.008391273076000958
0 0.4563618925831202 0.16410932630064734 0.010549872122762148 0.007432270438743707
6 0.5279731457800512 0.084991608726924 0.006074168797953964 0.004555262526971949
0 0.5377237851662404 0.14361064492927356 0.005115089514066497 0.005274514504914889
1 0.5287723785166241 0.16219132102613282 0.004475703324808184 0.0035962598897146965
1 0.7373721227621484 0.08834811795732438 0.007352941176470588 0.004555262526971949
1 0.7520780051150895 0.11040517861424119 0.009271099744245524 0.005034763845600575
1 0.9406969309462916 0.17345960201390553 0.009271099744245524 0.00695276912011508
8 0.9613171355498721 0.2676816111244306 0.00959079283887468 0.008391273076000958
6 0.8959398976982097 0.5809158475185807 0.006074168797953964 0.0038360105490290097
6 0.8270460358056266 0.5328458403260609 0.008312020460358057 0.005993766482857828
8 0.7544757033248082 0.811675857108607 0.015345268542199489 0.012227283625029969
8 0.7682225063938619 0.8549508511148406 0.010230179028132993 0.009590026372572525
0 0.5218989769820972 0.9139295133061616 0.013746803069053709 0.0038360105490290097
2 0.4336636828644501 0.9075761208343323 0.03804347826086957 0.011268280987772716
8 0.2071611253196931 0.7934548070007192 0.007033248081841432 0.007911771757372333
8 0.08008312020460358 0.7215296092064253 0.01118925831202046 0.014145288899544474
0 0.08935421994884911 0.6958762886597938 0.008631713554987212 0.013665787580915847
8 0.01358695652173913 0.6150803164708702 0.013107416879795396 0.009350275713258211
0 0.0479539641943734 0.5884679932869815 0.023657289002557546 0.027091824502517382
0 0.14913682864450128 0.5626947974106928 0.012468030690537084 0.009590026372572525
0 0.17918797953964194 0.5806760968592664 0.009910485933503837 0.009110525053943897
8 0.058184143222506396 0.5025173819228003 0.015345268542199489 0.013426036921601535
1 0.5752877237851662 0.523016063294174 0.0079923273657289 0.005514265164229201
0 0.46531329923273657 0.5346439702709183 0.013746803069053709 0.009110525053943897
1 0.2645460358056266 0.49904099736274277 0.006713554987212276 0.006473267801486454
1 0.2869245524296675 0.4964037401102853 0.0079923273657289 0.005993766482857828
8 0.152653452685422 0.8374490529848957 0.009271099744245524 0.007672021098058019
8 0.3273657289002558 0.8730520258930712 0.01278772378516624 0.012706784943658594
8 0.24936061381074168 0.7831455286502038 0.013427109974424553 0.011747782306401342
8 0.8304028132992327 0.6855670103092784 0.011828644501278773 0.010309278350515464
1 0.7656649616368286 0.7359146487652841 0.008951406649616368 0.005993766482857828
8 0.9812979539641944 0.5508271397746344 0.0079923273657289 0.009829777031886838
6 0.9717071611253197 0.5562215296092065 0.006074168797953964 0.005754015823543515
0 0.9443734015345269 0.6017741548789259 0.008951406649616368 0.01774154878925917
1 0.4040920716112532 0.35219371853272596 0.008312020460358057 0.008151522416686647
8 0.030690537084398978 0.13845600575401582 0.00959079283887468 0.009350275713258211
0 0.44804987212276215 0.20163030448333732 0.009271099744245524 0.009110525053943897
8 0.006553708439897698 0.15212179333493167 0.007352941176470588 0.008391273076000958
0 0.7472826086956522 0.49844162071445697 0.021419437340153454 0.009590026372572525
0 0.7621483375959079 0.5304483337329178 0.019820971867007674 0.009350275713258211
0 0.691656010230179 0.5588587868616639 0.02078005115089514 0.01390553824023016
0 0.8085038363171355 0.7571325821146008 0.010230179028132993 0.013426036921601535
9 0.8438299232736572 0.8595061136418125 0.007352941176470588 0.008151522416686647
8 0.7834079283887468 0.9146487652841045 0.01438618925831202 0.011987532965715655
0 0.5554667519181585 0.6722608487173339 0.008631713554987212 0.009110525053943897
9 0.4968030690537084 0.8888755694078159 0.014705882352941176 0.006473267801486454
0 0.029092071611253198 0.5685686885638935 0.011508951406649617 0.010788779669144091
0 0.5159846547314578 0.33133541117238074 0.014705882352941176 0.01006952769120115
0 0.1328324808184143 0.7349556461280269 0.007352941176470588 0.010309278350515464
0 0.0661764705882353 0.5540637736753776 0.010869565217391304 0.007672021098058019
0 0.40377237851662406 0.6615919443778471 0.014066496163682864 0.010788779669144091
1 0.789002557544757 0.12095420762407097 0.008312020460358057 0.00695276912011508