9 0.42009860788863107 0.628695652173913 0.033932714617169374 0.029130434782608697
9 0.38877610208816704 0.5779347826086957 0.010730858468677494 0.011521739130434782
9 0.7446345707656613 0.6217391304347826 0.021751740139211138 0.02
4 0.773491879350348 0.5879347826086957 0.025522041763341066 0.01717391304347826
4 0.2398491879350348 0.5869565217391305 0.01334106728538283 0.008695652173913044
4 0.1136890951276102 0.6102173913043478 0.009860788863109048 0.010869565217391304
0 0.12862529002320186 0.6309782608695652 0.01769141531322506 0.01847826086956522
5 0.7217227378190255 0.7553260869565217 0.05365429234338747 0.04108695652173913
5 0.36020881670533644 0.7857608695652174 0.049303944315545245 0.025434782608695652
5 0.5991879350348028 0.3616304347826087 0.06264501160092807 0.028478260869565217
4 0.509715777262181 0.13152173913043477 0.013631090487238979 0.010434782608695653
4 0.24013921113689096 0.08347826086956522 0.011020881670533642 0.007391304347826087
0 0.4087877030162413 0.29989130434782607 0.021751740139211138 0.021956521739130434
0 0.4279292343387471 0.16195652173913044 0.017111368909512762 0.025652173913043478
0 0.38819605568445475 0.09239130434782608 0.017111368909512762 0.01217391304347826
0 0.30220417633410673 0.12434782608695652 0.03944315545243619 0.03260869565217391
0 0.30945475638051045 0.0908695652173913 0.06438515081206496 0.03217391304347826
0 0.371084686774942 0.0725 0.030452436194895592 0.011521739130434782
0 0.4976798143851508 0.035869565217391305 0.03480278422273782 0.025652173913043478
5 0.6629930394431555 0.03978260869565217 0.06380510440835267 0.04217391304347826
6 0.5928074245939675 0.08902173913043478 0.01160092807424594 0.006739130434782609
0 0.5626450116009281 0.27108695652173914 0.043503480278422275 0.03130434782608696
4 0.9345997679814385 0.46858695652173915 0.007250580046403712 0.010217391304347826
8 0.652262180974478 0.644891304347826 0.016241299303944315 0.01717391304347826
6 0.7356438515081206 0.5943478260869566 0.013051044083526682 0.008695652173913044
6 0.560614849187935 0.6267391304347826 0.012761020881670533 0.008695652173913044
6 0.498114849187935 0.6298913043478261 0.008410672853828306 0.005434782608695652
6 0.511600928074246 0.6271739130434782 0.009860788863109048 0.006521739130434782
9 0.42299883990719256 0.8590217391304348 0.018271461716937356 0.013695652173913043
9 0.4965197215777262 0.8629347826086956 0.016241299303944315 0.013260869565217392
0 0.2038863109048724 0.6122826086956522 0.01334106728538283 0.014130434782608696
4 0.061629930394431556 0.5496739130434782 0.0037703016241299302 0.005434782608695652
0 0.1458816705336427 0.5327173913043478 0.015081206496519721 0.016739130434782607
1 0.16241299303944315 0.6483695652173913 0.011020881670533642 0.009347826086956522
6 0.29031322505800466 0.6153260869565217 0.015661252900232018 0.009347826086956522
9 0.3542633410672854 0.8189130434782609 0.014211136890951276 0.009565217391304347
0 0.45142111368909515 0.2915217391304348 0.017111368909512762 0.012608695652173913
0 0.431699535962877 0.2535869565217391 0.013051044083526682 0.007173913043478261
0 0.41850348027842227 0.24815217391304348 0.016241299303944315 0.013260869565217392
0 0.1031032482598608 0.47347826086956524 0.02523201856148492 0.016956521739130436
8 0.2072215777262181 0.052282608695652176 0.02697215777262181 0.01717391304347826
0 0.5192865429234339 0.042826086956521736 0.02697215777262181 0.01391304347826087
0 0.4641821345707657 0.06891304347826087 0.0484338747099768 0.020869565217391306
0 0.34541763341067283 0.06369565217391304 0.030162412993039442 0.01565217391304348
6 0.4753480278422274 0.04717391304347826 0.008700696055684454 0.00782608695652174
0 0.49622969837587005 0.05608695652173913 0.009280742459396751 0.00826086956521739
9 0.6859048723897911 0.7646739130434783 0.01334106728538283 0.009782608695652175
8 0.7572505800464037 0.764891304347826 0.02494199535962877 0.01934782608695652
8 0.781177494199536 0.7759782608695652 0.01769141531322506 0.014130434782608696
4 0.9111078886310905 0.6263043478260869 0.005510440835266821 0.00608695652173913
0 0.9131380510440835 0.6559782608695652 0.006670533642691415 0.008478260869565218
0 0.9134280742459396 0.639891304347826 0.006670533642691415 0.009782608695652175
0 0.949100928074246 0.6127173913043479 0.01131090487238979 0.015
0 0.9654872389791184 0.5679347826086957 0.015661252900232018 0.016739130434782607
0 0.8484628770301624 0.5964130434782609 0.015951276102088168 0.013695652173913043
9 0.6531322505800464 0.5764130434782608 0.011020881670533642 0.006739130434782609
0 0.8227958236658933 0.5886956521739131 0.012180974477958236 0.01
6 0.8471577726218097 0.44619565217391305 0.010440835266821345 0.006739130434782609
0 0.07903132250580046 0.5848913043478261 0.017111368909512762 0.01934782608695652
0 0.08512180974477958 0.5435869565217392 0.014791183294663572 0.01934782608695652
0 0.4448955916473318 0.6009782608695652 0.009280742459396751 0.008478260869565218
0 0.8902262180974478 0.6391304347826087 0.008410672853828306 0.012608695652173913
8 0.869199535962877 0.5666304347826087 0.01160092807424594 0.009782608695652175
0 0.8296113689095128 0.6156521739130435 0.01537122969837587 0.011304347826086957
6 0.7540603248259861 0.04641304347826087 0.0069605568445475635 0.004565217391304348
6 0.7913283062645011 0.03282608695652174 0.006670533642691415 0.004347826086956522
8 0.44620069605568446 0.4677173913043478 0.05423433874709977 0.04108695652173913
0 0.14776682134570765 0.11869565217391305 0.028132250580046404 0.020869565217391306
0 0.8922563805104409 0.6003260869565218 0.018851508120649653 0.020217391304347826
0 0.9388051044083526 0.5425 0.0063805104408352666 0.013695652173913043
0 0.9295243619489559 0.5184782608695652 0.011020881670533642 0.013043478260869565
0 0.9430104408352669 0.4410869565217391 0.017111368909512762 0.014782608695652174
0 0.982453596287703 0.45619565217391306 0.010730858468677494 0.02282608695652174
0 0.9448955916473318 0.4032608695652174 0.02320185614849188 0.023478260869565216
0 0.7610208816705336 0.4285869565217391 0.026102088167053363 0.01891304347826087
8 0.5588747099767981 0.41195652173913044 0.02842227378190255 0.01652173913043478
0 0.3478828306264501 0.14804347826086955 0.017111368909512762 0.012608695652173913
0 0.3372969837587007 0.11934782608695652 0.016241299303944315 0.012608695652173913
7 0.08932714617169374 0.3533695652173913 0.05974477958236659 0.026304347826086958
0 0.13413573085846867 0.5680434782608695 0.014211136890951276 0.01608695652173913
6 0.2787122969837587 0.6116304347826087 0.011020881670533642 0.008043478260869565
0 0.037122969837587005 0.29967391304347823 0.0191415313225058 0.021521739130434783
6 0.5052204176334106 0.05456521739130435 0.008700696055684454 0.006956521739130435
8 0.6946055684454756 0.643695652173913 0.02262180974477958 0.01652173913043478
0 0.9457656612529002 0.5591304347826087 0.012180974477958236 0.009130434782608696
0 0.9456206496519721 0.48130434782608694 0.013051044083526682 0.014782608695652174
0 0.574245939675174 0.12097826086956522 0.030162412993039442 0.02891304347826087
6 0.5375580046403712 0.33717391304347827 0.008990719257540603 0.00608695652173913
8 0.29872389791183296 0.5265217391304348 0.015661252900232018 0.01
8 0.4689675174013921 0.798804347826087 0.031902552204176336 0.011956521739130435
8 0.5040603248259861 0.8554347826086957 0.01740139211136891 0.011304347826086957
8 0.5752610208816705 0.8496739130434783 0.014211136890951276 0.012826086956521739
8 0.7060614849187935 0.8259782608695653 0.02117169373549884 0.016304347826086956
1 0.7122969837587007 0.815 0.0075406032482598605 0.004782608695652174
8 0.224622969837587 0.7295652173913043 0.02117169373549884 0.014782608695652174
1 0.5211716937354989 0.6075 0.00580046403712297 0.004565217391304348
8 0.5913573085846868 0.5664130434782608 0.025522041763341066 0.012391304347826086
8 0.6482018561484919 0.3884782608695652 0.01740139211136891 0.01391304347826087
8 0.6263051044083526 0.42967391304347824 0.020011600928074247 0.014565217391304348
4 0.5768561484918794 0.4525 0.008120649651972157 0.005434782608695652
0 0.3707946635730858 0.12684782608695652 0.029292343387470998 0.012826086956521739
0 0.3406322505800464 0.13456521739130434 0.017111368909512762 0.008695652173913044
8 0.6003480278422274 0.2301086956521739 0.0191415313225058 0.010217391304347826
8 0.8053944315545244 0.7583695652173913 0.009860788863109048 0.007608695652173913
6 0.6486368909512761 0.06097826086956522 0.01131090487238979 0.005869565217391304
8 0.10933874709976799 0.14141304347826086 0.03074245939675174 0.023695652173913045
8 0.7511600928074246 0.6422826086956521 0.022041763341067284 0.020652173913043477
0 0.17198375870069604 0.5369565217391304 0.016241299303944315 0.017391304347826087
1 0.17546403712296985 0.07054347826086957 0.013921113689095127 0.006304347826086957
8 0.451131090487239 0.8264130434782608 0.016531322505800465 0.009347826086956522
8 0.759860788863109 0.7454347826086957 0.01740139211136891 0.014347826086956521
0 0.13210556844547564 0.6041304347826087 0.014211136890951276 0.008695652173913044
8 0.671838747099768 0.48869565217391303 0.01537122969837587 0.011739130434782608
6 0.6593677494199536 0.5452173913043479 0.0095707656612529 0.005652173913043478
6 0.2921983758700696 0.4280434782608696 0.006090487238979118 0.004347826086956522
0 0.8400522041763341 0.2407608695652174 0.01537122969837587 0.011956521739130435
8 0.4665023201856148 0.3892391304347826 0.017111368909512762 0.008913043478260869
0 0.17981438515081208 0.030108695652173913 0.048723897911832945 0.035434782608695654
0 0.18285962877030162 0.09956521739130435 0.037412993039443156 0.03217391304347826
2 0.314385150812065 0.8295652173913044 0.016241299303944315 0.010869565217391304
2 0.287122969837587 0.8490217391304348 0.02494199535962877 0.024565217391304347
2 0.21302204176334108 0.7995652173913044 0.03277262180974478 0.01956521739130435
2 0.4251740139211137 0.7881521739130435 0.034222737819025524 0.009782608695652175
2 0.40124709976798145 0.7785869565217391 0.02697215777262181 0.008043478260869565
2 0.5348027842227379 0.7797826086956522 0.055104408352668215 0.009565217391304347
1 0.10397331786542924 0.12608695652173912 0.004930394431554524 0.004782608695652174
0 0.4702726218097448 0.19652173913043477 0.011890951276102088 0.014347826086956521
0 0.39051624129930396 0.21989130434782608 0.007250580046403712 0.006304347826086957
0 0.39660672853828305 0.26 0.004350348027842227 0.0052173913043478265
0 0.40443735498839906 0.26945652173913043 0.005510440835266821 0.005
0 0.3665893271461717 0.2458695652173913 0.008700696055684454 0.006521739130434782
1 0.7863979118329466 0.04021739130434782 0.013051044083526682 0.006521739130434782
1 0.8125 0.05282608695652174 0.006670533642691415 0.0052173913043478265
1 0.8068445475638051 0.07032608695652173 0.009860788863109048 0.007608695652173913
0 0.9419953596287703 0.26260869565217393 0.02842227378190255 0.043478260869565216
2 0.9504060324825986 0.2604347826086956 0.012761020881670533 0.014347826086956521
8 0.8155452436194895 0.7720652173913043 0.01740139211136891 0.014130434782608696
2 0.736223897911833 0.6948913043478261 0.013051044083526682 0.006739130434782609
2 0.4934744779582367 0.7832608695652173 0.028132250580046404 0.008695652173913044
0 0.14965197215777262 0.5853260869565218 0.008700696055684454 0.008913043478260869
0 0.19185034802784223 0.6317391304347826 0.011890951276102088 0.010434782608695653
0 0.2015661252900232 0.5902173913043478 0.010440835266821345 0.006521739130434782
0 0.21316705336426914 0.6015217391304348 0.008700696055684454 0.006956521739130435
0 0.12340487238979118 0.5095652173913043 0.010730858468677494 0.01217391304347826
0 0.21360208816705337 0.5160869565217391 0.013051044083526682 0.01217391304347826
5 0.3169953596287703 0.5734782608695652 0.04466357308584687 0.05565217391304348
6 0.40893271461716935 0.3403260869565217 0.00580046403712297 0.004565217391304348
0 0.5627900232018561 0.3157608695652174 0.013631090487238979 0.013695652173913043
6 0.5568445475638051 0.47358695652173916 0.0069605568445475635 0.004130434782608695
2 0.5685904872389791 0.47358695652173916 0.015951276102088168 0.012826086956521739
0 0.8591937354988399 0.5619565217391305 0.008990719257540603 0.007391304347826087
0 0.8214907192575406 0.5339130434782609 0.010730858468677494 0.007391304347826087
0 0.9083526682134571 0.5040217391304348 0.0075406032482598605 0.012391304347826086
1 0.490284222737819 0.3804347826086957 0.010150812064965197 0.005652173913043478
0 0.9287993039443155 0.631195652173913 0.006090487238979118 0.007608695652173913
0 0.11006380510440836 0.5094565217391305 0.007250580046403712 0.006739130434782609
0 0.0568445475638051 0.45706521739130435 0.012180974477958236 0.01108695652173913
0 0.40443735498839906 0.24717391304347827 0.013051044083526682 0.01217391304347826
0 0.36354408352668216 0.2615217391304348 0.012470997679814385 0.013478260869565217
6 0.5900522041763341 0.06032608695652174 0.006090487238979118 0.002826086956521739
1 0.6558874709976799 0.10619565217391304 0.012470997679814385 0.007608695652173913
0 0.5799013921113689 0.23326086956521738 0.013051044083526682 0.006521739130434782
0 0.568300464037123 0.4323913043478261 0.018271461716937356 0.00826086956521739
0 0.9366299303944315 0.6420652173913044 0.008410672853828306 0.008043478260869565
0 0.9533062645011601 0.5023913043478261 0.0075406032482598605 0.011304347826086957
0 0.9592517401392111 0.5073913043478261 0.008410672853828306 0.012608695652173913
0 0.953161252900232 0.5216304347826087 0.007830626450116009 0.010652173913043479
0 0.9524361948955916 0.5379347826086956 0.012180974477958236 0.015434782608695652
6 0.3586136890951276 0.6601086956521739 0.007830626450116009 0.006739130434782609
6 0.39602668213457076 0.6418478260869566 0.007250580046403712 0.005869565217391304
0 0.7626160092807425 0.5144565217391305 0.01537122969837587 0.010217391304347826
0 0.7414443155452436 0.501195652173913 0.015951276102088168 0.005869565217391304
0 0.4579466357308585 0.2418478260869565 0.012761020881670533 0.016304347826086956
0 0.46316705336426917 0.31858695652173913 0.022041763341067284 0.010217391304347826
0 0.9892691415313225 0.35782608695652174 0.021461716937354988 0.04608695652173913
6 0.7088167053364269 0.6565217391304348 0.0069605568445475635 0.005652173913043478
0 0.7465197215777262 0.6619565217391304 0.015081206496519721 0.00782608695652174
2 0.5298723897911833 0.7927173913043478 0.02262180974477958 0.006304347826086957
2 0.6087587006960556 0.7785869565217391 0.012761020881670533 0.004130434782608695
2 0.5716357308584686 0.7792391304347827 0.012761020881670533 0.004565217391304348
0 0.09382250580046404 0.6417391304347826 0.008410672853828306 0.01956521739130435
0 0.0568445475638051 0.5415217391304348 0.010440835266821345 0.02
6 0.5891821345707656 0.1373913043478261 0.007830626450116009 0.006521739130434782