8 0.5 0.8822826086956522 0.022041763341067284 0.012826086956521739
6 0.2517401392111369 0.7869565217391304 0.004640371229698376 0.0034782608695652175
8 0.24579466357308585 0.7831521739130435 0.005510440835266821 0.003260869565217391
8 0.1943155452436195 0.6567391304347826 0.034222737819025524 0.02
8 0.2376740139211137 0.5705434782608696 0.014791183294663572 0.009782608695652175
8 0.19388051044083526 0.5203260869565217 0.016531322505800465 0.012826086956521739
1 0.21331206496519722 0.5842391304347826 0.0037703016241299302 0.0036956521739130435
0 0.24695475638051045 0.6416304347826087 0.005510440835266821 0.004130434782608695
8 0.35339327146171695 0.6323913043478261 0.014211136890951276 0.012608695652173913
8 0.6502320185614849 0.6754347826086956 0.004060324825986079 0.004347826086956522
8 0.675899071925754 0.6253260869565217 0.005510440835266821 0.006304347826086957
8 0.8062645011600929 0.6058695652173913 0.024361948955916472 0.022608695652173914
1 0.8016241299303944 0.6271739130434782 0.008120649651972157 0.005652173913043478
1 0.7958236658932715 0.6302173913043478 0.005220417633410673 0.00391304347826087
1 0.7505800464037123 0.6036956521739131 0.0075406032482598605 0.0052173913043478265
6 0.7800174013921114 0.5529347826086957 0.007250580046403712 0.006304347826086957
8 0.785092807424594 0.5313043478260869 0.013921113689095127 0.009565217391304347
4 0.9037122969837587 0.5580434782608695 0.009280742459396751 0.009565217391304347
1 0.802639211136891 0.4967391304347826 0.0031902552204176333 0.003043478260869565
8 0.9396751740139211 0.5270652173913043 0.01160092807424594 0.013695652173913043
8 0.8493329466357309 0.5273913043478261 0.007250580046403712 0.0052173913043478265
4 0.796838747099768 0.8141304347826087 0.006090487238979118 0.00608695652173913
8 0.8625290023201856 0.4825 0.005220417633410673 0.005
0 0.6822795823665894 0.542608695652174 0.0095707656612529 0.009565217391304347
8 0.5833816705336426 0.33010869565217393 0.015951276102088168 0.01108695652173913
6 0.4911542923433875 0.3232608695652174 0.008990719257540603 0.00608695652173913
6 0.48912412993039445 0.4083695652173913 0.007830626450116009 0.004130434782608695
1 0.5446635730858469 0.3367391304347826 0.009860788863109048 0.006521739130434782
8 0.3626740139211137 0.2976086956521739 0.012470997679814385 0.009130434782608696
8 0.07395591647331787 0.3070652173913043 0.008700696055684454 0.009782608695652175
8 0.08149651972157773 0.28597826086956524 0.0069605568445475635 0.009782608695652175
1 0.37877030162412995 0.17206521739130434 0.004640371229698376 0.003260869565217391
6 0.6671983758700696 0.11304347826086956 0.006670533642691415 0.0052173913043478265
6 0.6583526682134571 0.11663043478260869 0.0063805104408352666 0.006304347826086957
6 0.6071635730858469 0.07695652173913044 0.0095707656612529 0.004782608695652174
6 0.6242749419953596 0.07728260869565218 0.006090487238979118 0.005869565217391304
6 0.5187064965197216 0.11315217391304348 0.007250580046403712 0.005434782608695652
8 0.689530162412993 0.1316304347826087 0.012470997679814385 0.008478260869565218
6 0.5211716937354989 0.04934782608695652 0.004640371229698376 0.0026086956521739132
6 0.4685324825986079 0.04695652173913043 0.004350348027842227 0.003043478260869565
6 0.4137180974477958 0.05369565217391304 0.005510440835266821 0.0034782608695652175
1 0.6029582366589327 0.8567391304347826 0.009860788863109048 0.00826086956521739
2 0.525522041763341 0.8542391304347826 0.009860788863109048 0.007173913043478261
2 0.4876740139211137 0.861195652173913 0.01537122969837587 0.005434782608695652
2 0.4847737819025522 0.8664130434782609 0.015951276102088168 0.005869565217391304
2 0.42488399071925753 0.8726086956521739 0.015081206496519721 0.00782608695652174
8 0.8326566125290024 0.5984782608695652 0.010440835266821345 0.01
8 0.9264791183294664 0.2872826086956522 0.013051044083526682 0.024565217391304347
6 0.6213747099767981 0.10804347826086956 0.010730858468677494 0.006956521739130435
3 0.1334106728538283 0.4266304347826087 0.020301624129930394 0.015
7 0.5564095127610209 0.13304347826086957 0.010730858468677494 0.009565217391304347
6 0.5307424593967517 0.07271739130434783 0.004640371229698376 0.003260869565217391
0 0.71084686774942 0.7441304347826087 0.009860788863109048 0.007391304347826087
6 0.4322795823665893 0.16576086956521738 0.006670533642691415 0.005434782608695652
6 0.5848317865429234 0.08684782608695653 0.006670533642691415 0.005
6 0.5669953596287703 0.06684782608695652 0.009280742459396751 0.005869565217391304
2 0.5575696055684455 0.8586956521739131 0.04669373549883991 0.02043478260869565
2 0.6666183294663574 0.8548913043478261 0.01131090487238979 0.011521739130434782
2 0.6769141531322506 0.8446739130434783 0.010440835266821345 0.008913043478260869
2 0.5514791183294664 0.8729347826086956 0.018271461716937356 0.010217391304347826
2 0.5198665893271461 0.8723913043478261 0.017111368909512762 0.009130434782608696
2 0.5065255220417634 0.8539130434782609 0.026392111368909513 0.010869565217391304
2 0.490284222737819 0.8465217391304348 0.02291183294663573 0.006956521739130435
8 0.3609338747099768 0.11923913043478261 0.01131090487238979 0.008043478260869565
0 0.44779582366589327 0.09967391304347827 0.016241299303944315 0.010217391304347826
0 0.3765951276102088 0.15391304347826087 0.007250580046403712 0.004782608695652174
8 0.5677204176334106 0.016630434782608696 0.030452436194895592 0.021521739130434783
8 0.5777262180974478 0.05282608695652174 0.011020881670533642 0.006521739130434782
6 0.6904002320185615 0.07467391304347826 0.004930394431554524 0.003260869565217391
9 0.5355278422273781 0.11358695652173913 0.018271461716937356 0.012391304347826086
6 0.6685034802784223 0.16 0.004640371229698376 0.003043478260869565
8 0.492169373549884 0.22847826086956521 0.008700696055684454 0.00608695652173913
6 0.535092807424594 0.2901086956521739 0.005220417633410673 0.004130434782608695
1 0.0669953596287703 0.41880434782608694 0.0069605568445475635 0.006739130434782609
1 0.26943155452436196 0.7271739130434782 0.0063805104408352666 0.0052173913043478265
8 0.5158062645011601 0.9044565217391304 0.026392111368909513 0.015
2 0.6245649651972158 0.8720652173913044 0.028132250580046404 0.011956521739130435
2 0.599477958236659 0.8919565217391304 0.012761020881670533 0.006521739130434782
8 0.7262180974477959 0.6790217391304347 0.011020881670533642 0.008043478260869565
1 0.31177494199535966 0.17217391304347826 0.0063805104408352666 0.00391304347826087
1 0.2703016241299304 0.0875 0.005220417633410673 0.004130434782608695
0 0.5474187935034803 0.14108695652173914 0.007830626450116009 0.006956521739130435
6 0.5594547563805105 0.18293478260869564 0.005220417633410673 0.004565217391304348
6 0.7146171693735499 0.18641304347826088 0.0063805104408352666 0.005869565217391304
6 0.6638631090487239 0.12195652173913044 0.009280742459396751 0.007391304347826087
6 0.36673433874709976 0.1948913043478261 0.004350348027842227 0.003260869565217391
8 0.3499129930394432 0.09358695652173914 0.012470997679814385 0.009347826086956522
8 0.3890661252900232 0.105 0.0095707656612529 0.010434782608695653
6 0.47346287703016243 0.12510869565217392 0.004930394431554524 0.003260869565217391
8 0.7085266821345708 0.08923913043478261 0.005220417633410673 0.004130434782608695
1 0.7418793503480279 0.08978260869565217 0.004060324825986079 0.0034782608695652175
2 0.41589327146171695 0.8798913043478261 0.0063805104408352666 0.0036956521739130435
2 0.398491879350348 0.8727173913043478 0.009280742459396751 0.004130434782608695
1 0.5346577726218097 0.8767391304347826 0.0031902552204176333 0.0026086956521739132
1 0.5378480278422274 0.9059782608695652 0.005510440835266821 0.0036956521739130435
1 0.7260730858468677 0.6016304347826087 0.004930394431554524 0.004130434782608695
0 0.8368619489559165 0.5364130434782609 0.007250580046403712 0.005434782608695652
1 0.9273491879350348 0.558804347826087 0.0026102088167053363 0.001956521739130435
8 0.14573665893271462 0.16478260869565217 0.014211136890951276 0.019130434782608695
1 0.36122389791183296 0.8976086956521739 0.0037703016241299302 0.002173913043478261
1 0.35281322505800466 0.8805434782608695 0.0026102088167053363 0.002391304347826087
8 0.24695475638051045 0.6934782608695652 0.006090487238979118 0.00391304347826087
6 0.41415313225058004 0.48228260869565215 0.004640371229698376 0.0036956521739130435