1 0.3177204176334107 0.18489130434782608 0.008990719257540603 0.006304347826086957
1 0.365284222737819 0.16467391304347825 0.008410672853828306 0.005869565217391304
1 0.3861658932714617 0.1859782608695652 0.006090487238979118 0.007173913043478261
9 0.5374129930394431 0.1676086956521739 0.01334106728538283 0.010869565217391304
9 0.5571345707656613 0.28891304347826086 0.011020881670533642 0.00826086956521739
0 0.4427204176334107 0.28108695652173915 0.01537122969837587 0.013478260869565217
0 0.5174013921113689 0.3659782608695652 0.013921113689095127 0.015434782608695652
0 0.5300174013921114 0.3541304347826087 0.02291183294663573 0.018695652173913044
6 0.5516241299303944 0.35141304347826086 0.0069605568445475635 0.004565217391304348
0 0.5245069605568445 0.33021739130434785 0.029872389791183295 0.03260869565217391
6 0.540893271461717 0.4295652173913043 0.0075406032482598605 0.006521739130434782
8 0.9578016241299304 0.4097826086956522 0.010730858468677494 0.01608695652173913
9 0.04234338747099768 0.4192391304347826 0.015081206496519721 0.024130434782608696
3 0.18097447795823665 0.3692391304347826 0.016821345707656612 0.017608695652173913
3 0.12470997679814386 0.3695652173913043 0.015661252900232018 0.01391304347826087
3 0.6434164733178654 0.5652173913043478 0.02349187935034803 0.022608695652173914
4 0.6651682134570766 0.611195652173913 0.024071925754060326 0.020652173913043477
4 0.759715777262181 0.6461956521739131 0.024651972157772623 0.01717391304347826
4 0.8454176334106729 0.3691304347826087 0.013921113689095127 0.009565217391304347
3 0.8317865429234339 0.3635869565217391 0.037122969837587005 0.019782608695652175
4 0.2083816705336427 0.7655434782608695 0.021751740139211138 0.01934782608695652
6 0.22433294663573086 0.6356521739130435 0.007250580046403712 0.008695652173913044
6 0.2943735498839907 0.6734782608695652 0.011020881670533642 0.010869565217391304
1 0.5226218097447796 0.8520652173913044 0.012180974477958236 0.005434782608695652
1 0.42009860788863107 0.9065217391304348 0.007830626450116009 0.0052173913043478265
1 0.6908352668213457 0.8148913043478261 0.0069605568445475635 0.007608695652173913
8 0.6740139211136891 0.8445652173913043 0.012180974477958236 0.011304347826086957
6 0.7044663573085846 0.8428260869565217 0.0075406032482598605 0.006956521739130435
4 0.7063515081206496 0.7954347826086956 0.007250580046403712 0.005652173913043478
1 0.6745939675174014 0.7231521739130434 0.01160092807424594 0.010652173913043479
8 0.7807424593967517 0.6878260869565217 0.009860788863109048 0.00782608695652174
6 0.7707366589327146 0.6976086956521739 0.005510440835266821 0.005652173913043478
0 0.8174303944315545 0.6410869565217391 0.03451276102088167 0.018260869565217393
0 0.7684164733178654 0.6043478260869565 0.02523201856148492 0.019130434782608695
0 0.11122389791183294 0.6021739130434782 0.008410672853828306 0.00826086956521739
6 0.14559164733178653 0.5801086956521739 0.005220417633410673 0.006739130434782609
1 0.3873259860788863 0.7308695652173913 0.004930394431554524 0.00391304347826087
3 0.8813805104408353 0.4359782608695652 0.008120649651972157 0.005434782608695652
3 0.8764501160092807 0.4443478260869565 0.023781902552204175 0.009565217391304347
3 0.847592807424594 0.45608695652173914 0.02523201856148492 0.018695652173913044
3 0.8560034802784223 0.4433695652173913 0.014791183294663572 0.014130434782608696
3 0.8821055684454756 0.4743478260869565 0.01769141531322506 0.014782608695652174
3 0.8705046403712297 0.4880434782608696 0.007830626450116009 0.010434782608695653
3 0.8857308584686775 0.4884782608695652 0.019721577726218097 0.01608695652173913
1 0.8997969837587007 0.4701086956521739 0.008410672853828306 0.007173913043478261
3 0.9344547563805105 0.5108695652173914 0.004640371229698376 0.0052173913043478265
3 0.8075696055684455 0.47804347826086957 0.02697215777262181 0.014347826086956521
1 0.814530162412993 0.46869565217391307 0.004930394431554524 0.0034782608695652175
3 0.7470997679814385 0.46695652173913044 0.01740139211136891 0.01608695652173913
3 0.7424593967517401 0.48097826086956524 0.024361948955916472 0.015869565217391305
3 0.7749419953596288 0.48206521739130437 0.013921113689095127 0.010217391304347826
3 0.7565255220417634 0.4958695652173913 0.020591647331786544 0.011739130434782608
3 0.7436194895591647 0.5010869565217392 0.014501160092807424 0.00782608695652174
3 0.6834396751740139 0.5064130434782609 0.01943155452436195 0.017608695652173913
3 0.665893271461717 0.461304347826087 0.015081206496519721 0.010434782608695653
3 0.6586426914153132 0.4830434782608696 0.02088167053364269 0.012608695652173913
3 0.714907192575406 0.47293478260869565 0.018561484918793503 0.013260869565217392
3 0.722737819025522 0.48793478260869566 0.01740139211136891 0.014130434782608696
3 0.7118619489559165 0.5004347826086957 0.018271461716937356 0.014782608695652174
3 0.7020011600928074 0.5004347826086957 0.011890951276102088 0.010869565217391304
3 0.5810614849187935 0.45945652173913043 0.02291183294663573 0.01108695652173913
3 0.554814385150812 0.43684782608695655 0.0075406032482598605 0.007173913043478261
6 0.5595997679814385 0.44565217391304346 0.004350348027842227 0.00391304347826087
3 0.5210266821345708 0.4497826086956522 0.013051044083526682 0.009565217391304347
3 0.531177494199536 0.4698913043478261 0.010730858468677494 0.008478260869565218
3 0.46708236658932717 0.46706521739130435 0.01131090487238979 0.008478260869565218
3 0.45591647331786544 0.5026086956521739 0.017981438515081206 0.01391304347826087
3 0.4853538283062645 0.47380434782608694 0.008410672853828306 0.008478260869565218
1 0.46751740139211134 0.49 0.00580046403712297 0.0034782608695652175
3 0.3586136890951276 0.49282608695652175 0.01943155452436195 0.01565217391304348
3 0.359338747099768 0.5085869565217391 0.01334106728538283 0.011521739130434782
3 0.3491879350348028 0.5256521739130435 0.017981438515081206 0.018260869565217393
3 0.26711136890951276 0.47608695652173916 0.020301624129930394 0.011304347826086957
3 0.2600058004640371 0.5076086956521739 0.01769141531322506 0.009565217391304347
3 0.22824825986078887 0.49195652173913046 0.02262180974477958 0.009565217391304347
3 0.19852088167053364 0.4675 0.01131090487238979 0.006304347826086957
3 0.15864269141531323 0.46152173913043476 0.017981438515081206 0.01217391304347826
3 0.14559164733178653 0.4766304347826087 0.013921113689095127 0.011521739130434782
3 0.15008700696055685 0.4985869565217391 0.020591647331786544 0.01717391304347826
3 0.13500580046403712 0.4707608695652174 0.010150812064965197 0.008043478260869565
3 0.10368329466357308 0.483695652173913 0.020011600928074247 0.017391304347826087
3 0.08860208816705337 0.5052173913043478 0.012470997679814385 0.011304347826086957
3 0.10890371229698376 0.44956521739130434 0.013631090487238979 0.010869565217391304
3 0.08367169373549883 0.38282608695652176 0.005510440835266821 0.007391304347826087
3 0.09164733178654293 0.38108695652173913 0.00580046403712297 0.00608695652173913
3 0.11383410672853829 0.4076086956521739 0.010150812064965197 0.00826086956521739
1 0.08816705336426914 0.4234782608695652 0.008700696055684454 0.006521739130434782
1 0.17647911832946636 0.54 0.008410672853828306 0.00608695652173913
6 0.3328016241299304 0.7196739130434783 0.008990719257540603 0.007173913043478261
6 0.3238109048723898 0.7860869565217391 0.013631090487238979 0.01
8 0.8290313225058005 0.8379347826086957 0.014791183294663572 0.010652173913043479
8 0.912122969837587 0.8008695652173913 0.0075406032482598605 0.00782608695652174
0 0.8507830626450116 0.7039130434782609 0.008410672853828306 0.01217391304347826
6 0.7572505800464037 0.6792391304347826 0.004640371229698376 0.004565217391304348
6 0.6962006960556845 0.6022826086956522 0.007250580046403712 0.005869565217391304
6 0.6885150812064965 0.5767391304347826 0.005220417633410673 0.004347826086956522
0 0.8362819025522041 0.5116304347826087 0.027552204176334107 0.026304347826086958
6 0.9047273781902552 0.5508695652173913 0.004930394431554524 0.004782608695652174
6 0.8799303944315545 0.5689130434782609 0.00580046403712297 0.00608695652173913
0 0.8259860788863109 0.5641304347826087 0.015081206496519721 0.011304347826086957
0 0.8503480278422274 0.5743478260869566 0.021461716937354988 0.023478260869565216
0 0.6904002320185615 0.558804347826087 0.014211136890951276 0.016304347826086956
1 0.6754640371229699 0.576195652173913 0.005220417633410673 0.0036956521739130435
0 0.6170243619489559 0.5067391304347826 0.008410672853828306 0.00608695652173913
6 0.6013631090487239 0.4976086956521739 0.005510440835266821 0.004782608695652174
3 0.5421983758700696 0.5066304347826087 0.020591647331786544 0.021956521739130434
3 0.5023201856148491 0.4898913043478261 0.009280742459396751 0.010217391304347826
2 0.2629060324825986 0.8773913043478261 0.010730858468677494 0.01
2 0.2604408352668213 0.8214130434782608 0.025522041763341066 0.021521739130434783
6 0.3125 0.7970652173913043 0.0037703016241299302 0.002826086956521739
6 0.30887470997679817 0.7858695652173913 0.002900232018561485 0.002173913043478261
2 0.4459106728538283 0.8554347826086957 0.03973317865429234 0.010869565217391304
6 0.43430974477958234 0.9001086956521739 0.005510440835266821 0.004130434782608695
8 0.10092807424593968 0.5706521739130435 0.013921113689095127 0.013043478260869565
6 0.12862529002320186 0.5814130434782608 0.006090487238979118 0.005434782608695652
8 0.07700116009280743 0.5690217391304347 0.010730858468677494 0.010652173913043479
1 0.2921983758700696 0.1648913043478261 0.01131090487238979 0.007608695652173913
1 0.4622969837587007 0.12434782608695652 0.010440835266821345 0.00608695652173913
6 0.41966357308584684 0.1333695652173913 0.005220417633410673 0.004565217391304348
6 0.4289443155452436 0.14478260869565218 0.0034802784222737818 0.0026086956521739132
9 0.44678074245939675 0.14945652173913043 0.008990719257540603 0.007173913043478261
1 0.3284512761020882 0.12358695652173914 0.006090487238979118 0.005
1 0.2565255220417633 0.10293478260869565 0.007830626450116009 0.005434782608695652
8 0.3810904872389791 0.12739130434782608 0.024361948955916472 0.018260869565217393
1 0.6966357308584686 0.09021739130434783 0.0075406032482598605 0.00608695652173913
1 0.7885730858468677 0.1334782608695652 0.012180974477958236 0.009565217391304347
1 0.771461716937355 0.16315217391304349 0.008120649651972157 0.006739130434782609
3 0.9153132250580046 0.3909782608695652 0.011020881670533642 0.007608695652173913
1 0.7354988399071926 0.17804347826086955 0.0075406032482598605 0.004782608695652174
1 0.7354988399071926 0.19380434782608696 0.0063805104408352666 0.004565217391304348
1 0.7591357308584686 0.17119565217391305 0.004350348027842227 0.003260869565217391
1 0.6583526682134571 0.14293478260869566 0.010440835266821345 0.008913043478260869
6 0.6431264501160093 0.09847826086956522 0.007250580046403712 0.0052173913043478265
1 0.333961716937355 0.0775 0.004350348027842227 0.004130434782608695
8 0.08918213457076567 0.7575 0.013631090487238979 0.016739130434782607
6 0.4345997679814385 0.6948913043478261 0.004930394431554524 0.0036956521739130435
3 0.4351798143851508 0.42467391304347823 0.010150812064965197 0.012391304347826086
3 0.39501160092807425 0.4092391304347826 0.0069605568445475635 0.006304347826086957
3 0.3873259860788863 0.4308695652173913 0.008990719257540603 0.01
3 0.45301624129930396 0.4298913043478261 0.010440835266821345 0.009782608695652175
1 0.47317285382830626 0.40880434782608693 0.006670533642691415 0.005869565217391304
8 0.36731438515081205 0.3009782608695652 0.01131090487238979 0.009347826086956522
8 0.3642691415313225 0.291195652173913 0.008120649651972157 0.007608695652173913
0 0.289008120649652 0.5270652173913043 0.013051044083526682 0.009347826086956522
8 0.14399651972157773 0.7602173913043478 0.01131090487238979 0.009130434782608696
3 0.6544373549883991 0.8342391304347826 0.008990719257540603 0.004565217391304348
3 0.6428364269141531 0.8348913043478261 0.014211136890951276 0.007608695652173913
3 0.622969837587007 0.832391304347826 0.009280742459396751 0.004782608695652174
3 0.597737819025522 0.8332608695652174 0.01160092807424594 0.009130434782608696
3 0.7444895591647331 0.8190217391304347 0.011020881670533642 0.007608695652173913
8 0.7691415313225058 0.7742391304347827 0.01160092807424594 0.009782608695652175
8 0.9622969837587007 0.49184782608695654 0.00580046403712297 0.005869565217391304
3 0.9462006960556845 0.4802173913043478 0.005510440835266821 0.009565217391304347
3 0.9364849187935035 0.4732608695652174 0.009860788863109048 0.008695652173913044
3 0.5669953596287703 0.47695652173913045 0.011020881670533642 0.018260869565217393
3 0.16937354988399073 0.5409782608695652 0.02088167053364269 0.013695652173913043
6 0.478538283062645 0.2584782608695652 0.0069605568445475635 0.0052173913043478265
0 0.44344547563805103 0.3032608695652174 0.011020881670533642 0.01217391304347826
0 0.5131960556844548 0.28369565217391307 0.010150812064965197 0.0052173913043478265
1 0.7684164733178654 0.20304347826086958 0.010150812064965197 0.00782608695652174
8 0.8342517401392111 0.2732608695652174 0.017111368909512762 0.013043478260869565
0 0.9202436194895591 0.26608695652173914 0.012180974477958236 0.02
6 0.1982308584686775 0.5559782608695653 0.007830626450116009 0.005434782608695652
0 0.27494199535962877 0.6464130434782609 0.01740139211136891 0.009347826086956522
0 0.2640661252900232 0.6618478260869565 0.013051044083526682 0.006304347826086957
2 0.48622389791183296 0.8632608695652174 0.01537122969837587 0.006521739130434782
8 0.7595707656612529 0.8985869565217391 0.010440835266821345 0.007608695652173913
8 0.85542343387471 0.7327173913043479 0.014211136890951276 0.015434782608695652
0 0.1970707656612529 0.2122826086956522 0.007830626450116009 0.008043478260869565
1 0.22375290023201855 0.2291304347826087 0.0095707656612529 0.005652173913043478
1 0.26435614849187933 0.23282608695652174 0.008410672853828306 0.00608695652173913
0 0.46012180974477956 0.24380434782608695 0.02291183294663573 0.01108695652173913
0 0.4521461716937355 0.3248913043478261 0.009280742459396751 0.007608695652173913
1 0.4353248259860789 0.37271739130434783 0.004640371229698376 0.0036956521739130435
8 0.6006380510440835 0.31532608695652176 0.011020881670533642 0.008478260869565218
1 0.8094547563805105 0.1492391304347826 0.0069605568445475635 0.005869565217391304
8 0.9002320185614849 0.3155434782608696 0.012761020881670533 0.011956521739130435
8 0.935614849187935 0.33195652173913043 0.0063805104408352666 0.00782608695652174
1 0.8288863109048724 0.33021739130434785 0.0075406032482598605 0.005652173913043478
0 0.4612819025522042 0.38 0.010150812064965197 0.008695652173913044
8 0.19402552204176335 0.6455434782608696 0.01334106728538283 0.015
8 0.11760440835266821 0.6797826086956522 0.011890951276102088 0.009565217391304347
8 0.07468097447795824 0.7244565217391304 0.008410672853828306 0.010217391304347826
8 0.10136310904872389 0.7021739130434783 0.008410672853828306 0.007391304347826087
9 0.23883410672853828 0.7720652173913043 0.0095707656612529 0.008913043478260869
8 0.3140951276102088 0.8146739130434782 0.008120649651972157 0.006739130434782609
8 0.30060904872389793 0.6866304347826087 0.010730858468677494 0.008913043478260869
8 0.253915313225058 0.6854347826086956 0.0095707656612529 0.006956521739130435
0 0.6161542923433875 0.7253260869565218 0.013051044083526682 0.012826086956521739
1 0.5785962877030162 0.8896739130434783 0.005220417633410673 0.005
5 0.8172853828306265 0.8791304347826087 0.029002320185614848 0.030434782608695653
8 0.8855858468677494 0.7780434782608696 0.014211136890951276 0.008695652173913044
8 0.9309744779582366 0.7643478260869565 0.009280742459396751 0.01
8 0.7117169373549884 0.6642391304347826 0.011020881670533642 0.007173913043478261
8 0.734483758700696 0.6654347826086957 0.0095707656612529 0.010869565217391304
8 0.6750290023201856 0.6614130434782609 0.010150812064965197 0.007173913043478261
0 0.804669373549884 0.6216304347826087 0.017111368909512762 0.010217391304347826
6 0.5652552204176334 0.29532608695652174 0.009280742459396751 0.006739130434782609
1 0.5829466357308585 0.28945652173913045 0.005220417633410673 0.004130434782608695
0 0.751885150812065 0.6758695652173913 0.007250580046403712 0.008695652173913044
8 0.46012180974477956 0.20576086956521739 0.017111368909512762 0.014130434782608696
1 0.6628480278422274 0.1108695652173913 0.006090487238979118 0.004782608695652174
1 0.9025522041763341 0.28054347826086956 0.00580046403712297 0.004130434782608695
8 0.9093677494199536 0.6433695652173913 0.010150812064965197 0.007608695652173913
1 0.6384860788863109 0.9014130434782609 0.0037703016241299302 0.003260869565217391
1 0.6477668213457076 0.8975 0.0031902552204176333 0.002391304347826087
1 0.638631090487239 0.8843478260869565 0.004060324825986079 0.0034782608695652175
1 0.6487819025522041 0.8871739130434783 0.004640371229698376 0.0034782608695652175
0 0.10339327146171694 0.7267391304347826 0.013051044083526682 0.01565217391304348
0 0.11803944315545244 0.7497826086956522 0.01160092807424594 0.013478260869565217
0 0.22143271461716937 0.6739130434782609 0.018851508120649653 0.019130434782608695
6 0.24129930394431554 0.668695652173913 0.005220417633410673 0.00391304347826087
1 0.6844547563805105 0.15836956521739132 0.0069605568445475635 0.005869565217391304
2 0.6473317865429234 0.8438043478260869 0.015081206496519721 0.012391304347826086
1 0.6474767981438515 0.8755434782608695 0.005510440835266821 0.004565217391304348
9 0.30843967517401394 0.7670652173913044 0.0095707656612529 0.006304347826086957
