4 0.434462915601023 0.5424358666986334 0.014705882352941176 0.013665787580915847
4 0.29731457800511507 0.7230879884919683 0.017902813299232736 0.016303044833373293
4 0.32576726342711 0.7115799568448813 0.014705882352941176 0.01150803164708703
4 0.11844629156010231 0.7371134020618557 0.01118925831202046 0.010788779669144091
4 0.2733375959079284 0.5583792855430353 0.017263427109974423 0.015823543514744666
4 0.9542838874680307 0.373651402541357 0.008951406649616368 0.014145288899544474
9 0.35565856777493604 0.8113162311196356 0.01758312020460358 0.010549029009829777
4 0.7247442455242967 0.6702229681131623 0.010230179028132993 0.008391273076000958
4 0.743925831202046 0.5788779669144091 0.010869565217391304 0.009829777031886838
3 0.9368606138107417 0.4426995924238792 0.010549872122762148 0.011268280987772716
3 0.9336636828644501 0.4597218892351954 0.008631713554987212 0.007432270438743707
3 0.920076726342711 0.4694317909374251 0.016624040920716114 0.021577559338288182
3 0.9525255754475703 0.4654759050587389 0.009910485933503837 0.007911771757372333
3 0.8881074168797954 0.4677535363222249 0.010230179028132993 0.009110525053943897
3 0.9119245524296675 0.4899304723087988 0.01758312020460358 0.010788779669144091
3 0.9285485933503836 0.4936466075281707 0.009910485933503837 0.008631023735315272
3 0.8711636828644501 0.5034763845600575 0.01278772378516624 0.009590026372572525
3 0.8355179028132992 0.5244545672500599 0.015664961636828643 0.008391273076000958
3 0.8439897698209718 0.5290098297770319 0.007033248081841432 0.0035962598897146965
3 0.9510869565217391 0.40901462479021816 0.007033248081841432 0.01006952769120115
3 0.25975063938618925 0.4797410692879405 0.019501278772378516 0.01390553824023016
3 0.3062659846547315 0.5165427954926876 0.02877237851662404 0.013186286262287222
3 0.149616368286445 0.46092064253176696 0.020460358056265986 0.015104291536801727
3 0.1446611253196931 0.48825221769359867 0.018222506393861894 0.010788779669144091
3 0.03548593350383632 0.47686406137616877 0.010230179028132993 0.012467034284344283
3 0.04060102301790281 0.4546871253895948 0.020460358056265986 0.011268280987772716
3 0.08455882352941177 0.47602493406856866 0.009271099744245524 0.006473267801486454
3 0.12196291560102301 0.4581635099496524 0.01438618925831202 0.007672021098058019
3 0.06154092071611253 0.48633421241908414 0.012468030690537084 0.013665787580915847
8 0.17647058823529413 0.5665308079597219 0.023657289002557546 0.017262047470630544
8 0.3382352941176471 0.6627906976744186 0.020460358056265986 0.015104291536801727
8 0.3240089514066496 0.5816350994965236 0.0239769820971867 0.018700551426516422
1 0.5593030690537084 0.14193239031407337 0.010549872122762148 0.007192519779429393
1 0.5656969309462916 0.15200191800527452 0.007352941176470588 0.005754015823543515
1 0.6918158567774936 0.18940302085830735 0.00959079283887468 0.008631023735315272
1 0.5917519181585678 0.0830736034524095 0.007033248081841432 0.005993766482857828
1 0.6929347826086957 0.09002637257252458 0.007352941176470588 0.00695276912011508
1 0.5674552429667519 0.2679213617837449 0.012148337595907928 0.011268280987772716
1 0.6894181585677749 0.33984655957803883 0.010549872122762148 0.007911771757372333
1 0.5442774936061381 0.3289379045792376 0.009910485933503837 0.008151522416686647
1 0.5445971867007673 0.22896187964516904 0.010549872122762148 0.009110525053943897
1 0.5382033248081841 0.13318149124910095 0.0079923273657289 0.005993766482857828
9 0.5602621483375959 0.47087029489331095 0.011828644501278773 0.009590026372572525
8 0.5108695652173914 0.4681131623111964 0.017902813299232736 0.009350275713258211
6 0.5431585677749361 0.7119395828338528 0.005115089514066497 0.0026372572524574443
6 0.5425191815856778 0.7063054423399664 0.00319693094629156 0.003356509230400384
3 0.8882672634271099 0.5027571325821146 0.024616368286445013 0.018221050107887795
3 0.941656010230179 0.47099017022296813 0.008631713554987212 0.010309278350515464
3 0.13379156010230178 0.5064732678014865 0.0239769820971867 0.018940302085830737
3 0.11460997442455242 0.4872932150563414 0.01694373401534527 0.013665787580915847
3 0.08999360613810742 0.4856149604411412 0.01118925831202046 0.005514265164229201
4 0.7496803069053708 0.27343562694797413 0.019820971867007674 0.010788779669144091
1 0.7004475703324808 0.9068568688563894 0.0076726342710997444 0.005514265164229201
0 0.18925831202046037 0.6147206904818988 0.013427109974424553 0.008151522416686647
8 0.9691496163682864 0.35674898105969793 0.008631713554987212 0.013426036921601535
1 0.78596547314578 0.6134020618556701 0.008631713554987212 0.007432270438743707
8 0.5978260869565217 0.6558379285543036 0.008951406649616368 0.007911771757372333
8 0.015505115089514066 0.5668904339486933 0.011828644501278773 0.01846080076720211
8 0.8393542199488491 0.5736034524094942 0.01438618925831202 0.009829777031886838
8 0.9288682864450127 0.6113641812514985 0.011828644501278773 0.014385039558858786
9 0.6438618925831202 0.7027091824502517 0.007033248081841432 0.004795013186286262
9 0.23593350383631714 0.7657636058499161 0.014066496163682864 0.010549029009829777
1 0.4491687979539642 0.183768880364421 0.007033248081841432 0.005514265164229201
8 0.5247762148337596 0.13917525773195877 0.009271099744245524 0.00695276912011508
9 0.4696291560102302 0.772596499640374 0.007033248081841432 0.00695276912011508