0 0.11413043478260869 0.5984176456485255 0.0632992327365729 0.0695276912011508
0 0.1387468030690537 0.569647566530808 0.015345268542199489 0.008151522416686647
0 0.1585677749360614 0.6379765044353872 0.014066496163682864 0.01006952769120115
0 0.1534526854219949 0.6680652121793335 0.01278772378516624 0.008391273076000958
0 0.11892583120204604 0.646247902181731 0.023017902813299233 0.013665787580915847
0 0.10070332480818414 0.6365380004795013 0.02237851662404092 0.013426036921601535
0 0.04331841432225064 0.6287461040517861 0.01694373401534527 0.03812035483097578
0 0.0661764705882353 0.6077679213617837 0.01918158567774936 0.031167585710860705
0 0.07432864450127877 0.5843922320786382 0.021419437340153454 0.017981299448573483
0 0.07944373401534527 0.6257492208103572 0.0079923273657289 0.006713018460800768
0 0.08583759590792839 0.646967154159674 0.0079923273657289 0.007432270438743707
0 0.10006393861892583 0.6532006713018461 0.008951406649616368 0.007911771757372333
0 0.09462915601023018 0.6486454087748741 0.007033248081841432 0.005993766482857828
0 0.09462915601023018 0.6582354351474466 0.00639386189258312 0.006473267801486454
0 0.10677749360613811 0.660033565092304 0.0159846547314578 0.01006952769120115
0 0.07656649616368287 0.6770558619036202 0.013107416879795396 0.030208583073603454
0 0.08391943734015345 0.6787341165188204 0.012468030690537084 0.023495564612802684
0 0.10310102301790282 0.6714217214097339 0.005434782608695652 0.004555262526971949
0 0.8244884910485933 0.5544233996643491 0.013427109974424553 0.007911771757372333
0 0.809462915601023 0.6520019180052745 0.016624040920716114 0.009829777031886838
0 0.8403132992327366 0.6575161831695037 0.015025575447570333 0.016063294174058978
0 0.8132992327365729 0.6620714456964757 0.0076726342710997444 0.005993766482857828
0 0.8642902813299232 0.6557180532246464 0.007352941176470588 0.006713018460800768
0 0.8281649616368286 0.6806521217933349 0.008631713554987212 0.009110525053943897
0 0.8764386189258312 0.67537760728842 0.02014066496163683 0.034044593622632464
0 0.8948209718670077 0.677655238551906 0.016624040920716114 0.017981299448573483
0 0.898497442455243 0.6558379285543036 0.019501278772378516 0.023735315272117
0 0.8751598465473146 0.6312634859745865 0.012468030690537084 0.01006952769120115
0 0.9095268542199488 0.6129225605370415 0.010869565217391304 0.00695276912011508
0 0.8495843989769821 0.7122992088228243 0.007352941176470588 0.004315511867657636
0 0.8403132992327366 0.7226084871733397 0.006713554987212276 0.005274514504914889
0 0.8364769820971867 0.7378326540397986 0.003516624040920716 0.004555262526971949
0 0.8224104859335039 0.7476624310716854 0.008631713554987212 0.008391273076000958
0 0.829923273657289 0.7434667945336849 0.008312020460358057 0.009590026372572525
0 0.8153772378516624 0.7374730280508272 0.006713554987212276 0.004315511867657636
0 0.7947570332480819 0.7499400623351714 0.00639386189258312 0.005274514504914889
0 0.8080242966751918 0.7667226084871733 0.006074168797953964 0.011028530328458403
0 0.8599744245524297 0.7041476864061376 0.026214833759590793 0.034044593622632464
0 0.8598145780051151 0.6772956125629346 0.013746803069053709 0.009590026372572525
0 0.862531969309463 0.6852073843203069 0.005754475703324808 0.004315511867657636
0 0.8770780051150895 0.6514025413569887 0.01118925831202046 0.008631023735315272
0 0.8729219948849105 0.6161591944377847 0.024616368286445013 0.01918005274514505
0 0.9315856777493606 0.5782785902661233 0.010869565217391304 0.01006952769120115
0 0.9494884910485933 0.5607767921361784 0.010230179028132993 0.01006952769120115
2 0.6671994884910486 0.897386717813474 0.010869565217391304 0.006233517142172141
3 0.43845907928388744 0.4444977223687365 0.007352941176470588 0.009590026372572525
3 0.4554028132992327 0.44030208583073605 0.0079923273657289 0.005034763845600575
3 0.4515664961636829 0.4483337329177655 0.006074168797953964 0.004315511867657636
3 0.3663682864450128 0.45049148885159435 0.00959079283887468 0.007192519779429393
3 0.3890664961636829 0.4591225125869096 0.008951406649616368 0.009110525053943897
3 0.3807544757033248 0.4893310956605131 0.029411764705882353 0.02301606329417406
3 0.5485933503836317 0.5001198753296572 0.008951406649616368 0.008631023735315272
3 0.7691815856777494 0.35531047710381203 0.016624040920716114 0.01150803164708703
7 0.49888107416879796 0.08786861663869576 0.04379795396419437 0.02948933109566051
4 0.5238171355498721 0.07000719251977942 0.01118925831202046 0.008151522416686647
3 0.22778132992327366 0.4377847039079357 0.01694373401534527 0.009590026372572525
3 0.18366368286445012 0.46175976983936706 0.006713554987212276 0.004795013186286262
3 0.1839833759590793 0.4858547111004555 0.0079923273657289 0.008870774394629586
0 0.13379156010230178 0.5521457684008632 0.012468030690537084 0.006713018460800768
0 0.1206841432225064 0.5662910573004076 0.006074168797953964 0.007672021098058019
0 0.12803708439897699 0.5662910573004076 0.006713554987212276 0.005274514504914889
0 0.17902813299232737 0.6034524094941262 0.015345268542199489 0.008631023735315272
0 0.2188299232736573 0.5895468712538959 0.009271099744245524 0.01006952769120115
0 0.2114769820971867 0.5855909853752098 0.012468030690537084 0.009829777031886838
0 0.22714194373401533 0.5829537281227524 0.009271099744245524 0.010309278350515464
0 0.1547314578005115 0.5492687604890913 0.014066496163682864 0.009590026372572525
0 0.1831841432225064 0.646967154159674 0.010869565217391304 0.00695276912011508
0 0.18062659846547316 0.6832893790457923 0.010869565217391304 0.01006952769120115
0 0.21035805626598467 0.6953967873411652 0.01278772378516624 0.007432270438743707
0 0.10437979539641944 0.709781826900024 0.013746803069053709 0.01941980340445936
0 0.11157289002557545 0.6995924238791656 0.015345268542199489 0.011987532965715655
0 0.12867647058823528 0.7031886837688803 0.005434782608695652 0.004315511867657636
0 0.15137468030690537 0.6915607767921362 0.009910485933503837 0.008870774394629586
0 0.1656010230179028 0.6985135459122512 0.010230179028132993 0.007911771757372333
0 0.15888746803069054 0.7142172140973387 0.005115089514066497 0.005754015823543515
0 0.16176470588235295 0.7203308559098538 0.008312020460358057 0.005034763845600575
0 0.1715153452685422 0.7154159673939103 0.009910485933503837 0.007192519779429393
0 0.16831841432225064 0.7084631982737952 0.013107416879795396 0.008631023735315272
0 0.18190537084398978 0.705945816350995 0.014066496163682864 0.013665787580915847
0 0.19453324808184144 0.6920402781107649 0.023337595907928388 0.012706784943658594
3 0.09175191815856777 0.4618796451690242 0.008951406649616368 0.007911771757372333
3 0.0668158567774936 0.4695516662670822 0.011508951406649617 0.00695276912011508
3 0.10645780051150895 0.42363941500839125 0.008951406649616368 0.008631023735315272
3 0.11524936061381075 0.42399904099736274 0.00479539641943734 0.0031167585710860706
7 0.10661764705882353 0.39906497242867417 0.0041560102301790285 0.0026372572524574443
3 0.8865089514066496 0.470151042915368 0.01278772378516624 0.009110525053943897
3 0.8714833759590793 0.4627187724766243 0.010230179028132993 0.004795013186286262
3 0.9237531969309463 0.45348837209302323 0.011828644501278773 0.007432270438743707
3 0.9202365728900256 0.46152001918005275 0.007352941176470588 0.006233517142172141
3 0.8251278772378516 0.4689522896187964 0.00959079283887468 0.006713018460800768
7 0.8192135549872123 0.6707024694317909 0.00479539641943734 0.004075761208343323
7 0.30914322250639387 0.5538240230160633 0.008312020460358057 0.015823543514744666
1 0.6697570332480819 0.861424118916327 0.005754475703324808 0.005274514504914889
0 0.9317455242966752 0.6237113402061856 0.018222506393861894 0.01846080076720211
0 0.8732416879795396 0.5925437544953248 0.018861892583120203 0.011268280987772716
0 0.8388746803069054 0.633181491249101 0.026854219948849106 0.022057060656916806
0 0.9624360613810742 0.5679693119156077 0.009910485933503837 0.015344042196116039
0 0.2514386189258312 0.5538240230160633 0.013746803069053709 0.008151522416686647
0 0.04395780051150895 0.581155598177895 0.022698209718670075 0.016782546152001917
0 0.17902813299232737 0.7476624310716854 0.008951406649616368 0.006473267801486454
0 0.17343350383631714 0.7359146487652841 0.006713554987212276 0.00695276912011508
8 0.2071611253196931 0.9086549988012467 0.016624040920716114 0.017262047470630544
2 0.3211317135549872 0.9319108127547351 0.022698209718670075 0.012946535602972908
2 0.657608695652174 0.9126108846799329 0.0159846547314578 0.00695276912011508
0 0.18190537084398978 0.5516662670822344 0.008312020460358057 0.006713018460800768
0 0.1133312020460358 0.7226084871733397 0.008631713554987212 0.009590026372572525
0 0.09942455242966752 0.747302805082714 0.010230179028132993 0.01150803164708703
0 0.2202685421994885 0.6918005274514505 0.008312020460358057 0.004555262526971949
0 0.23769181585677748 0.6726204747063055 0.01118925831202046 0.008870774394629586
0 0.22842071611253198 0.6766962359146488 0.006074168797953964 0.0031167585710860706
0 0.20828005115089515 0.6805322464636778 0.0079923273657289 0.008391273076000958
0 0.8085038363171355 0.5812754735075522 0.008312020460358057 0.005034763845600575
1 0.7738171355498721 0.04639175257731959 0.0079923273657289 0.005514265164229201
0 0.05850383631713555 0.5507072644449772 0.005115089514066497 0.004315511867657636
0 0.051470588235294115 0.5578997842244067 0.008312020460358057 0.007192519779429393
0 0.1897378516624041 0.6195157036681851 0.009910485933503837 0.009110525053943897
0 0.21323529411764705 0.7434667945336849 0.008312020460358057 0.007192519779429393
0 0.41048593350383633 0.7363941500839127 0.008951406649616368 0.013186286262287222
0 0.835997442455243 0.5960201390553824 0.013427109974424553 0.009590026372572525
0 0.8147378516624041 0.6244305921841286 0.009910485933503837 0.006473267801486454
0 0.8884271099744245 0.6353392471829298 0.008312020460358057 0.009110525053943897
0 0.8901854219948849 0.6220330855909854 0.008631713554987212 0.010309278350515464
0 0.9213554987212276 0.5677295612562935 0.00639386189258312 0.004795013186286262
0 0.9100063938618926 0.6289858547111005 0.006074168797953964 0.00695276912011508
0 0.9165601023017903 0.635459122512587 0.00959079283887468 0.011747782306401342