4 0.36689814814814814 0.19974922839506173 0.028935185185185185 0.012152777777777778
4 0.5298032407407407 0.3507908950617284 0.011574074074074073 0.00636574074074074
8 0.18055555555555555 0.16531635802469136 0.02546296296296296 0.016589506172839507
8 0.1824363425925926 0.2526041666666667 0.013020833333333334 0.00945216049382716
8 0.06727430555555555 0.2879050925925926 0.013020833333333334 0.013695987654320988
8 0.24204282407407407 0.6507523148148148 0.019965277777777776 0.013695987654320988
8 0.4166666666666667 0.6492091049382716 0.018518518518518517 0.013310185185185185
8 0.12789351851851852 0.7376543209876543 0.017361111111111112 0.024305555555555556
5 0.3443287037037037 0.8223379629629629 0.04398148148148148 0.03125
9 0.5504918981481481 0.8153935185185185 0.021701388888888888 0.01890432098765432
9 0.5671296296296297 0.7710262345679012 0.01678240740740741 0.005787037037037037
0 0.8120659722222222 0.6928047839506173 0.010127314814814815 0.007523148148148148
9 0.15870949074074073 0.7321566358024691 0.013599537037037037 0.009066358024691358
6 0.15625 0.7450810185185185 0.00636574074074074 0.007137345679012345
9 0.2131076388888889 0.8349729938271605 0.010127314814814815 0.008680555555555556
9 0.5183738425925926 0.27025462962962965 0.008391203703703705 0.005015432098765432
0 0.10228587962962964 0.6697530864197531 0.013599537037037037 0.008873456790123456
2 0.7332175925925926 0.7787422839506173 0.05150462962962963 0.02854938271604938
8 0.8200231481481481 0.7527006172839507 0.01678240740740741 0.013503086419753086
2 0.39742476851851855 0.5006751543209876 0.016493055555555556 0.014853395061728395
6 0.29325810185185186 0.47588734567901236 0.009548611111111112 0.007716049382716049
6 0.2554976851851852 0.4870756172839506 0.007523148148148148 0.004243827160493827
6 0.2495659722222222 0.48119212962962965 0.0078125 0.0036651234567901233
6 0.31785300925925924 0.5165895061728395 0.004918981481481482 0.004243827160493827
0 0.16493055555555555 0.5372299382716049 0.023726851851851853 0.016589506172839507
0 0.7481192129629629 0.6090856481481481 0.01244212962962963 0.005979938271604938
0 0.7910879629629629 0.6737075617283951 0.01678240740740741 0.012924382716049383
0 0.8210358796296297 0.5305748456790124 0.011284722222222222 0.005979938271604938
0 0.8201678240740741 0.5063657407407407 0.015335648148148149 0.008873456790123456
0 0.8405671296296297 0.5071373456790124 0.007523148148148148 0.0038580246913580245
0 0.8925057870370371 0.49932484567901236 0.006655092592592593 0.0055941358024691355
0 0.9282407407407407 0.5736882716049383 0.005787037037037037 0.007716049382716049
0 0.7637442129629629 0.5980902777777778 0.014756944444444444 0.007908950617283951
0 0.9230324074074074 0.33969907407407407 0.013310185185185185 0.03356481481481482
1 0.14076967592592593 0.21045524691358025 0.008969907407407407 0.006944444444444444
1 0.7949942129629629 0.21373456790123457 0.011284722222222222 0.008873456790123456
1 0.39916087962962965 0.4281442901234568 0.006655092592592593 0.004050925925925926
0 0.9033564814814815 0.5740740740740741 0.009837962962962963 0.007716049382716049
6 0.18287037037037038 0.6368634259259259 0.010416666666666666 0.007908950617283951
4 0.6032986111111112 0.4862075617283951 0.005787037037037037 0.004050925925925926
8 0.2769097222222222 0.20129243827160495 0.016203703703703703 0.010609567901234568
1 0.20732060185185186 0.24074074074074073 0.009548611111111112 0.004629629629629629
1 0.2612847222222222 0.13271604938271606 0.013310185185185185 0.005015432098765432
6 0.41478587962962965 0.23717206790123457 0.004918981481481482 0.0028935185185185184
1 0.6060474537037037 0.10474537037037036 0.01070601851851852 0.005401234567901234
1 0.7067418981481481 0.20987654320987653 0.007233796296296296 0.0038580246913580245
8 0.7702546296296297 0.2309027777777778 0.018518518518518517 0.009645061728395061
8 0.5662615740740741 0.3818479938271605 0.012152777777777778 0.007523148148148148
8 0.1177662037037037 0.48562885802469136 0.010416666666666666 0.006751543209876543
0 0.1150173611111111 0.6458333333333334 0.014178240740740741 0.008101851851851851
8 0.22511574074074073 0.6595293209876543 0.016203703703703703 0.009645061728395061
2 0.2857349537037037 0.7928240740740741 0.037905092592592594 0.016203703703703703
2 0.3602430555555556 0.7724729938271605 0.014467592592592593 0.0055941358024691355
9 0.39076967592592593 0.7576195987654321 0.007233796296296296 0.0055941358024691355
8 0.5299479166666666 0.7933063271604939 0.015914351851851853 0.008680555555555556
8 0.5493344907407407 0.8364197530864198 0.021701388888888888 0.013117283950617283
8 0.6167534722222222 0.8323688271604939 0.018229166666666668 0.011574074074074073
8 0.6017071759259259 0.8405671296296297 0.0234375 0.011381172839506173
8 0.9075520833333334 0.7143132716049383 0.011863425925925927 0.015817901234567902
8 0.8887442129629629 0.683641975308642 0.01880787037037037 0.02199074074074074
8 0.8482349537037037 0.7600308641975309 0.011284722222222222 0.014660493827160493
0 0.8100405092592593 0.6612654320987654 0.01765046296296296 0.011574074074074073
8 0.6765046296296297 0.6846064814814815 0.01678240740740741 0.011959876543209876
0 0.7633101851851852 0.6294367283950617 0.019675925925925927 0.007716049382716049
0 0.7964409722222222 0.5709876543209876 0.008391203703703705 0.005787037037037037
6 0.48582175925925924 0.4925733024691358 0.00636574074074074 0.003279320987654321
8 0.19632523148148148 0.25752314814814814 0.011863425925925927 0.006558641975308642
0 0.24537037037037038 0.2751736111111111 0.008101851851851851 0.005208333333333333
1 0.2556423611111111 0.1166087962962963 0.008391203703703705 0.005208333333333333
1 0.20384837962962962 0.11014660493827161 0.008969907407407407 0.005015432098765432
1 0.32392939814814814 0.1032986111111111 0.010127314814814815 0.004050925925925926
1 0.30049189814814814 0.1545138888888889 0.007233796296296296 0.006944444444444444
1 0.31640625 0.12876157407407407 0.010127314814814815 0.004436728395061728
1 0.3828125 0.15046296296296297 0.007523148148148148 0.005015432098765432
1 0.5487557870370371 0.1802662037037037 0.004340277777777778 0.0036651234567901233
1 0.6831597222222222 0.13155864197530864 0.008101851851851851 0.006558641975308642
1 0.6630497685185185 0.13763503086419754 0.011863425925925927 0.007908950617283951
1 0.6588541666666666 0.1736111111111111 0.011574074074074073 0.005787037037037037
1 0.8645833333333334 0.25925925925925924 0.008680555555555556 0.006558641975308642
0 0.8122106481481481 0.5321180555555556 0.012152777777777778 0.007523148148148148
0 0.8078703703703703 0.5177469135802469 0.009259259259259259 0.007716049382716049
0 0.7753182870370371 0.5206404320987654 0.018229166666666668 0.010802469135802469
0 0.8274016203703703 0.5624035493827161 0.011284722222222222 0.008294753086419753
0 0.7528935185185185 0.5940393518518519 0.010416666666666666 0.007137345679012345
0 0.7414641203703703 0.6144868827160493 0.008391203703703705 0.005208333333333333
0 0.7899305555555556 0.6185378086419753 0.015625 0.0055941358024691355
0 0.8899016203703703 0.5526620370370371 0.006076388888888889 0.006172839506172839
0 0.8831018518518519 0.5730131172839507 0.00636574074074074 0.007908950617283951
0 0.8819444444444444 0.5580632716049383 0.009259259259259259 0.011188271604938271
0 0.8376736111111112 0.6284722222222222 0.016203703703703703 0.016975308641975308
0 0.8098958333333334 0.6368634259259259 0.008680555555555556 0.006751543209876543
5 0.8391203703703703 0.7072723765432098 0.04050925925925926 0.03568672839506173
8 0.8839699074074074 0.7619598765432098 0.017361111111111112 0.017746913580246913
8 0.8868634259259259 0.7804783950617284 0.01678240740740741 0.017746913580246913
8 0.7222222222222222 0.8341049382716049 0.02199074074074074 0.014660493827160493
8 0.7197627314814815 0.857445987654321 0.019965277777777776 0.016203703703703703
8 0.7708333333333334 0.8506944444444444 0.010416666666666666 0.009645061728395061
8 0.30888310185185186 0.7428626543209876 0.011863425925925927 0.011574074074074073
2 0.29716435185185186 0.8149112654320988 0.02662037037037037 0.014853395061728395
2 0.2896412037037037 0.8336226851851852 0.031828703703703706 0.016010802469135804
2 0.3198784722222222 0.7693865740740741 0.04716435185185185 0.027199074074074073
0 0.1957465277777778 0.6540316358024691 0.008391203703703705 0.00636574074074074
0 0.19618055555555555 0.6086033950617284 0.014467592592592593 0.010416666666666666
0 0.15133101851851852 0.6577932098765432 0.009837962962962963 0.008487654320987654
0 0.24840856481481483 0.5453317901234568 0.013599537037037037 0.010030864197530864
0 0.19936342592592593 0.5652006172839507 0.013888888888888888 0.009259259259259259
0 0.20804398148148148 0.6378279320987654 0.037037037037037035 0.013695987654320988
1 0.5885416666666666 0.4279513888888889 0.006944444444444444 0.004822530864197531
1 0.6290509259259259 0.48726851851851855 0.008101851851851851 0.005015432098765432
0 0.6883680555555556 0.513695987654321 0.009259259259259259 0.0073302469135802465
1 0.16565393518518517 0.203125 0.0078125 0.005787037037037037
1 0.1584201388888889 0.2439236111111111 0.007233796296296296 0.0055941358024691355
1 0.7353877314814815 0.13310185185185186 0.008391203703703705 0.005015432098765432
1 0.7783564814814815 0.2103587962962963 0.011574074074074073 0.007137345679012345
5 0.66015625 0.8018904320987654 0.040219907407407406 0.027777777777777776
0 0.6412037037037037 0.6813271604938271 0.011574074074074073 0.0073302469135802465
8 0.08506944444444445 0.7306134259259259 0.01273148148148148 0.011766975308641976
8 0.9030671296296297 0.49508101851851855 0.015625 0.009066358024691358
8 0.18258101851851852 0.7127700617283951 0.012152777777777778 0.0073302469135802465
1 0.40205439814814814 0.41984953703703703 0.005497685185185185 0.003279320987654321
