9 0.07642111368909513 0.32510869565217393 0.006670533642691415 0.008043478260869565
8 0.28306264501160094 0.10282608695652173 0.011020881670533642 0.00826086956521739
8 0.2782772621809745 0.15467391304347827 0.010150812064965197 0.007608695652173913
4 0.07149071925754061 0.5457608695652174 0.010730858468677494 0.015434782608695652
4 0.05698955916473318 0.5482608695652174 0.010150812064965197 0.014347826086956521
4 0.13979118329466358 0.47130434782608693 0.016821345707656612 0.00782608695652174
0 0.6416763341067285 0.6916304347826087 0.018271461716937356 0.02717391304347826
6 0.3490429234338747 0.6773913043478261 0.007830626450116009 0.00608695652173913
6 0.32308584686774944 0.6818478260869565 0.0075406032482598605 0.004565217391304348
6 0.3119199535962877 0.6889130434782609 0.006090487238979118 0.004347826086956522
6 0.3333816705336427 0.6891304347826087 0.006670533642691415 0.004347826086956522
6 0.35730858468677495 0.6897826086956522 0.0069605568445475635 0.004347826086956522
6 0.6496519721577726 0.6839130434782609 0.004060324825986079 0.0034782608695652175
6 0.6850348027842227 0.7022826086956522 0.0063805104408352666 0.0036956521739130435
4 0.9169083526682135 0.5796739130434783 0.0095707656612529 0.011956521739130435
8 0.7855278422273781 0.6801086956521739 0.01537122969837587 0.011521739130434782
1 0.666038283062645 0.13119565217391305 0.008990719257540603 0.006739130434782609
1 0.6767691415313225 0.12380434782608696 0.007830626450116009 0.005869565217391304
1 0.3004640371229698 0.12532608695652173 0.0063805104408352666 0.005
4 0.42270881670533644 0.4746739130434783 0.008410672853828306 0.005869565217391304
3 0.2917633410672854 0.4920652173913043 0.020301624129930394 0.008913043478260869
1 0.08816705336426914 0.4539130434782609 0.008120649651972157 0.004782608695652174
6 0.4448955916473318 0.9001086956521739 0.008120649651972157 0.006304347826086957
0 0.8620939675174014 0.6276086956521739 0.010730858468677494 0.01
0 0.8863109048723898 0.6381521739130435 0.009280742459396751 0.007173913043478261
0 0.861368909512761 0.6768478260869565 0.008700696055684454 0.008478260869565218
0 0.8285962877030162 0.6864130434782608 0.011020881670533642 0.006304347826086957
0 0.16748839907192575 0.6031521739130434 0.02349187935034803 0.012826086956521739
0 0.2560904872389791 0.601195652173913 0.014501160092807424 0.008478260869565218
8 0.14109628770301624 0.5201086956521739 0.0095707656612529 0.008913043478260869
0 0.4332946635730858 0.16923913043478261 0.011020881670533642 0.006739130434782609
6 0.7647911832946636 0.06695652173913043 0.009280742459396751 0.006956521739130435
1 0.3225058004640371 0.20608695652173914 0.012761020881670533 0.010869565217391304
1 0.4340197215777262 0.03271739130434782 0.006090487238979118 0.0036956521739130435
0 0.6292053364269141 0.12065217391304348 0.006090487238979118 0.00608695652173913
6 0.7035962877030162 0.11619565217391305 0.0063805104408352666 0.005
1 0.8465777262180975 0.15489130434782608 0.008700696055684454 0.007173913043478261
3 0.9015371229698376 0.41097826086956524 0.007830626450116009 0.006739130434782609
3 0.8544083526682135 0.4584782608695652 0.029002320185614848 0.026956521739130435
3 0.8075696055684455 0.47934782608695653 0.012470997679814385 0.01
3 0.8897911832946636 0.4606521739130435 0.010440835266821345 0.009565217391304347
3 0.9135730858468677 0.47152173913043477 0.03248259860788863 0.035217391304347825
3 0.859483758700696 0.5230434782608696 0.14298143851508122 0.10608695652173913
3 0.08178654292343387 0.48739130434782607 0.09918793503480279 0.08304347826086957
1 0.4053074245939675 0.9101086956521739 0.010150812064965197 0.008043478260869565
1 0.2782772621809745 0.7275 0.010150812064965197 0.007173913043478261
2 0.41966357308584684 0.884891304347826 0.031322505800464036 0.015869565217391305
0 0.8232308584686775 0.6109782608695652 0.022331786542923435 0.020217391304347826
2 0.39660672853828305 0.5389130434782609 0.01769141531322506 0.01565217391304348
6 0.2926334106728538 0.5370652173913043 0.004640371229698376 0.004130434782608695
6 0.19736078886310904 0.5535869565217392 0.007830626450116009 0.005869565217391304
8 0.6489269141531323 0.5284782608695652 0.007250580046403712 0.005652173913043478
6 0.6743039443155452 0.5395652173913044 0.005220417633410673 0.004347826086956522
6 0.627030162412993 0.5335869565217392 0.004060324825986079 0.003260869565217391
6 0.7017111368909513 0.5614130434782608 0.0037703016241299302 0.003260869565217391
6 0.6705336426914154 0.5670652173913043 0.004640371229698376 0.0036956521739130435
6 0.38761600928074247 0.17989130434782608 0.005510440835266821 0.004565217391304348
6 0.7501450116009281 0.2266304347826087 0.005510440835266821 0.004565217391304348
1 0.7834976798143851 0.6380434782608696 0.007250580046403712 0.0052173913043478265
1 0.24289443155452436 0.205 0.006670533642691415 0.006521739130434782
6 0.6793793503480279 0.13032608695652173 0.006670533642691415 0.004130434782608695
1 0.7224477958236659 0.1927173913043478 0.008120649651972157 0.005
1 0.7544953596287703 0.17347826086956522 0.005510440835266821 0.0052173913043478265
8 0.8870359628770301 0.3468478260869565 0.01131090487238979 0.009347826086956522
1 0.6634280742459396 0.5208695652173913 0.004930394431554524 0.00391304347826087
1 0.7025812064965197 0.5392391304347826 0.010150812064965197 0.006739130434782609
1 0.7307134570765661 0.5330434782608696 0.007830626450116009 0.0052173913043478265
0 0.7552204176334106 0.5838043478260869 0.01334106728538283 0.007608695652173913
0 0.7805974477958236 0.5933695652173913 0.012470997679814385 0.008043478260869565
1 0.7004060324825986 0.7778260869565218 0.0063805104408352666 0.00391304347826087
2 0.580191415313225 0.876195652173913 0.008990719257540603 0.008043478260869565
1 0.5593097447795824 0.9017391304347826 0.004350348027842227 0.003043478260869565
6 0.50377030162413 0.5295652173913044 0.0069605568445475635 0.004782608695652174
6 0.5005800464037123 0.5445652173913044 0.008120649651972157 0.004347826086956522
0 0.39718677494199534 0.1981521739130435 0.01131090487238979 0.008043478260869565
0 0.37137470997679817 0.2125 0.008990719257540603 0.007173913043478261
1 0.5426334106728539 0.09380434782608696 0.009280742459396751 0.005
8 0.714907192575406 0.10565217391304348 0.01160092807424594 0.010434782608695653
1 0.7824825986078886 0.29206521739130437 0.01334106728538283 0.007173913043478261
0 0.8937064965197216 0.6644565217391304 0.006670533642691415 0.008043478260869565
0 0.8971867749419954 0.596304347826087 0.007250580046403712 0.01391304347826087
8 0.9089327146171694 0.6176086956521739 0.009860788863109048 0.009130434782608696
7 0.6258700696055685 0.8980434782608696 0.005220417633410673 0.00391304347826087
1 0.48491879350348027 0.8642391304347826 0.0063805104408352666 0.004565217391304348
0 0.20693155452436196 0.7107608695652174 0.011890951276102088 0.004130434782608695
0 0.154292343387471 0.6630434782608695 0.009860788863109048 0.007391304347826087
0 0.1368909512761021 0.6244565217391305 0.016241299303944315 0.009782608695652175
6 0.4683874709976798 0.5165217391304348 0.0069605568445475635 0.0052173913043478265
6 0.43662993039443154 0.37 0.006090487238979118 0.0034782608695652175
6 0.48970417633410673 0.39554347826086955 0.005510440835266821 0.0036956521739130435
1 0.32671113689095127 0.17195652173913042 0.008990719257540603 0.006956521739130435
1 0.7839327146171694 0.1516304347826087 0.0063805104408352666 0.006304347826086957
1 0.771461716937355 0.15 0.00580046403712297 0.0052173913043478265
1 0.7769721577726219 0.5452173913043479 0.01160092807424594 0.00782608695652174
1 0.8335266821345708 0.5647826086956522 0.012180974477958236 0.013043478260869565
0 0.8654292343387471 0.6928260869565217 0.011020881670533642 0.010434782608695653
1 0.2668213457076566 0.7480434782608696 0.009860788863109048 0.00608695652173913
0 0.22143271461716937 0.6041304347826087 0.010730858468677494 0.008695652173913044
0 0.150377030162413 0.5470652173913043 0.014791183294663572 0.012391304347826086
0 0.10629350348027843 0.5778260869565217 0.004930394431554524 0.004782608695652174
0 0.06830046403712298 0.6465217391304348 0.007830626450116009 0.018695652173913044
0 0.7737819025522041 0.721304347826087 0.014501160092807424 0.009130434782608696
0 0.6219547563805105 0.22728260869565217 0.006670533642691415 0.006304347826086957
