0 0.9376446759259259 0.27131558641975306 0.01765046296296296 0.03838734567901234
0 0.9578993055555556 0.2880979938271605 0.01244212962962963 0.027199074074074073
0 0.9609375 0.3023726851851852 0.006944444444444444 0.012924382716049383
0 0.9626736111111112 0.3263888888888889 0.013888888888888888 0.03510802469135803
0 0.9441550925925926 0.34837962962962965 0.01273148148148148 0.019675925925925927
0 0.9309895833333334 0.29542824074074076 0.015914351851851853 0.022183641975308643
9 0.8755787037037037 0.4521604938271605 0.008101851851851851 0.005015432098765432
6 0.8062789351851852 0.486304012345679 0.004918981481481482 0.003472222222222222
6 0.7245370370370371 0.5241126543209876 0.005208333333333333 0.004629629629629629
6 0.7092013888888888 0.5130208333333334 0.004050925925925926 0.004050925925925926
0 0.7232349537037037 0.5388695987654321 0.009548611111111112 0.00636574074074074
0 0.7139756944444444 0.5696373456790124 0.01880787037037037 0.011959876543209876
0 0.7440682870370371 0.6032021604938271 0.018229166666666668 0.013888888888888888
8 0.8072916666666666 0.5789930555555556 0.00636574074074074 0.005979938271604938
0 0.7987557870370371 0.5817901234567902 0.008969907407407407 0.008487654320987654
0 0.7890625 0.5992476851851852 0.03125 0.030285493827160493
0 0.8638599537037037 0.5805362654320988 0.028645833333333332 0.033371913580246916
0 0.8078703703703703 0.6136188271604939 0.016203703703703703 0.010030864197530864
9 0.8660300925925926 0.6806520061728395 0.020833333333333332 0.017554012345679014
0 0.7751736111111112 0.6513310185185185 0.013888888888888888 0.009837962962962963
0 0.76953125 0.6604938271604939 0.006655092592592593 0.005401234567901234
8 0.7644675925925926 0.6575038580246914 0.004629629629629629 0.004050925925925926
0 0.6059027777777778 0.07445987654320987 0.07291666666666667 0.01890432098765432
5 0.9186921296296297 0.14988425925925927 0.027777777777777776 0.03202160493827161
1 0.8074363425925926 0.12798996913580246 0.0078125 0.005979938271604938
8 0.9221643518518519 0.12345679012345678 0.009259259259259259 0.008873456790123456
8 0.8980034722222222 0.11043595679012345 0.0078125 0.0055941358024691355
8 0.8888888888888888 0.11487268518518519 0.006944444444444444 0.00636574074074074
0 0.9123263888888888 0.24305555555555555 0.015046296296296295 0.033179012345679014
9 0.9292534722222222 0.2222222222222222 0.004340277777777778 0.005401234567901234
8 0.8618344907407407 0.1970486111111111 0.005497685185185185 0.005208333333333333
0 0.8825231481481481 0.2117091049382716 0.019675925925925927 0.03877314814814815
6 0.5813078703703703 0.22337962962962962 0.0028935185185185184 0.0030864197530864196
6 0.47554976851851855 0.22935956790123457 0.004340277777777778 0.003472222222222222
6 0.4830729166666667 0.22762345679012347 0.005497685185185185 0.0030864197530864196
6 0.5052083333333334 0.22472993827160495 0.004050925925925926 0.0038580246913580245
0 0.5147569444444444 0.1720679012345679 0.010416666666666666 0.010416666666666666
0 0.5260416666666666 0.17409336419753085 0.008680555555555556 0.00636574074074074
0 0.5299479166666666 0.18991126543209877 0.004918981481481482 0.007523148148148148
0 0.6083622685185185 0.21768904320987653 0.04137731481481482 0.02025462962962963
0 0.5811631944444444 0.23582175925925927 0.04369212962962963 0.025270061728395063
8 0.34751157407407407 0.21846064814814814 0.004629629629629629 0.007908950617283951
0 0.48032407407407407 0.31712962962962965 0.010416666666666666 0.037037037037037035
0 0.49421296296296297 0.3038194444444444 0.009259259259259259 0.021604938271604937
0 0.5319733796296297 0.3549382716049383 0.0078125 0.02199074074074074
6 0.5231481481481481 0.3621720679012346 0.005787037037037037 0.004050925925925926
6 0.5413773148148148 0.37393904320987653 0.004050925925925926 0.004822530864197531
0 0.5535300925925926 0.3591820987654321 0.01099537037037037 0.015817901234567902
0 0.5653935185185185 0.36236496913580246 0.013888888888888888 0.013310185185185185
0 0.5201099537037037 0.34056712962962965 0.007233796296296296 0.010609567901234568
0 0.54296875 0.3433641975308642 0.018229166666666668 0.013888888888888888
0 0.5010127314814815 0.3326581790123457 0.015914351851851853 0.005979938271604938
0 0.42173032407407407 0.3662229938271605 0.010127314814814815 0.015239197530864198
0 0.4422743055555556 0.3488618827160494 0.021701388888888888 0.017939814814814815
0 0.7379918981481481 0.18152006172839505 0.014756944444444444 0.008873456790123456
0 0.06901041666666667 0.4216820987654321 0.006655092592592593 0.005401234567901234
9 0.10821759259259259 0.39033564814814814 0.005208333333333333 0.004050925925925926
0 0.07682291666666667 0.36178626543209874 0.03211805555555555 0.03607253086419753
9 0.04267939814814815 0.5313464506172839 0.009548611111111112 0.00945216049382716
9 0.0658275462962963 0.5134066358024691 0.011863425925925927 0.012924382716049383
0 0.08391203703703703 0.44579475308641975 0.008680555555555556 0.010030864197530864
0 0.23857060185185186 0.5416666666666666 0.01765046296296296 0.013503086419753086
0 0.28153935185185186 0.5119598765432098 0.02141203703703704 0.018132716049382717
0 0.27372685185185186 0.5296103395061729 0.019097222222222224 0.012924382716049383
6 0.26461226851851855 0.5518904320987654 0.005497685185185185 0.004629629629629629
0 0.3328993055555556 0.5260416666666666 0.008969907407407407 0.0073302469135802465
0 0.2332175925925926 0.5941358024691358 0.019675925925925927 0.018518518518518517
6 0.28804976851851855 0.5569058641975309 0.004918981481481482 0.005015432098765432
0 0.31495949074074076 0.5472608024691358 0.013020833333333334 0.010030864197530864
0 0.3062789351851852 0.5611496913580247 0.008969907407407407 0.011574074074074073
0 0.3219039351851852 0.529320987654321 0.006655092592592593 0.008487654320987654
3 0.3159722222222222 0.46141975308641975 0.013888888888888888 0.009645061728395061
6 0.33622685185185186 0.4728973765432099 0.004629629629629629 0.004436728395061728
6 0.17086226851851852 0.5402199074074074 0.005497685185185185 0.0036651234567901233
0 0.19560185185185186 0.5702160493827161 0.018518518518518517 0.011188271604938271
0 0.1607349537037037 0.5901813271604939 0.044270833333333336 0.03607253086419753
0 0.12022569444444445 0.5784143518518519 0.03269675925925926 0.036458333333333336
0 0.13975694444444445 0.607445987654321 0.008101851851851851 0.008101851851851851
0 0.15379050925925927 0.652295524691358 0.04832175925925926 0.05844907407407408
0 0.140625 0.6751543209876543 0.008680555555555556 0.013117283950617283
0 0.07696759259259259 0.6384066358024691 0.013888888888888888 0.02334104938271605
0 0.09346064814814815 0.6779513888888888 0.03125 0.04301697530864197
6 0.7306134259259259 0.5749421296296297 0.004050925925925926 0.0036651234567901233
0 0.7611400462962963 0.5758101851851852 0.024016203703703703 0.019675925925925927
0 0.7275752314814815 0.5848765432098766 0.008391203703703705 0.006172839506172839
0 0.6902488425925926 0.5602816358024691 0.013599537037037037 0.016396604938271605
0 0.5357349537037037 0.5623070987654321 0.010127314814814815 0.007716049382716049
9 0.44140625 0.558641975308642 0.021701388888888888 0.013117283950617283
9 0.4131944444444444 0.6797839506172839 0.008101851851851851 0.006944444444444444
0 0.2365451388888889 0.6399498456790124 0.011863425925925927 0.00636574074074074
0 0.2690972222222222 0.6154513888888888 0.010416666666666666 0.008294753086419753
0 0.22902199074074073 0.8180941358024691 0.055844907407407406 0.0470679012345679
0 0.35546875 0.6635802469135802 0.007233796296296296 0.008101851851851851
1 0.35185185185185186 0.7016782407407407 0.00636574074074074 0.003279320987654321
0 0.27806712962962965 0.7169174382716049 0.005787037037037037 0.010609567901234568
8 0.36255787037037035 0.6223958333333334 0.01099537037037037 0.0055941358024691355
9 0.3968460648148148 0.6277006172839507 0.006655092592592593 0.006172839506172839
8 0.4017650462962963 0.6427469135802469 0.015335648148148149 0.009259259259259259
0 0.4283854166666667 0.6349344135802469 0.010127314814814815 0.007523148148148148
0 0.20066550925925927 0.5955825617283951 0.014178240740740741 0.016396604938271605
0 0.27488425925925924 0.5426311728395061 0.006944444444444444 0.005015432098765432
0 0.296875 0.5459104938271605 0.010416666666666666 0.010802469135802469
0 0.17881944444444445 0.765625 0.03993055555555555 0.04822530864197531
0 0.2287326388888889 0.785204475308642 0.018229166666666668 0.02642746913580247
0 0.1640625 0.7197145061728395 0.018518518518518517 0.025848765432098766
0 0.1941550925925926 0.47588734567901236 0.020833333333333332 0.013888888888888888
0 0.05859375 0.5688657407407407 0.026331018518518517 0.05478395061728395
0 0.1349826388888889 0.7356288580246914 0.026909722222222224 0.026813271604938273
2 0.4817708333333333 0.8223379629629629 0.04050925925925926 0.019290123456790122
2 0.5318287037037037 0.8057484567901234 0.027777777777777776 0.008873456790123456
2 0.5529513888888888 0.8201195987654321 0.029513888888888888 0.008680555555555556
8 0.6184895833333334 0.824266975308642 0.005497685185185185 0.005015432098765432
8 0.6044560185185185 0.8345871913580247 0.009259259259259259 0.005979938271604938
4 0.6863425925925926 0.8478009259259259 0.00636574074074074 0.005401234567901234
1 0.73046875 0.7895447530864198 0.006076388888888889 0.003472222222222222
1 0.7552083333333334 0.7645640432098766 0.009837962962962963 0.004822530864197531
5 0.8232060185185185 0.7900270061728395 0.03935185185185185 0.06462191358024691
0 0.8606770833333334 0.7209683641975309 0.026909722222222224 0.04301697530864197
0 0.8287037037037037 0.6859567901234568 0.01678240740740741 0.04128086419753087
0 0.8219039351851852 0.6688850308641975 0.006076388888888889 0.004436728395061728
0 0.7965856481481481 0.6281828703703703 0.03993055555555555 0.014853395061728395
0 0.8735532407407407 0.5992476851851852 0.024305555555555556 0.03915895061728395
0 0.8375289351851852 0.6222993827160493 0.016493055555555556 0.018132716049382717
0 0.8394097222222222 0.5945216049382716 0.00636574074074074 0.005401234567901234
0 0.8094618055555556 0.6004050925925926 0.004918981481481482 0.0036651234567901233
0 0.7705439814814815 0.5971257716049383 0.006944444444444444 0.005208333333333333
0 0.80859375 0.5690586419753086 0.01244212962962963 0.013117283950617283
0 0.8135127314814815 0.5620177469135802 0.011284722222222222 0.01253858024691358
0 0.8414351851851852 0.5297067901234568 0.009259259259259259 0.007716049382716049
0 0.9490740740740741 0.46981095679012347 0.04282407407407408 0.05922067901234568
0 0.9680266203703703 0.490258487654321 0.01707175925925926 0.03877314814814815
0 0.9817708333333334 0.3521412037037037 0.006944444444444444 0.03684413580246913
0 0.9798900462962963 0.27989969135802467 0.008969907407407407 0.047453703703703706
0 0.9447337962962963 0.24093364197530864 0.011574074074074073 0.030478395061728395
0 0.9140625 0.6355131172839507 0.05555555555555555 0.06500771604938271
0 0.9369212962962963 0.652295524691358 0.015046296296296295 0.03915895061728395
0 0.9602141203703703 0.5212191358024691 0.044849537037037035 0.037037037037037035
0 0.9510995370370371 0.5595100308641975 0.02662037037037037 0.02334104938271605
0 0.5112847222222222 0.49344135802469136 0.01273148148148148 0.005401234567901234
0 0.4618055555555556 0.47800925925925924 0.023726851851851853 0.015046296296296295
0 0.44386574074074076 0.5346257716049383 0.02199074074074074 0.013695987654320988
6 0.44994212962962965 0.37008101851851855 0.005787037037037037 0.004436728395061728
2 0.1495949074074074 0.10281635802469136 0.04861111111111111 0.06674382716049383
2 0.2076099537037037 0.2261766975308642 0.06336805555555555 0.04031635802469136
8 0.6524884259259259 0.6261574074074074 0.011574074074074073 0.008101851851851851
0 0.7740162037037037 0.8212770061728395 0.028935185185185185 0.03530092592592592
6 0.5335648148148148 0.8655478395061729 0.006944444444444444 0.005401234567901234
6 0.5108506944444444 0.8552276234567902 0.005497685185185185 0.004436728395061728
6 0.5439814814814815 0.8324652777777778 0.006944444444444444 0.004050925925925926
4 0.26200810185185186 0.785108024691358 0.005497685185185185 0.005015432098765432
0 0.8059895833333334 0.7552083333333334 0.019965277777777776 0.011188271604938271
0 0.6465567129629629 0.701195987654321 0.009548611111111112 0.008101851851851851
0 0.6997974537037037 0.6880787037037037 0.007233796296296296 0.007716049382716049
0 0.6967592592592593 0.7035108024691358 0.011574074074074073 0.013117283950617283
6 0.13671875 0.5238233024691358 0.004918981481481482 0.004436728395061728
6 0.12745949074074073 0.5370370370370371 0.006076388888888889 0.004629629629629629
6 0.1808449074074074 0.5184220679012346 0.008101851851851851 0.004436728395061728
0 0.058159722222222224 0.43643904320987653 0.02025462962962963 0.017939814814814815
6 0.5594618055555556 0.04851466049382716 0.013020833333333334 0.005979938271604938
6 0.5789930555555556 0.04436728395061729 0.008101851851851851 0.0038580246913580245
9 0.90625 0.3464506172839506 0.013310185185185185 0.010030864197530864
0 0.7028356481481481 0.5350115740740741 0.017361111111111112 0.007908950617283951
0 0.8206018518518519 0.5462962962962963 0.02141203703703704 0.02546296296296296
0 0.2365451388888889 0.7608989197530864 0.01880787037037037 0.022955246913580248
0 0.43735532407407407 0.09645061728395062 0.03153935185185185 0.006558641975308642
0 0.42433449074074076 0.08825231481481481 0.016493055555555556 0.00636574074074074
0 0.6216724537037037 0.17708333333333334 0.018229166666666668 0.009645061728395061
6 0.6005497685185185 0.17505787037037038 0.004918981481481482 0.003279320987654321
5 0.8567708333333334 0.6773726851851852 0.04861111111111111 0.05343364197530864
0 0.6260127314814815 0.45929783950617287 0.004918981481481482 0.006944444444444444
0 0.6231192129629629 0.4704861111111111 0.004918981481481482 0.005015432098765432
5 0.8239293981481481 0.6490162037037037 0.06568287037037036 0.030285493827160493
0 0.43995949074074076 0.1867283950617284 0.01880787037037037 0.022762345679012346
6 0.5509259259259259 0.21720679012345678 0.007523148148148148 0.004629629629629629
8 0.6848958333333334 0.19791666666666666 0.026041666666666668 0.015432098765432098
6 0.8019386574074074 0.12770061728395063 0.006076388888888889 0.005015432098765432
0 0.9241898148148148 0.5652970679012346 0.009837962962962963 0.007523148148148148
2 0.6297743055555556 0.8445216049382716 0.018229166666666668 0.01427469135802469
2 0.6317997685185185 0.8612075617283951 0.019965277777777776 0.008294753086419753
2 0.6537905092592593 0.857445987654321 0.01765046296296296 0.009645061728395061
2 0.4330150462962963 0.8501157407407407 0.015335648148148149 0.011188271604938271
5 0.10228587962962964 0.6340663580246914 0.02228009259259259 0.017361111111111112
0 0.24681712962962962 0.6087962962962963 0.008101851851851851 0.004629629629629629
0 0.5980902777777778 0.6775655864197531 0.008680555555555556 0.004822530864197531
0 0.3780381944444444 0.15634645061728394 0.008391203703703705 0.00945216049382716
0 0.33203125 0.1467013888888889 0.014756944444444444 0.008680555555555556
6 0.6487268518518519 0.13763503086419754 0.005787037037037037 0.004050925925925926
0 0.6186342592592593 0.23813657407407407 0.015046296296296295 0.02025462962962963
1 0.5928819444444444 0.3612075617283951 0.008680555555555556 0.0055941358024691355
2 0.20052083333333334 0.652295524691358 0.028935185185185185 0.015239197530864198
0 0.19849537037037038 0.6616512345679012 0.037037037037037035 0.01273148148148148
8 0.16247106481481483 0.6677276234567902 0.009548611111111112 0.00636574074074074
0 0.8415798611111112 0.5672260802469136 0.004340277777777778 0.007137345679012345
0 0.7884837962962963 0.5655864197530864 0.008101851851851851 0.006558641975308642
0 0.5335648148148148 0.5869984567901234 0.008680555555555556 0.006558641975308642
0 0.5189525462962963 0.2006172839506173 0.010127314814814815 0.006558641975308642
8 0.7925347222222222 0.20341435185185186 0.02141203703703704 0.012924382716049383
8 0.8125 0.1996527777777778 0.012152777777777778 0.007716049382716049
8 0.9246238425925926 0.6765046296296297 0.01244212962962963 0.009645061728395061
0 0.2935474537037037 0.7642746913580247 0.008969907407407407 0.010030864197530864
0 0.09519675925925926 0.5916280864197531 0.019097222222222224 0.01890432098765432
0 0.09809027777777778 0.5839120370370371 0.013310185185185185 0.016975308641975308
0 0.07928240740740741 0.572241512345679 0.013310185185185185 0.020640432098765434
0 0.07392939814814815 0.6100501543209876 0.01707175925925926 0.024112654320987654
0 0.5386284722222222 0.5032793209876543 0.005497685185185185 0.008101851851851851
6 0.5135995370370371 0.5311535493827161 0.006944444444444444 0.004050925925925926