4 0.19388051044083526 0.32217391304347825 0.008410672853828306 0.00782608695652174
4 0.4205336426914153 0.31173913043478263 0.012180974477958236 0.00782608695652174
4 0.8823955916473318 0.535 0.006670533642691415 0.006521739130434782
4 0.8693445475638051 0.49880434782608696 0.007830626450116009 0.007608695652173913
1 0.8916763341067285 0.5143478260869565 0.006670533642691415 0.006956521739130435
8 0.8744199535962877 0.25217391304347825 0.010440835266821345 0.01
8 0.9227088167053364 0.32282608695652176 0.01131090487238979 0.00782608695652174
0 0.9261890951276102 0.5129347826086956 0.014791183294663572 0.035434782608695654
8 0.9251740139211136 0.5688043478260869 0.0063805104408352666 0.013695652173913043
8 0.910092807424594 0.5533695652173913 0.01160092807424594 0.009347826086956522
8 0.8961716937354989 0.587391304347826 0.0069605568445475635 0.00782608695652174
8 0.8922563805104409 0.6206521739130435 0.008410672853828306 0.01217391304347826
9 0.7758120649651972 0.6415217391304348 0.021461716937354988 0.01217391304347826
1 0.36006380510440833 0.7867391304347826 0.010730858468677494 0.00782608695652174
8 0.7434744779582366 0.8639130434782609 0.016531322505800465 0.013043478260869565
8 0.6102088167053364 0.8595652173913043 0.013921113689095127 0.013043478260869565
4 0.26783642691415316 0.8416304347826087 0.007830626450116009 0.005869565217391304
4 0.21331206496519722 0.826304347826087 0.01131090487238979 0.014347826086956521
0 0.17662412993039442 0.6623913043478261 0.012180974477958236 0.011739130434782608
0 0.26827146171693733 0.7093478260869566 0.020301624129930394 0.01565217391304348
8 0.49521461716937354 0.6389130434782608 0.017111368909512762 0.011739130434782608
1 0.5303074245939675 0.6573913043478261 0.014211136890951276 0.009565217391304347
0 0.4572215777262181 0.6116304347826087 0.016531322505800465 0.015869565217391305
1 0.11223897911832946 0.605 0.0063805104408352666 0.006521739130434782
1 0.14109628770301624 0.6403260869565217 0.007830626450116009 0.004565217391304348
8 0.24303944315545242 0.7219565217391304 0.012761020881670533 0.008695652173913044
8 0.25928074245939675 0.733804347826087 0.011020881670533642 0.007173913043478261
8 0.27610208816705334 0.7291304347826087 0.012180974477958236 0.008695652173913044
0 0.26537122969837584 0.7256521739130435 0.013921113689095127 0.016956521739130436
8 0.66792343387471 0.6165217391304347 0.009860788863109048 0.008695652173913044
1 0.3703596287703016 0.3423913043478261 0.008700696055684454 0.005652173913043478
1 0.3732598607888631 0.3532608695652174 0.008700696055684454 0.00608695652173913
1 0.3783352668213457 0.36380434782608695 0.004350348027842227 0.003260869565217391
9 0.16183294663573086 0.32913043478260867 0.008700696055684454 0.007391304347826087
8 0.46795243619489557 0.34195652173913044 0.013051044083526682 0.009565217391304347
8 0.4753480278422274 0.31217391304347825 0.013921113689095127 0.010434782608695653
9 0.5806264501160093 0.2897826086956522 0.033642691415313224 0.023043478260869565
8 0.5298723897911833 0.3275 0.01160092807424594 0.007173913043478261
8 0.6753190255220418 0.17347826086956522 0.01537122969837587 0.008695652173913044
8 0.7241879350348028 0.18793478260869564 0.011020881670533642 0.007608695652173913
6 0.6647331786542924 0.25565217391304346 0.008700696055684454 0.00608695652173913
1 0.6864849187935035 0.25967391304347825 0.011020881670533642 0.008043478260869565
9 0.45069605568445475 0.48130434782608694 0.009280742459396751 0.007391304347826087
1 0.5630800464037123 0.4716304347826087 0.010150812064965197 0.008478260869565218
1 0.5426334106728539 0.47293478260869565 0.008120649651972157 0.008043478260869565
1 0.6880800464037123 0.6054347826086957 0.006670533642691415 0.0052173913043478265
1 0.6683584686774942 0.5964130434782609 0.005510440835266821 0.004130434782608695
1 0.6756090487238979 0.5934782608695652 0.004930394431554524 0.004347826086956522
1 0.6786542923433875 0.6019565217391304 0.004060324825986079 0.003043478260869565
1 0.6613979118329466 0.5805434782608696 0.0037703016241299302 0.0036956521739130435
1 0.6438515081206496 0.5904347826086956 0.009860788863109048 0.007391304347826087
1 0.689385150812065 0.5920652173913044 0.004640371229698376 0.003260869565217391
1 0.7160672853828306 0.5975 0.004060324825986079 0.002826086956521739
9 0.7875580046403712 0.7047826086956521 0.008410672853828306 0.006956521739130435
0 0.7747969837587007 0.6281521739130435 0.010150812064965197 0.009782608695652175
8 0.7131670533642691 0.7260869565217392 0.011020881670533642 0.008695652173913044
1 0.7043213457076566 0.7416304347826087 0.004930394431554524 0.004130434782608695
1 0.7160672853828306 0.7531521739130435 0.0063805104408352666 0.005434782608695652
8 0.831931554524362 0.6479347826086956 0.011890951276102088 0.009782608695652175
8 0.8391821345707656 0.5859782608695652 0.006670533642691415 0.006304347826086957
8 0.8314965197215777 0.5885869565217391 0.0069605568445475635 0.005869565217391304
8 0.8029292343387471 0.5972826086956522 0.006670533642691415 0.004565217391304348
8 0.6338457076566125 0.7467391304347826 0.010150812064965197 0.006956521739130435
8 0.4621519721577726 0.9145652173913044 0.008990719257540603 0.005652173913043478
8 0.21853248259860789 0.8654347826086957 0.010150812064965197 0.007391304347826087
9 0.2588457076566125 0.755 0.01537122969837587 0.009130434782608696
6 0.30481438515081205 0.606195652173913 0.0069605568445475635 0.005434782608695652
6 0.3169953596287703 0.6072826086956522 0.00580046403712297 0.004130434782608695
6 0.33178654292343385 0.5998913043478261 0.004640371229698376 0.004130434782608695
1 0.3125 0.5938043478260869 0.005510440835266821 0.004130434782608695
1 0.3229408352668213 0.5857608695652174 0.0031902552204176333 0.002826086956521739
1 0.37514501160092806 0.5644565217391304 0.004930394431554524 0.0036956521739130435
1 0.36122389791183296 0.5743478260869566 0.004350348027842227 0.00391304347826087
1 0.3665893271461717 0.5748913043478261 0.0034802784222737818 0.003260869565217391
3 0.44678074245939675 0.5371739130434783 0.008410672853828306 0.00608695652173913
8 0.18909512761020883 0.6329347826086956 0.016821345707656612 0.01108695652173913
9 0.22882830626450115 0.6047826086956521 0.012761020881670533 0.00826086956521739
8 0.2594257540603248 0.6405434782608695 0.010730858468677494 0.006739130434782609
1 0.2878480278422274 0.6285869565217391 0.011890951276102088 0.007608695652173913
1 0.3415023201856148 0.633695652173913 0.012470997679814385 0.01
1 0.335991879350348 0.6108695652173913 0.006670533642691415 0.005652173913043478
1 0.3248259860788863 0.6166304347826087 0.0069605568445475635 0.004565217391304348
1 0.3738399071925754 0.5966304347826087 0.0063805104408352666 0.004565217391304348
1 0.3519431554524362 0.608804347826087 0.007830626450116009 0.005
1 0.36441415313225056 0.6025 0.006090487238979118 0.005
1 0.28016241299303946 0.658695652173913 0.0063805104408352666 0.0052173913043478265
6 0.26783642691415316 0.6589130434782609 0.010730858468677494 0.00826086956521739
1 0.21708236658932714 0.6147826086956522 0.004930394431554524 0.00391304347826087
0 0.4947795823665893 0.7455434782608695 0.008120649651972157 0.005
1 0.23448375870069604 0.6282608695652174 0.004930394431554524 0.00391304347826087
1 0.3343967517401392 0.5826086956521739 0.004060324825986079 0.0034782608695652175
1 0.3430974477958237 0.5931521739130434 0.005220417633410673 0.005434782608695652
1 0.30843967517401394 0.6196739130434783 0.006670533642691415 0.004565217391304348
1 0.31685034802784223 0.6173913043478261 0.004350348027842227 0.0034782608695652175
1 0.31786542923433875 0.6434782608695652 0.00580046403712297 0.004782608695652174
1 0.32439095127610207 0.6456521739130435 0.006090487238979118 0.0052173913043478265
8 0.2843677494199536 0.7031521739130435 0.006670533642691415 0.005
1 0.30611948955916474 0.6605434782608696 0.008410672853828306 0.005869565217391304
8 0.7875580046403712 0.8229347826086957 0.016531322505800465 0.015869565217391305
8 0.8396171693735499 0.7713043478260869 0.016821345707656612 0.019130434782608695
5 0.8744199535962877 0.6727173913043478 0.02668213457076566 0.04021739130434782
1 0.6615429234338747 0.5905434782608696 0.004060324825986079 0.003260869565217391
1 0.6618329466357309 0.5855434782608696 0.004640371229698376 0.003260869565217391
1 0.6674883990719258 0.6017391304347826 0.004350348027842227 0.003043478260869565
1 0.6985208816705336 0.6005434782608695 0.004930394431554524 0.003260869565217391
1 0.7063515081206496 0.6043478260869565 0.005510440835266821 0.00391304347826087
1 0.6996809744779582 0.6106521739130435 0.004930394431554524 0.0034782608695652175
1 0.40748259860788866 0.5702173913043478 0.005220417633410673 0.0034782608695652175
1 0.412122969837587 0.5666304347826087 0.004640371229698376 0.003260869565217391
1 0.2476798143851508 0.6527173913043478 0.00580046403712297 0.004130434782608695
1 0.2816125290023202 0.7653260869565217 0.0063805104408352666 0.004565217391304348
1 0.30104408352668216 0.7722826086956521 0.005220417633410673 0.004565217391304348
1 0.2672563805104408 0.7695652173913043 0.0037703016241299302 0.0034782608695652175
1 0.2769721577726218 0.77 0.0034802784222737818 0.003043478260869565
1 0.26740139211136893 0.766195652173913 0.004060324825986079 0.002826086956521739
1 0.27566705336426917 0.7470652173913044 0.004350348027842227 0.0036956521739130435
1 0.27914733178654294 0.7545652173913043 0.0037703016241299302 0.0026086956521739132
1 0.2884280742459397 0.7555434782608695 0.0037703016241299302 0.002391304347826087
1 0.28639791183294666 0.7327173913043479 0.004930394431554524 0.003260869565217391
6 0.283207656612529 0.7145652173913043 0.006090487238979118 0.00391304347826087
8 0.27842227378190254 0.7169565217391304 0.005220417633410673 0.00391304347826087
8 0.24289443155452436 0.7644565217391305 0.008990719257540603 0.008043478260869565
6 0.20591647331786542 0.6078260869565217 0.008700696055684454 0.006521739130434782
1 0.24782482598607888 0.6009782608695652 0.004930394431554524 0.0036956521739130435
6 0.2381090487238979 0.6093478260869565 0.00580046403712297 0.004782608695652174
8 0.3033642691415313 0.6396739130434783 0.009860788863109048 0.008043478260869565
6 0.2849477958236659 0.5995652173913043 0.005510440835266821 0.004347826086956522
8 0.2866879350348028 0.6125 0.008990719257540603 0.007173913043478261
1 0.3736948955916473 0.5735869565217391 0.004930394431554524 0.004130434782608695
0 0.7830626450116009 0.6293478260869565 0.0069605568445475635 0.006956521739130435
8 0.7233178654292344 0.7281521739130434 0.0075406032482598605 0.005869565217391304
7 0.8217807424593968 0.7382608695652174 0.004930394431554524 0.004347826086956522
4 0.8277262180974478 0.7545652173913043 0.004060324825986079 0.00391304347826087
1 0.6821345707656613 0.7433695652173913 0.00580046403712297 0.004130434782608695
1 0.7046113689095128 0.7577173913043478 0.006670533642691415 0.005434782608695652
6 0.6843097447795824 0.7242391304347826 0.006090487238979118 0.005434782608695652
1 0.6851798143851509 0.6844565217391304 0.005510440835266821 0.004130434782608695
8 0.2273781902552204 0.7656521739130435 0.016821345707656612 0.01391304347826087
8 0.20011600928074247 0.7802173913043479 0.009280742459396751 0.009565217391304347
8 0.15443735498839908 0.6804347826086956 0.013051044083526682 0.010434782608695653
8 0.10223317865429234 0.6235869565217391 0.01131090487238979 0.012391304347826086
1 0.23636890951276102 0.5921739130434782 0.0069605568445475635 0.004782608695652174
3 0.8538283062645011 0.4504347826086956 0.017981438515081206 0.02217391304347826
1 0.5416183294663574 0.42293478260869566 0.0095707656612529 0.004130434782608695
1 0.3140951276102088 0.34195652173913044 0.012180974477958236 0.007391304347826087
0 0.16560324825986078 0.6327173913043478 0.01740139211136891 0.015434782608695652
0 0.19011020881670534 0.6866304347826087 0.014791183294663572 0.010217391304347826
0 0.17778422273781902 0.6741304347826087 0.016821345707656612 0.00826086956521739
0 0.191415313225058 0.758804347826087 0.012761020881670533 0.008043478260869565
0 0.1756090487238979 0.7152173913043478 0.018271461716937356 0.01217391304347826
1 0.6863399071925754 0.6275 0.011890951276102088 0.008043478260869565
1 0.7872679814385151 0.7176086956521739 0.012470997679814385 0.009130434782608696
1 0.27842227378190254 0.6955434782608696 0.011020881670533642 0.005869565217391304
1 0.24985498839907191 0.6761956521739131 0.007830626450116009 0.005
8 0.14298143851508122 0.6413043478260869 0.025522041763341066 0.014782608695652174
1 0.42038863109048724 0.2490217391304348 0.006670533642691415 0.006739130434782609
8 0.08686194895591648 0.3606521739130435 0.01131090487238979 0.01
8 0.06554524361948956 0.46630434782608693 0.009860788863109048 0.009565217391304347
1 0.6209396751740139 0.36641304347826087 0.00580046403712297 0.006304347826086957
1 0.6422563805104409 0.32358695652173913 0.006090487238979118 0.005
0 0.7708816705336426 0.6785869565217392 0.013921113689095127 0.007173913043478261
1 0.7352088167053364 0.7242391304347826 0.00580046403712297 0.005
8 0.7491299303944315 0.7423913043478261 0.015081206496519721 0.011304347826086957
8 0.17270881670533642 0.7514130434782609 0.027552204176334107 0.01717391304347826
8 0.09889791183294663 0.6841304347826087 0.013921113689095127 0.011304347826086957
6 0.35672853828306267 0.7227173913043479 0.0075406032482598605 0.004130434782608695
8 0.2140371229698376 0.6308695652173913 0.010440835266821345 0.007391304347826087
0 0.2459396751740139 0.6257608695652174 0.017981438515081206 0.008913043478260869
6 0.2759570765661253 0.6415217391304348 0.007250580046403712 0.005652173913043478
6 0.25986078886310904 0.6330434782608696 0.0063805104408352666 0.0052173913043478265
6 0.2523201856148492 0.6482608695652174 0.0075406032482598605 0.0052173913043478265
1 0.13036542923433875 0.31565217391304345 0.008990719257540603 0.006521739130434782
1 0.33700696055684454 0.21119565217391303 0.008700696055684454 0.005
8 0.40965777262180975 0.3223913043478261 0.007830626450116009 0.00608695652173913
1 0.7729118329466357 0.16869565217391305 0.0063805104408352666 0.004782608695652174
8 0.5835266821345708 0.3864130434782609 0.012180974477958236 0.008913043478260869
8 0.41415313225058004 0.3991304347826087 0.0069605568445475635 0.00608695652173913
1 0.2952436194895592 0.5715217391304348 0.0063805104408352666 0.004782608695652174
8 0.10121809744779582 0.5720652173913043 0.011020881670533642 0.011521739130434782
8 0.11165893271461717 0.778804347826087 0.010440835266821345 0.015
8 0.26160092807424595 0.7945652173913044 0.008700696055684454 0.006956521739130435
8 0.6876450116009281 0.8051086956521739 0.009280742459396751 0.005869565217391304
1 0.693300464037123 0.8151086956521739 0.006090487238979118 0.005869565217391304
8 0.6760440835266821 0.8484782608695652 0.008120649651972157 0.006956521739130435
8 0.6695185614849188 0.8632608695652174 0.01131090487238979 0.009565217391304347
0 0.8583236658932715 0.6313043478260869 0.02291183294663573 0.03782608695652174
1 0.43155452436194897 0.5127173913043478 0.005220417633410673 0.004130434782608695
8 0.07642111368909513 0.6435869565217391 0.004350348027842227 0.006304347826086957
8 0.06337006960556844 0.6321739130434783 0.006090487238979118 0.00782608695652174
8 0.16966357308584687 0.7744565217391305 0.0069605568445475635 0.007173913043478261
1 0.42256380510440833 0.1433695652173913 0.004060324825986079 0.002826086956521739
9 0.6335556844547564 0.2425 0.01131090487238979 0.007173913043478261
9 0.25275522041763343 0.6640217391304348 0.011890951276102088 0.008043478260869565
9 0.2336136890951276 0.6954347826086956 0.013051044083526682 0.008695652173913044
5 0.09193735498839907 0.6581521739130435 0.017981438515081206 0.028043478260869566
5 0.8114849187935035 0.6697826086956522 0.030162412993039442 0.02217391304347826