8 0.5088457076566125 0.4231521739130435 0.02349187935034803 0.009782608695652175
6 0.232453596287703 0.5841304347826087 0.010150812064965197 0.007391304347826087
3 0.09106728538283063 0.5959782608695652 0.015661252900232018 0.016304347826086956
0 0.14892691415313225 0.5794565217391304 0.008990719257540603 0.008913043478260869
0 0.16980858468677495 0.6139130434782609 0.011890951276102088 0.011739130434782608
0 0.2078016241299304 0.5838043478260869 0.016531322505800465 0.007608695652173913
8 0.21998259860788863 0.5821739130434782 0.011890951276102088 0.01
0 0.2273781902552204 0.5975 0.010440835266821345 0.012391304347826086
0 0.1993909512761021 0.6208695652173913 0.014791183294663572 0.01391304347826087
4 0.4466357308584687 0.7367391304347826 0.011020881670533642 0.00782608695652174
1 0.6123839907192575 0.7341304347826086 0.008990719257540603 0.00608695652173913
8 0.6853248259860789 0.768695652173913 0.009860788863109048 0.007391304347826087
8 0.6927204176334106 0.7665217391304348 0.007830626450116009 0.00608695652173913
8 0.7282482598607889 0.7603260869565217 0.012180974477958236 0.009782608695652175
9 0.8127900232018561 0.7341304347826086 0.0095707656612529 0.00826086956521739
0 0.8045243619489559 0.7321739130434782 0.0075406032482598605 0.005652173913043478
0 0.7717517401392111 0.591304347826087 0.012761020881670533 0.008695652173913044
8 0.6263051044083526 0.5722826086956522 0.018851508120649653 0.014565217391304348
8 0.6743039443155452 0.6103260869565217 0.015661252900232018 0.012826086956521739
0 0.41226798143851506 0.3726086956521739 0.022331786542923435 0.025217391304347827
1 0.705046403712297 0.22630434782608697 0.012761020881670533 0.00826086956521739
8 0.8810904872389791 0.4369565217391304 0.012761020881670533 0.011304347826086957
4 0.8818155452436195 0.5114130434782609 0.006090487238979118 0.002826086956521739
8 0.8938515081206496 0.5956521739130435 0.011020881670533642 0.01217391304347826
0 0.8557134570765661 0.5886956521739131 0.014791183294663572 0.021304347826086957
6 0.8272911832946636 0.577391304347826 0.0095707656612529 0.00608695652173913
1 0.39008120649651973 0.22826086956521738 0.008120649651972157 0.005652173913043478
1 0.5591647331786543 0.09141304347826087 0.010440835266821345 0.009782608695652175
6 0.7247679814385151 0.6391304347826087 0.010440835266821345 0.00608695652173913
1 0.691415313225058 0.7022826086956522 0.012180974477958236 0.008913043478260869
0 0.7662412993039444 0.7844565217391304 0.0075406032482598605 0.008913043478260869
1 0.6928654292343387 0.841304347826087 0.008120649651972157 0.005652173913043478
8 0.21853248259860789 0.8617391304347826 0.010150812064965197 0.00782608695652174
8 0.09556264501160093 0.731195652173913 0.015951276102088168 0.017608695652173913
8 0.12427494199535963 0.7189130434782609 0.0095707656612529 0.006956521739130435
8 0.06569025522041763 0.6552173913043479 0.007250580046403712 0.006521739130434782
0 0.128915313225058 0.6047826086956521 0.010730858468677494 0.014347826086956521
0 0.12354988399071926 0.6178260869565217 0.009280742459396751 0.00826086956521739
8 0.291038283062645 0.5354347826086957 0.018851508120649653 0.011739130434782608
8 0.07439095127610208 0.43880434782608696 0.014211136890951276 0.012826086956521739
1 0.029292343387470998 0.4216304347826087 0.0075406032482598605 0.006304347826086957
7 0.6374709976798144 0.6644565217391304 0.04408352668213457 0.034130434782608694
3 0.14298143851508122 0.485 0.016241299303944315 0.009565217391304347
3 0.07366589327146171 0.5042391304347826 0.012761020881670533 0.012391304347826086
0 0.13761600928074247 0.5489130434782609 0.012470997679814385 0.008695652173913044
9 0.15791763341067286 0.5334782608695652 0.008410672853828306 0.0052173913043478265
1 0.13718097447795824 0.5666304347826087 0.00580046403712297 0.005
0 0.16632830626450115 0.5892391304347826 0.012470997679814385 0.007173913043478261
1 0.3720997679814385 0.5221739130434783 0.00580046403712297 0.00391304347826087
8 0.7136020881670534 0.553804347826087 0.01131090487238979 0.007608695652173913
1 0.6882250580046404 0.58 0.0075406032482598605 0.005652173913043478
1 0.5939675174013921 0.5242391304347827 0.008700696055684454 0.007173913043478261
7 0.6031032482598608 0.3481521739130435 0.04669373549883991 0.04065217391304348
8 0.1277552204176334 0.3809782608695652 0.013051044083526682 0.010217391304347826
1 0.7718967517401392 0.18054347826086956 0.006090487238979118 0.005
0 0.04698375870069606 0.3839130434782609 0.008120649651972157 0.014347826086956521
1 0.5836716937354989 0.5740217391304347 0.008410672853828306 0.006304347826086957
8 0.9147331786542924 0.5867391304347827 0.00580046403712297 0.00826086956521739
8 0.8468677494199536 0.6845652173913044 0.009860788863109048 0.010434782608695653
8 0.8429524361948956 0.7331521739130434 0.008410672853828306 0.006739130434782609
8 0.6985208816705336 0.8842391304347826 0.010150812064965197 0.006739130434782609
8 0.4888341067285383 0.8964130434782609 0.014211136890951276 0.006304347826086957
1 0.5246519721577726 0.5918478260869565 0.01160092807424594 0.008043478260869565
1 0.5738109048723898 0.638804347826087 0.008410672853828306 0.004130434782608695
0 0.14486658932714616 0.6318478260869566 0.010730858468677494 0.009347826086956522
9 0.4250290023201856 0.6120652173913044 0.007830626450116009 0.006304347826086957
9 0.5363979118329466 0.5310869565217391 0.008410672853828306 0.006521739130434782
9 0.5 0.5320652173913043 0.008700696055684454 0.006304347826086957
1 0.6745939675174014 0.09630434782608696 0.0063805104408352666 0.005652173913043478
6 0.8654292343387471 0.5084782608695653 0.002900232018561485 0.0026086956521739132
0 0.7953886310904872 0.681304347826087 0.007250580046403712 0.00826086956521739
8 0.5147911832946636 0.7168478260869565 0.0075406032482598605 0.005434782608695652
0 0.19837587006960558 0.7052173913043478 0.012761020881670533 0.00608695652173913
1 0.4195185614849188 0.6589130434782609 0.004930394431554524 0.0034782608695652175
1 0.2913283062645012 0.5710869565217391 0.005510440835266821 0.004347826086956522
8 0.11354408352668213 0.6622826086956521 0.011890951276102088 0.011956521739130435
1 0.2672563805104408 0.91 0.004930394431554524 0.00391304347826087
