6 0.44460556844547566 0.4306521739130435 0.012180974477958236 0.009565217391304347
8 0.5049303944315545 0.3254347826086956 0.016241299303944315 0.013043478260869565
1 0.5675754060324826 0.31978260869565217 0.00580046403712297 0.005652173913043478
1 0.6590777262180975 0.13119565217391305 0.011890951276102088 0.007608695652173913
1 0.6247099767981439 0.14793478260869566 0.0191415313225058 0.008478260869565218
1 0.5710556844547564 0.20695652173913043 0.008700696055684454 0.00608695652173913
6 0.7668213457076566 0.2417391304347826 0.008700696055684454 0.00608695652173913
1 0.8042343387470998 0.19510869565217392 0.011020881670533642 0.008478260869565218
8 0.7904582366589327 0.29228260869565215 0.010150812064965197 0.009782608695652175
8 0.2546403712296984 0.3939130434782609 0.017981438515081206 0.01217391304347826
1 0.29756380510440833 0.20858695652173914 0.0075406032482598605 0.006739130434782609
1 0.2933584686774942 0.21532608695652175 0.01131090487238979 0.008913043478260869
8 0.2455046403712297 0.18239130434782608 0.013631090487238979 0.010434782608695653
1 0.34382250580046403 0.22010869565217392 0.008990719257540603 0.010652173913043479
1 0.2894431554524362 0.1791304347826087 0.008120649651972157 0.00782608695652174
1 0.27175174013921116 0.2041304347826087 0.0069605568445475635 0.006521739130434782
1 0.2234628770301624 0.20293478260869566 0.01131090487238979 0.005434782608695652
9 0.39660672853828305 0.22271739130434784 0.01537122969837587 0.01108695652173913
1 0.4879640371229698 0.1342391304347826 0.016531322505800465 0.007173913043478261
8 0.8812354988399071 0.6980434782608695 0.024071925754060326 0.02
9 0.8747099767981439 0.7464130434782609 0.010440835266821345 0.011521739130434782
9 0.330046403712297 0.6579347826086956 0.016821345707656612 0.011521739130434782
8 0.3931264501160093 0.7358695652173913 0.018271461716937356 0.015217391304347827
9 0.8296113689095128 0.7773913043478261 0.0095707656612529 0.007391304347826087
9 0.24303944315545242 0.7570652173913044 0.017981438515081206 0.012826086956521739
1 0.3922563805104408 0.6363043478260869 0.008410672853828306 0.006521739130434782
8 0.48158352668213456 0.6608695652173913 0.01131090487238979 0.010869565217391304
8 0.3681844547563805 0.9233695652173913 0.01537122969837587 0.01108695652173913
1 0.5725058004640371 0.4122826086956522 0.008120649651972157 0.009347826086956522
1 0.519431554524362 0.41532608695652173 0.0069605568445475635 0.005869565217391304
1 0.4576566125290023 0.4031521739130435 0.010440835266821345 0.008478260869565218
6 0.568445475638051 0.44478260869565217 0.0063805104408352666 0.005652173913043478
1 0.8152552204176334 0.2807608695652174 0.008120649651972157 0.005869565217391304
1 0.7839327146171694 0.2551086956521739 0.008700696055684454 0.008478260869565218
6 0.8316415313225058 0.3247826086956522 0.007250580046403712 0.004782608695652174
1 0.7488399071925754 0.2952173913043478 0.0069605568445475635 0.005652173913043478
9 0.8647041763341067 0.596195652173913 0.012470997679814385 0.010652173913043479
6 0.8649941995359629 0.641195652173913 0.006670533642691415 0.006304347826086957
8 0.8117749419953596 0.7306521739130435 0.015661252900232018 0.01391304347826087
6 0.7536252900232019 0.71 0.013631090487238979 0.009565217391304347
8 0.8322215777262181 0.8366304347826087 0.015951276102088168 0.014565217391304348
6 0.7489849187935035 0.6520652173913043 0.008410672853828306 0.006739130434782609
6 0.5379930394431555 0.5580434782608695 0.008120649651972157 0.00608695652173913
1 0.38892111368909515 0.6622826086956521 0.008700696055684454 0.005869565217391304
6 0.12064965197215777 0.7260869565217392 0.0063805104408352666 0.005652173913043478
3 0.121084686774942 0.4935869565217391 0.0095707656612529 0.008043478260869565
1 0.2542053364269142 0.20130434782608694 0.012470997679814385 0.010434782608695653
6 0.423868909512761 0.1698913043478261 0.008990719257540603 0.007173913043478261
8 0.5355278422273781 0.08467391304347827 0.027552204176334107 0.012826086956521739
1 0.3705046403712297 0.1458695652173913 0.010730858468677494 0.00608695652173913
0 0.1384860788863109 0.6323913043478261 0.016531322505800465 0.013478260869565217
0 0.18010440835266822 0.6616304347826087 0.009860788863109048 0.007173913043478261
0 0.15893271461716937 0.6461956521739131 0.02088167053364269 0.015869565217391305
3 0.7778422273781903 0.558804347826087 0.015081206496519721 0.009347826086956522
8 0.9662122969837587 0.40054347826086956 0.027552204176334107 0.03804347826086957
8 0.7524651972157773 0.8920652173913044 0.01537122969837587 0.006739130434782609
8 0.740284222737819 0.8716304347826087 0.010730858468677494 0.008478260869565218
6 0.6901102088167054 0.8847826086956522 0.006670533642691415 0.0052173913043478265
6 0.6898201856148491 0.8579347826086956 0.006090487238979118 0.004565217391304348
1 0.23578886310904873 0.8103260869565218 0.00580046403712297 0.005
0 0.10266821345707657 0.7231521739130434 0.008700696055684454 0.01717391304347826
1 0.14399651972157773 0.5638043478260869 0.007830626450116009 0.005
1 0.16632830626450115 0.5285869565217391 0.007250580046403712 0.005869565217391304
1 0.1070185614849188 0.3341304347826087 0.004060324825986079 0.004347826086956522
0 0.382830626450116 0.19152173913043477 0.02262180974477958 0.01652173913043478
1 0.6451566125290024 0.7825 0.005510440835266821 0.005
1 0.6162993039443155 0.7704347826086957 0.005220417633410673 0.004782608695652174
1 0.5807714617169374 0.7910869565217391 0.004930394431554524 0.004347826086956522
0 0.15211716937354988 0.7783695652173913 0.007250580046403712 0.012826086956521739
0 0.5232018561484919 0.4098913043478261 0.009280742459396751 0.007173913043478261
7 0.8423723897911833 0.5303260869565217 0.004930394431554524 0.003260869565217391
1 0.6725638051044084 0.581195652173913 0.005220417633410673 0.004130434782608695
0 0.6644431554524362 0.5764130434782608 0.004640371229698376 0.002826086956521739
1 0.15849767981438515 0.2575 0.007250580046403712 0.005434782608695652
1 0.30930974477958234 0.1942391304347826 0.007250580046403712 0.004565217391304348
1 0.3210556844547564 0.25565217391304346 0.01160092807424594 0.007391304347826087
8 0.6986658932714617 0.3001086956521739 0.009280742459396751 0.008043478260869565
8 0.8306264501160093 0.2960869565217391 0.015081206496519721 0.011304347826086957
6 0.5134860788863109 0.4548913043478261 0.004930394431554524 0.0036956521739130435
6 0.6843097447795824 0.600108695652174 0.005510440835266821 0.004130434782608695
0 0.8098897911832946 0.6272826086956522 0.014791183294663572 0.006304347826086957
1 0.8371519721577726 0.6283695652173913 0.007830626450116009 0.004565217391304348
6 0.9111078886310905 0.6821739130434783 0.004350348027842227 0.0034782608695652175
9 0.9138631090487239 0.7038043478260869 0.009280742459396751 0.006739130434782609
0 0.697360788863109 0.6758695652173913 0.013051044083526682 0.007391304347826087
8 0.8430974477958236 0.7556521739130435 0.0069605568445475635 0.00608695652173913
8 0.839907192575406 0.778804347826087 0.004640371229698376 0.004565217391304348
8 0.8597737819025522 0.7676086956521739 0.006090487238979118 0.004782608695652174
0 0.23506380510440836 0.763804347826087 0.008410672853828306 0.006739130434782609
8 0.2083816705336427 0.7927173913043478 0.01131090487238979 0.008043478260869565
8 0.2595707656612529 0.8959782608695652 0.008120649651972157 0.005869565217391304
0 0.20577146171693736 0.716195652173913 0.013631090487238979 0.009782608695652175
0 0.2066415313225058 0.7492391304347826 0.010730858468677494 0.008913043478260869
0 0.2740719257540603 0.6977173913043478 0.010440835266821345 0.005
0 0.2234628770301624 0.6826086956521739 0.013051044083526682 0.006521739130434782
8 0.027262180974477957 0.6198913043478261 0.011020881670533642 0.013695652173913043
6 0.32627610208816704 0.5841304347826087 0.0063805104408352666 0.005652173913043478
0 0.20823665893271462 0.663695652173913 0.013921113689095127 0.0052173913043478265
0 0.24260440835266822 0.7144565217391304 0.007830626450116009 0.006304347826086957
0 0.7353538283062645 0.7215217391304348 0.008990719257540603 0.008695652173913044
0 0.6927204176334106 0.6608695652173913 0.014791183294663572 0.01
1 0.884860788863109 0.5560869565217391 0.005220417633410673 0.004347826086956522
1 0.5743909512761021 0.5121739130434783 0.006670533642691415 0.005652173913043478
8 0.1904002320185615 0.20945652173913043 0.005510440835266821 0.004565217391304348
1 0.5926624129930395 0.14391304347826087 0.007250580046403712 0.0052173913043478265
1 0.6847447795823666 0.15608695652173912 0.0063805104408352666 0.004782608695652174
0 0.17995939675174014 0.7081521739130435 0.007250580046403712 0.005434782608695652
0 0.24231438515081208 0.7260869565217392 0.012470997679814385 0.006956521739130435
1 0.23317865429234338 0.5831521739130435 0.005220417633410673 0.004130434782608695
0 0.3080046403712297 0.6041304347826087 0.009860788863109048 0.009130434782608696
6 0.20432134570765662 0.6241304347826087 0.006670533642691415 0.0052173913043478265
8 0.9299593967517401 0.615108695652174 0.0031902552204176333 0.004130434782608695
6 0.5220417633410673 0.22021739130434784 0.00580046403712297 0.005652173913043478
6 0.6995359628770301 0.27869565217391307 0.00580046403712297 0.00391304347826087
0 0.8177204176334106 0.6619565217391304 0.007830626450116009 0.006521739130434782
0 0.7076566125290024 0.7220652173913044 0.012180974477958236 0.008043478260869565
5 0.8761600928074246 0.825 0.029582366589327145 0.03869565217391304
6 0.3902262180974478 0.795 0.004350348027842227 0.004347826086956522
0 0.05669953596287703 0.6564130434782609 0.01131090487238979 0.012826086956521739
0 0.9515661252900232 0.43293478260869567 0.01334106728538283 0.015869565217391305
0 0.9132830626450116 0.34358695652173915 0.014501160092807424 0.01717391304347826
1 0.7494199535962877 0.4572826086956522 0.00580046403712297 0.0036956521739130435
