4 0.37514501160092806 0.7209782608695652 0.020591647331786544 0.014565217391304348
4 0.7331786542923434 0.7303260869565218 0.008120649651972157 0.008478260869565218
4 0.06989559164733179 0.6192391304347826 0.0075406032482598605 0.01108695652173913
4 0.8367169373549884 0.7027173913043478 0.00580046403712297 0.010652173913043479
4 0.7895881670533643 0.7871739130434783 0.0037703016241299302 0.004347826086956522
8 0.62122969837587 0.7082608695652174 0.010440835266821345 0.01
8 0.785237819025522 0.72 0.012470997679814385 0.00826086956521739
8 0.41531322505800466 0.5743478260869566 0.023781902552204175 0.026956521739130435
8 0.43837006960556846 0.5789130434782609 0.02291183294663573 0.015217391304347827
8 0.4369199535962877 0.5645652173913044 0.013631090487238979 0.00608695652173913
8 0.41806844547563804 0.5097826086956522 0.01537122969837587 0.013043478260869565
8 0.44576566125290024 0.5052173913043478 0.031902552204176336 0.025652173913043478
4 0.27059164733178653 0.66 0.008700696055684454 0.0052173913043478265
8 0.6264501160092807 0.8235869565217391 0.016821345707656612 0.008913043478260869
8 0.24970997679814386 0.6389130434782608 0.009860788863109048 0.006956521739130435
8 0.1892401392111369 0.5578260869565217 0.008990719257540603 0.005652173913043478
1 0.337877030162413 0.525 0.008120649651972157 0.00608695652173913
1 0.3051044083526682 0.5741304347826087 0.0063805104408352666 0.006521739130434782
1 0.35049303944315546 0.5758695652173913 0.007250580046403712 0.006521739130434782
1 0.05104408352668213 0.40141304347826084 0.005220417633410673 0.005869565217391304
1 0.03958816705336427 0.3353260869565217 0.004930394431554524 0.007173913043478261
1 0.1622679814385151 0.19304347826086957 0.005510440835266821 0.004782608695652174
4 0.10933874709976799 0.13978260869565218 0.012180974477958236 0.013478260869565217
1 0.31046983758700697 0.15880434782608696 0.008410672853828306 0.005434782608695652
1 0.6983758700696056 0.11923913043478261 0.0069605568445475635 0.007608695652173913
1 0.5200116009280742 0.09021739130434783 0.010440835266821345 0.00608695652173913
1 0.42140371229698376 0.065 0.012180974477958236 0.004782608695652174
1 0.39008120649651973 0.05206521739130435 0.008700696055684454 0.005869565217391304
1 0.5822215777262181 0.11608695652173913 0.004930394431554524 0.00391304347826087
1 0.5501740139211136 0.1483695652173913 0.00580046403712297 0.0036956521739130435
1 0.3383120649651972 0.043804347826086956 0.008410672853828306 0.006739130434782609
1 0.21824245939675174 0.09489130434782608 0.012470997679814385 0.006304347826086957
1 0.27552204176334105 0.11793478260869565 0.0069605568445475635 0.006739130434782609
1 0.09498259860788863 0.11978260869565217 0.008410672853828306 0.0052173913043478265
1 0.7768271461716937 0.11695652173913043 0.0095707656612529 0.00826086956521739
1 0.8374419953596288 0.11228260869565218 0.007830626450116009 0.006739130434782609
6 0.6526972157772621 0.19728260869565217 0.005510440835266821 0.004130434782608695
1 0.5511890951276102 0.18869565217391304 0.008990719257540603 0.004347826086956522
6 0.4740429234338747 0.20815217391304347 0.006090487238979118 0.005
1 0.7848027842227379 0.2126086956521739 0.004640371229698376 0.00608695652173913
6 0.5968677494199536 0.21 0.00580046403712297 0.0034782608695652175
1 0.5392981438515081 0.16967391304347826 0.004930394431554524 0.003260869565217391
1 0.6186194895591647 0.12543478260869564 0.0069605568445475635 0.00391304347826087
8 0.46954756380510443 0.13228260869565217 0.012180974477958236 0.009782608695652175
6 0.38718097447795824 0.12891304347826088 0.008120649651972157 0.005652173913043478
6 0.5227668213457076 0.14847826086956523 0.007250580046403712 0.004347826086956522
1 0.388631090487239 0.24978260869565216 0.008120649651972157 0.005652173913043478
1 0.6161542923433875 0.4855434782608696 0.0095707656612529 0.006304347826086957
8 0.5848317865429234 0.4815217391304348 0.012470997679814385 0.01391304347826087
1 0.7840777262180975 0.5591304347826087 0.01131090487238979 0.00826086956521739
1 0.8297563805104409 0.5545652173913044 0.008120649651972157 0.00608695652173913
0 0.761600928074246 0.5597826086956522 0.008120649651972157 0.00782608695652174
1 0.9009570765661253 0.4369565217391304 0.007250580046403712 0.00782608695652174
1 0.9399651972157773 0.47108695652173915 0.0069605568445475635 0.00608695652173913
0 0.8180104408352669 0.36967391304347824 0.0037703016241299302 0.002826086956521739
1 0.7759570765661253 0.3592391304347826 0.0037703016241299302 0.002391304347826087
1 0.7795823665893271 0.48978260869565216 0.004640371229698376 0.00391304347826087
1 0.8388921113689095 0.5040217391304348 0.004930394431554524 0.004565217391304348
1 0.8909512761020881 0.4641304347826087 0.004640371229698376 0.004347826086956522
1 0.786977958236659 0.5031521739130435 0.006090487238979118 0.004565217391304348
8 0.4740429234338747 0.5834782608695652 0.0095707656612529 0.006521739130434782
4 0.587877030162413 0.5695652173913044 0.008120649651972157 0.008695652173913044
1 0.1773491879350348 0.5396739130434782 0.005510440835266821 0.0036956521739130435
0 0.43779002320185617 0.5777173913043478 0.010730858468677494 0.008913043478260869
6 0.4537412993039443 0.5552173913043478 0.007250580046403712 0.0052173913043478265
1 0.7592807424593968 0.7326086956521739 0.0069605568445475635 0.006521739130434782
1 0.4820185614849188 0.06576086956521739 0.008120649651972157 0.005869565217391304
1 0.24463457076566125 0.08826086956521739 0.006090487238979118 0.0052173913043478265
1 0.1476218097447796 0.09260869565217392 0.008700696055684454 0.006521739130434782
8 0.08990719257540604 0.17565217391304347 0.009280742459396751 0.00782608695652174
3 0.07192575406032482 0.44021739130434784 0.01160092807424594 0.009565217391304347
3 0.08367169373549883 0.4216304347826087 0.007830626450116009 0.006304347826086957
3 0.10266821345707657 0.4081521739130435 0.004060324825986079 0.005434782608695652
3 0.08599187935034802 0.40858695652173915 0.006090487238979118 0.004565217391304348
6 0.15298723897911834 0.5104347826086957 0.006670533642691415 0.004782608695652174
1 0.12427494199535963 0.5157608695652174 0.004930394431554524 0.0036956521739130435
7 0.1396461716937355 0.5385869565217392 0.017111368909512762 0.011956521739130435
1 0.1632830626450116 0.5455434782608696 0.008700696055684454 0.006739130434782609
0 0.13805104408352667 0.6795652173913044 0.0191415313225058 0.01956521739130435
0 0.19286542923433875 0.7077173913043479 0.015661252900232018 0.013260869565217392
9 0.21722737819025523 0.7005434782608696 0.0075406032482598605 0.007173913043478261
0 0.24361948955916474 0.6695652173913044 0.010440835266821345 0.011739130434782608
1 0.21925754060324826 0.5783695652173914 0.004640371229698376 0.0036956521739130435
8 0.7671113689095128 0.6608695652173913 0.0069605568445475635 0.005652173913043478
1 0.7946635730858469 0.6834782608695652 0.00580046403712297 0.00391304347826087
1 0.8451276102088167 0.6739130434782609 0.002900232018561485 0.0034782608695652175
0 0.798723897911833 0.6078260869565217 0.008120649651972157 0.008695652173913044
8 0.7700116009280742 0.5858695652173913 0.015661252900232018 0.011739130434782608
3 0.8267111368909513 0.44065217391304345 0.007250580046403712 0.005652173913043478
6 0.45519141531322505 0.533695652173913 0.007250580046403712 0.004782608695652174
6 0.46432714617169374 0.503804347826087 0.00580046403712297 0.0036956521739130435
0 0.46316705336426917 0.5182608695652174 0.01160092807424594 0.006956521739130435
1 0.517691415313225 0.4539130434782609 0.0075406032482598605 0.00608695652173913
6 0.48129350348027844 0.5629347826086957 0.005510440835266821 0.0036956521739130435
6 0.5091357308584686 0.5355434782608696 0.0037703016241299302 0.002826086956521739
6 0.5440835266821346 0.519891304347826 0.004640371229698376 0.0036956521739130435
7 0.5398781902552204 0.6115217391304347 0.008990719257540603 0.00608695652173913
8 0.4741879350348028 0.38782608695652177 0.008120649651972157 0.006521739130434782
1 0.593822505800464 0.07173913043478261 0.008990719257540603 0.007391304347826087
1 0.6677784222737819 0.09152173913043478 0.010150812064965197 0.006956521739130435
1 0.7143271461716937 0.09652173913043478 0.008120649651972157 0.005652173913043478
1 0.7057714617169374 0.08489130434782609 0.005510440835266821 0.004565217391304348
1 0.7281032482598608 0.07032608695652173 0.010150812064965197 0.005869565217391304
1 0.7455046403712297 0.1091304347826087 0.007830626450116009 0.00782608695652174
1 0.2589907192575406 0.19141304347826088 0.004640371229698376 0.004130434782608695
1 0.23694895591647333 0.18478260869565216 0.005220417633410673 0.0052173913043478265
1 0.28248259860788866 0.20456521739130434 0.004640371229698376 0.004347826086956522
3 0.8683294663573086 0.4226086956521739 0.004060324825986079 0.0052173913043478265
3 0.7703016241299304 0.3642391304347826 0.009860788863109048 0.006739130434782609
0 0.22679814385150812 0.5782608695652174 0.01160092807424594 0.008695652173913044
6 0.7834976798143851 0.5710869565217391 0.006090487238979118 0.004782608695652174
6 0.7762470997679815 0.572391304347826 0.005510440835266821 0.004782608695652174
1 0.19692575406032484 0.08076086956521739 0.0075406032482598605 0.005
0 0.48941415313225056 0.13793478260869566 0.016531322505800465 0.008043478260869565
0 0.4202436194895592 0.11521739130434783 0.018561484918793503 0.009130434782608696
1 0.16154292343387472 0.15641304347826088 0.009860788863109048 0.005869565217391304
1 0.19170533642691415 0.21543478260869564 0.0063805104408352666 0.0052173913043478265
1 0.30495939675174016 0.15184782608695652 0.010150812064965197 0.006304347826086957
1 0.33352668213457076 0.14956521739130435 0.005220417633410673 0.00391304347826087
1 0.6967807424593968 0.07369565217391304 0.007250580046403712 0.0052173913043478265
1 0.7354988399071926 0.1958695652173913 0.0069605568445475635 0.004782608695652174
0 0.5072505800464037 0.46347826086956523 0.014501160092807424 0.00782608695652174
0 0.45649651972157773 0.5407608695652174 0.010440835266821345 0.007608695652173913
0 0.2449245939675174 0.591195652173913 0.017111368909512762 0.010652173913043479
0 0.23912412993039442 0.6095652173913043 0.01537122969837587 0.01
8 0.28799303944315546 0.9214130434782609 0.009280742459396751 0.006739130434782609
1 0.20823665893271462 0.1443478260869565 0.0075406032482598605 0.00608695652173913
1 0.21432714617169374 0.13619565217391305 0.008700696055684454 0.006304347826086957
1 0.232453596287703 0.13771739130434782 0.007250580046403712 0.005
1 0.3219257540603248 0.225 0.005220417633410673 0.004347826086956522
1 0.705191415313225 0.06630434782608696 0.008410672853828306 0.00608695652173913
6 0.7704466357308585 0.6258695652173913 0.005510440835266821 0.004782608695652174
8 0.2591357308584687 0.5965217391304348 0.01131090487238979 0.006956521739130435
0 0.19866589327146172 0.5604347826086956 0.010440835266821345 0.00782608695652174
0 0.07149071925754061 0.6281521739130435 0.004930394431554524 0.007173913043478261
0 0.09309744779582367 0.6864130434782608 0.009860788863109048 0.013260869565217392
7 0.30771461716937354 0.8380434782608696 0.004640371229698376 0.00391304347826087
6 0.5203016241299304 0.4883695652173913 0.0063805104408352666 0.005
1 0.4325696055684455 0.06608695652173913 0.007250580046403712 0.005652173913043478
1 0.74622969837587 0.06467391304347826 0.0075406032482598605 0.005
8 0.8987819025522041 0.15967391304347825 0.0063805104408352666 0.006739130434782609
0 0.9157482598607889 0.34 0.007250580046403712 0.01608695652173913
0 0.8449825986078886 0.6189130434782608 0.0095707656612529 0.009565217391304347
8 0.8589037122969838 0.6740217391304347 0.008410672853828306 0.005434782608695652
0 0.1937354988399072 0.6697826086956522 0.01160092807424594 0.0052173913043478265
0 0.18880510440835266 0.6757608695652174 0.0063805104408352666 0.005
1 0.37862529002320183 0.4566304347826087 0.008410672853828306 0.005434782608695652
1 0.25536542923433875 0.5329347826086956 0.006090487238979118 0.004130434782608695
5 0.4463457076566125 0.4672826086956522 0.04118329466357309 0.035
5 0.4087877030162413 0.5501086956521739 0.029872389791183295 0.03065217391304348
0 0.810469837587007 0.5643478260869565 0.006670533642691415 0.006521739130434782
0 0.9115429234338747 0.543804347826087 0.0069605568445475635 0.01891304347826087
0 0.18227958236658934 0.5857608695652174 0.014791183294663572 0.010217391304347826
1 0.05988979118329466 0.3040217391304348 0.006090487238979118 0.008043478260869565
8 0.07874129930394431 0.21967391304347825 0.0095707656612529 0.008478260869565218
1 0.17937935034802785 0.12565217391304348 0.004930394431554524 0.0052173913043478265
1 0.31917053364269143 0.1793478260869565 0.006670533642691415 0.004347826086956522
1 0.4583816705336427 0.0891304347826087 0.004930394431554524 0.004347826086956522
6 0.6409512761020881 0.15793478260869565 0.008120649651972157 0.005434782608695652
1 0.7553654292343387 0.1634782608695652 0.007250580046403712 0.00608695652173913
