8 0.324245939675174 0.0933695652173913 0.014501160092807424 0.008913043478260869
3 0.4795533642691415 0.11554347826086957 0.014211136890951276 0.005434782608695652
3 0.6048433874709976 0.4876086956521739 0.008410672853828306 0.00782608695652174
1 0.656177494199536 0.5358695652173913 0.007830626450116009 0.008695652173913044
1 0.7782772621809745 0.5855434782608696 0.0095707656612529 0.007173913043478261
1 0.7389791183294664 0.5807608695652174 0.0069605568445475635 0.004130434782608695
3 0.8963167053364269 0.47456521739130436 0.007830626450116009 0.00782608695652174
3 0.8805104408352669 0.47543478260869565 0.0069605568445475635 0.00608695652173913
3 0.896461716937355 0.45902173913043476 0.004060324825986079 0.004565217391304348
3 0.9018271461716937 0.44478260869565217 0.013631090487238979 0.014347826086956521
3 0.9151682134570766 0.4384782608695652 0.005510440835266821 0.004347826086956522
3 0.8517981438515081 0.49467391304347824 0.012180974477958236 0.015434782608695652
3 0.8336716937354989 0.4851086956521739 0.0095707656612529 0.007173913043478261
3 0.9156032482598608 0.5104347826086957 0.011020881670533642 0.009565217391304347
3 0.919953596287703 0.5447826086956522 0.008120649651972157 0.009565217391304347
3 0.9421403712296984 0.5580434782608695 0.014211136890951276 0.02
3 0.8328016241299304 0.518804347826087 0.008990719257540603 0.009347826086956522
3 0.8665893271461717 0.4969565217391304 0.0069605568445475635 0.006956521739130435
3 0.8045243619489559 0.5684782608695652 0.01160092807424594 0.010434782608695653
3 0.8383120649651972 0.5936956521739131 0.013051044083526682 0.00826086956521739
3 0.8915313225058005 0.5679347826086957 0.020301624129930394 0.01891304347826087
3 0.7732018561484919 0.615108695652174 0.011020881670533642 0.005434782608695652
3 0.8423723897911833 0.6106521739130435 0.007830626450116009 0.00782608695652174
3 0.9106728538283063 0.6094565217391305 0.0063805104408352666 0.006739130434782609
3 0.8889211136890951 0.6268478260869565 0.0069605568445475635 0.006739130434782609
3 0.8416473317865429 0.6522826086956521 0.01334106728538283 0.008478260869565218
3 0.5865719257540604 0.483695652173913 0.013051044083526682 0.00826086956521739
3 0.521461716937355 0.4831521739130435 0.011020881670533642 0.01108695652173913
3 0.48259860788863107 0.4860869565217391 0.008120649651972157 0.00826086956521739
1 0.4401102088167053 0.519891304347826 0.006090487238979118 0.005
3 0.37978538283062646 0.4973913043478261 0.007830626450116009 0.006956521739130435
3 0.4228538283062645 0.47532608695652173 0.008120649651972157 0.009347826086956522
3 0.3587587006960557 0.4890217391304348 0.011020881670533642 0.008043478260869565
3 0.2354988399071926 0.5020652173913044 0.021461716937354988 0.008913043478260869
3 0.1767691415313225 0.5753260869565218 0.007830626450116009 0.013695652173913043
3 0.20171113689095127 0.5941304347826087 0.013631090487238979 0.009130434782608696
3 0.10339327146171694 0.4564130434782609 0.01131090487238979 0.011521739130434782
3 0.09773781902552205 0.4817391304347826 0.0075406032482598605 0.01
3 0.06395011600928074 0.5073913043478261 0.004350348027842227 0.011739130434782608
3 0.07308584686774942 0.5093478260869565 0.004640371229698376 0.006521739130434782
3 0.15458236658932714 0.4901086956521739 0.009280742459396751 0.006739130434782609
3 0.12529002320185614 0.42793478260869566 0.0063805104408352666 0.006304347826086957
3 0.13268561484918792 0.46108695652173914 0.01769141531322506 0.009130434782608696
3 0.08657192575406032 0.4666304347826087 0.005510440835266821 0.006739130434782609
3 0.08889211136890951 0.45554347826086955 0.0031902552204176333 0.0036956521739130435
3 0.07482598607888631 0.4990217391304348 0.005220417633410673 0.007173913043478261
3 0.09585266821345707 0.515 0.011890951276102088 0.014347826086956521
3 0.10542343387470998 0.528804347826087 0.004930394431554524 0.005434782608695652
3 0.10165313225058005 0.5285869565217391 0.0037703016241299302 0.005869565217391304
3 0.12572505800464037 0.49032608695652175 0.004350348027842227 0.003260869565217391
3 0.19997099767981438 0.4980434782608696 0.008410672853828306 0.004782608695652174
3 0.1435614849187935 0.5481521739130435 0.009860788863109048 0.005869565217391304
3 0.11325406032482599 0.5153260869565217 0.006090487238979118 0.005869565217391304
3 0.10687354988399073 0.5534782608695652 0.005510440835266821 0.006956521739130435
3 0.09309744779582367 0.5408695652173913 0.004640371229698376 0.00608695652173913
3 0.1525522041763341 0.5117391304347826 0.009860788863109048 0.012608695652173913
3 0.1368909512761021 0.5218478260869566 0.0069605568445475635 0.004130434782608695
3 0.07946635730858469 0.48934782608695654 0.004060324825986079 0.004782608695652174
3 0.1898201856148492 0.5429347826086957 0.008990719257540603 0.008478260869565218
9 0.23346867749419953 0.6734782608695652 0.017981438515081206 0.014782608695652174
1 0.31395011600928074 0.5835869565217391 0.010150812064965197 0.006739130434782609
3 0.42879930394431554 0.44880434782608697 0.006670533642691415 0.008043478260869565
3 0.40893271461716935 0.4443478260869565 0.009280742459396751 0.00608695652173913
3 0.3597737819025522 0.3610869565217391 0.008410672853828306 0.00608695652173913
9 0.45258120649651973 0.3135869565217391 0.020011600928074247 0.012391304347826086
8 0.3545533642691415 0.23608695652173914 0.0095707656612529 0.007391304347826087
9 0.4563515081206497 0.23076086956521738 0.007830626450116009 0.005434782608695652
0 0.6653132250580046 0.22304347826086957 0.011020881670533642 0.01217391304347826
8 0.6890951276102089 0.2433695652173913 0.009280742459396751 0.006304347826086957
8 0.7788573085846868 0.15510869565217392 0.010730858468677494 0.007608695652173913
3 0.2803074245939675 0.6329347826086956 0.010150812064965197 0.009347826086956522
3 0.16154292343387472 0.6459782608695652 0.0063805104408352666 0.006739130434782609
3 0.12427494199535963 0.6031521739130434 0.004930394431554524 0.0036956521739130435
4 0.195330626450116 0.8039130434782609 0.006670533642691415 0.00608695652173913
1 0.3996519721577726 0.8731521739130435 0.0069605568445475635 0.004565217391304348
1 0.41415313225058004 0.8807608695652174 0.004640371229698376 0.0036956521739130435
3 0.77334686774942 0.7943478260869565 0.005510440835266821 0.006521739130434782
3 0.8109048723897911 0.808695652173913 0.009280742459396751 0.010869565217391304
3 0.8110498839907193 0.756195652173913 0.004930394431554524 0.0036956521739130435
3 0.7726218097447796 0.7125 0.004640371229698376 0.004130434782608695
3 0.7549303944315545 0.7103260869565218 0.00580046403712297 0.002826086956521739
3 0.7308584686774942 0.6795652173913044 0.008120649651972157 0.005652173913043478
3 0.7572505800464037 0.6511956521739131 0.00580046403712297 0.004130434782608695
3 0.8970417633410673 0.5430434782608695 0.015661252900232018 0.009130434782608696
2 0.34715777262180975 0.6982608695652174 0.02494199535962877 0.01608695652173913
3 0.8850058004640371 0.5068478260869566 0.0037703016241299302 0.002826086956521739
3 0.8185904872389791 0.5073913043478261 0.007830626450116009 0.007391304347826087
3 0.849477958236659 0.505 0.010440835266821345 0.006521739130434782
3 0.8590487238979119 0.513695652173913 0.008700696055684454 0.007391304347826087
1 0.4644721577726218 0.255 0.005510440835266821 0.0034782608695652175
0 0.7209976798143851 0.2418478260869565 0.01160092807424594 0.008478260869565218
1 0.6323955916473318 0.6543478260869565 0.0031902552204176333 0.003043478260869565
1 0.2381090487238979 0.6042391304347826 0.00580046403712297 0.004130434782608695
8 0.2921983758700696 0.74 0.013051044083526682 0.01
1 0.3059744779582367 0.15934782608695652 0.008700696055684454 0.00608695652173913
8 0.3245359628770302 0.215 0.008120649651972157 0.00608695652173913
1 0.7984338747099768 0.20967391304347827 0.0069605568445475635 0.005
8 0.24970997679814386 0.5407608695652174 0.0191415313225058 0.011956521739130435
1 0.3586136890951276 0.5615217391304348 0.007830626450116009 0.004347826086956522
6 0.3676044083526682 0.6567391304347826 0.004930394431554524 0.003043478260869565
0 0.7966937354988399 0.5805434782608696 0.009280742459396751 0.007608695652173913
6 0.3996519721577726 0.2209782608695652 0.0034802784222737818 0.003260869565217391
