8 0.4269386574074074 0.10079089506172839 0.01707175925925926 0.009837962962962963
6 0.4029224537037037 0.1248070987654321 0.008969907407407407 0.004243827160493827
4 0.6676793981481481 0.14130015432098766 0.013599537037037037 0.00636574074074074
4 0.7647569444444444 0.18209876543209877 0.01099537037037037 0.008487654320987654
4 0.5671296296296297 0.20804398148148148 0.008680555555555556 0.007137345679012345
0 0.6079282407407407 0.3322723765432099 0.030671296296296297 0.02141203703703704
0 0.41898148148148145 0.34693287037037035 0.020833333333333332 0.013310185185185185
0 0.3922164351851852 0.33979552469135804 0.01880787037037037 0.010609567901234568
7 0.08550347222222222 0.47077546296296297 0.13512731481481483 0.05922067901234568
0 0.13758680555555555 0.5640432098765432 0.015914351851851853 0.009259259259259259
0 0.1333912037037037 0.5810185185185185 0.015046296296296295 0.008101851851851851
0 0.08405671296296297 0.6043595679012346 0.019386574074074073 0.015817901234567902
0 0.19907407407407407 0.5966435185185185 0.017939814814814815 0.008487654320987654
8 0.2326388888888889 0.6270254629629629 0.015046296296296295 0.012152777777777778
9 0.2165798611111111 0.7144097222222222 0.019965277777777776 0.016010802469135804
0 0.1568287037037037 0.6896219135802469 0.008680555555555556 0.010416666666666666
0 0.1880787037037037 0.6319444444444444 0.015625 0.016589506172839507
4 0.18677662037037038 0.6127507716049383 0.008391203703703705 0.005208333333333333
0 0.1589988425925926 0.5728202160493827 0.015335648148148149 0.012924382716049383
0 0.16608796296296297 0.5307677469135802 0.01273148148148148 0.007137345679012345
0 0.09924768518518519 0.5563271604938271 0.011574074074074073 0.0073302469135802465
8 0.46889467592592593 0.47608024691358025 0.0234375 0.014660493827160493
0 0.4363425925925926 0.5102237654320988 0.015046296296296295 0.008873456790123456
0 0.3854166666666667 0.5241126543209876 0.008680555555555556 0.013503086419753086
0 0.44155092592592593 0.5314429012345679 0.01099537037037037 0.010416666666666666
8 0.6141493055555556 0.45283564814814814 0.026331018518518517 0.023726851851851853
8 0.8619791666666666 0.4685570987654321 0.022569444444444444 0.01273148148148148
0 0.8800636574074074 0.597608024691358 0.016493055555555556 0.015046296296296295
0 0.8974247685185185 0.564429012345679 0.016493055555555556 0.01890432098765432
6 0.8480902777777778 0.5651041666666666 0.01099537037037037 0.00636574074074074
2 0.8168402777777778 0.5794753086419753 0.009837962962962963 0.008101851851851851
0 0.8653067129629629 0.6137152777777778 0.013020833333333334 0.011381172839506173
0 0.8955439814814815 0.6050347222222222 0.017361111111111112 0.014853395061728395
0 0.8896122685185185 0.6270254629629629 0.015335648148148149 0.01253858024691358
0 0.9270833333333334 0.5724344135802469 0.014467592592592593 0.014853395061728395
0 0.8809317129629629 0.5772569444444444 0.01244212962962963 0.009837962962962963
0 0.8855613425925926 0.5702160493827161 0.01070601851851852 0.006558641975308642
6 0.8616898148148148 0.5076195987654321 0.006944444444444444 0.004822530864197531
0 0.9537037037037037 0.46768904320987653 0.01273148148148148 0.009837962962962963
0 0.8003472222222222 0.6685956790123457 0.009837962962962963 0.008873456790123456
9 0.48046875 0.7822145061728395 0.015335648148148149 0.010416666666666666
0 0.48509837962962965 0.6619405864197531 0.02228009259259259 0.007908950617283951
3 0.40653935185185186 0.5245949074074074 0.009259259259259259 0.009066358024691358
6 0.42896412037037035 0.4972029320987654 0.0078125 0.005208333333333333
3 0.37311921296296297 0.48659336419753085 0.004918981481481482 0.004822530864197531
3 0.35532407407407407 0.44926697530864196 0.006944444444444444 0.005787037037037037
3 0.37962962962962965 0.44425154320987653 0.007523148148148148 0.0073302469135802465
3 0.37688078703703703 0.45322145061728397 0.004918981481481482 0.004050925925925926
3 0.4347511574074074 0.40518904320987653 0.007233796296296296 0.007137345679012345
3 0.42954282407407407 0.42052469135802467 0.005497685185185185 0.006558641975308642
3 0.45601851851851855 0.40769675925925924 0.008101851851851851 0.005979938271604938
3 0.41594328703703703 0.40933641975308643 0.004340277777777778 0.005401234567901234
3 0.3940972222222222 0.39361496913580246 0.005208333333333333 0.006751543209876543
3 0.38266782407407407 0.41030092592592593 0.004340277777777778 0.003472222222222222
7 0.3175636574074074 0.46315586419753085 0.018229166666666668 0.015046296296296295
0 0.8864293981481481 0.4512924382716049 0.010127314814814815 0.007523148148148148
0 0.9509548611111112 0.5425347222222222 0.011284722222222222 0.008680555555555556
0 0.9782986111111112 0.5580632716049383 0.015625 0.02044753086419753
0 0.94140625 0.5954861111111112 0.013599537037037037 0.016203703703703703
0 0.953125 0.6047453703703703 0.023726851851851853 0.018132716049382717
0 0.9175347222222222 0.6255787037037037 0.013888888888888888 0.010802469135802469
0 0.1349826388888889 0.6705246913580247 0.011284722222222222 0.016589506172839507
0 0.09331597222222222 0.6267361111111112 0.016493055555555556 0.010030864197530864
0 0.10300925925925926 0.6010802469135802 0.011574074074074073 0.010802469135802469
0 0.11964699074074074 0.6201774691358025 0.028645833333333332 0.020833333333333332
0 0.060474537037037035 0.5353009259259259 0.010416666666666666 0.009645061728395061
0 0.052083333333333336 0.5555555555555556 0.011574074074074073 0.01273148148148148
0 0.03428819444444445 0.5883487654320988 0.008391203703703705 0.008101851851851851
0 0.02531828703703704 0.6121720679012346 0.009548611111111112 0.015625
0 0.016637731481481483 0.6185378086419753 0.011863425925925927 0.019483024691358024
6 0.40422453703703703 0.5439814814814815 0.005787037037037037 0.0038580246913580245
1 0.6488715277777778 0.0954861111111111 0.006076388888888889 0.004243827160493827
4 0.8894675925925926 0.11091820987654322 0.009259259259259259 0.0073302469135802465
8 0.8985821759259259 0.22241512345679013 0.014178240740740741 0.010802469135802469
8 0.9699074074074074 0.2794174382716049 0.013888888888888888 0.016396604938271605
0 0.8968460648148148 0.5404128086419753 0.019965277777777776 0.01099537037037037
0 0.9691840277777778 0.5740740740740741 0.007233796296296296 0.0073302469135802465
0 0.05367476851851852 0.6312692901234568 0.008391203703703705 0.009837962962962963
0 0.9140625 0.4410686728395062 0.020833333333333332 0.022183641975308643
6 0.15364583333333334 0.6978202160493827 0.004050925925925926 0.0028935185185185184
7 0.05772569444444445 0.4136766975308642 0.007233796296296296 0.0055941358024691355
7 0.0842013888888889 0.4338348765432099 0.007523148148148148 0.005787037037037037
0 0.8381076388888888 0.5608603395061729 0.01070601851851852 0.00636574074074074
0 0.8114872685185185 0.6880787037037037 0.015335648148148149 0.015432098765432098
8 0.20630787037037038 0.7371720679012346 0.011574074074074073 0.009066358024691358
3 0.22554976851851852 0.7559799382716049 0.007233796296296296 0.0073302469135802465
0 0.4322916666666667 0.17505787037037038 0.008680555555555556 0.004436728395061728
0 0.4508101851851852 0.18055555555555555 0.010416666666666666 0.005787037037037037
0 0.4357638888888889 0.18479938271604937 0.011574074074074073 0.005401234567901234
0 0.6442418981481481 0.4729938271604938 0.004340277777777778 0.003472222222222222
0 0.8200231481481481 0.6417824074074074 0.01273148148148148 0.006558641975308642
0 0.8670428240740741 0.6380208333333334 0.018229166666666668 0.013310185185185185
0 0.9419849537037037 0.6529706790123457 0.007233796296296296 0.010030864197530864
0 0.9434317129629629 0.6408179012345679 0.008391203703703705 0.010416666666666666
2 0.5127314814814815 0.8205054012345679 0.032407407407407406 0.009066358024691358
0 0.1814236111111111 0.5818865740740741 0.02141203703703704 0.010609567901234568
0 0.6225405092592593 0.1974344135802469 0.011863425925925927 0.00636574074074074
8 0.41652199074074076 0.30304783950617287 0.01244212962962963 0.010416666666666666
8 0.07161458333333333 0.32687114197530864 0.01070601851851852 0.008680555555555556
8 0.12210648148148148 0.4885223765432099 0.015625 0.01099537037037037
6 0.05570023148148148 0.5811149691358025 0.006655092592592593 0.005208333333333333
0 0.26663773148148145 0.5311535493827161 0.013020833333333334 0.008294753086419753
0 0.17896412037037038 0.566454475308642 0.009548611111111112 0.006751543209876543
0 0.21079282407407407 0.5915316358024691 0.01070601851851852 0.006751543209876543
0 0.1863425925925926 0.6059027777777778 0.01099537037037037 0.0038580246913580245
0 0.9322916666666666 0.6212384259259259 0.015046296296296295 0.013310185185185185
0 0.7475405092592593 0.6112075617283951 0.028645833333333332 0.010609567901234568
6 0.5203993055555556 0.5315393518518519 0.004918981481481482 0.003279320987654321
0 0.2238136574074074 0.4981674382716049 0.022858796296296297 0.009066358024691358
0 0.16261574074074073 0.7057291666666666 0.015625 0.016010802469135804
0 0.7398726851851852 0.5540123456790124 0.01099537037037037 0.004243827160493827
0 0.6312210648148148 0.22202932098765432 0.010127314814814815 0.005787037037037037
6 0.5023148148148148 0.14930555555555555 0.004050925925925926 0.004629629629629629
6 0.4398148148148148 0.15470679012345678 0.005787037037037037 0.004243827160493827
1 0.5467303240740741 0.1640625 0.008391203703703705 0.004822530864197531
0 0.6024305555555556 0.1310763888888889 0.007523148148148148 0.00636574074074074
1 0.7893518518518519 0.1501736111111111 0.008101851851851851 0.007523148148148148
0 0.9390914351851852 0.5266203703703703 0.008391203703703705 0.005401234567901234
0 0.7850115740740741 0.5225694444444444 0.014467592592592593 0.006558641975308642
0 0.8715277777777778 0.5547839506172839 0.012152777777777778 0.006944444444444444
0 0.8836805555555556 0.558545524691358 0.006944444444444444 0.005979938271604938
0 0.9094328703703703 0.5833333333333334 0.009837962962962963 0.008487654320987654
0 0.8619791666666666 0.6266396604938271 0.011574074074074073 0.005208333333333333
0 0.9006076388888888 0.7149884259259259 0.010127314814814815 0.01408179012345679
0 0.1205150462962963 0.7676504629629629 0.016493055555555556 0.01253858024691358
0 0.17505787037037038 0.6516203703703703 0.01273148148148148 0.008873456790123456
0 0.1880787037037037 0.6599151234567902 0.015046296296296295 0.010802469135802469
0 0.21889467592592593 0.6405285493827161 0.014756944444444444 0.008680555555555556
0 0.23177083333333334 0.6408179012345679 0.01273148148148148 0.0073302469135802465
0 0.21614583333333334 0.5452353395061729 0.008101851851851851 0.008680555555555556
0 0.23799189814814814 0.6239390432098766 0.01244212962962963 0.011381172839506173
