3 0.42821925754060325 0.4723913043478261 0.016531322505800465 0.01217391304347826
4 0.11673433874709976 0.5240217391304348 0.015951276102088168 0.016304347826086956
4 0.14457656612529002 0.3680434782608696 0.01769141531322506 0.01391304347826087
4 0.18619489559164734 0.3903260869565217 0.015081206496519721 0.012391304347826086
4 0.1541473317865429 0.7191304347826087 0.01131090487238979 0.017826086956521738
9 0.19286542923433875 0.7397826086956522 0.0069605568445475635 0.00608695652173913
4 0.6554524361948956 0.9160869565217391 0.029582366589327145 0.020869565217391306
4 0.7407192575406032 0.7721739130434783 0.016241299303944315 0.011739130434782608
3 0.8288863109048724 0.7195652173913043 0.005220417633410673 0.006521739130434782
4 0.8309164733178654 0.5129347826086956 0.008700696055684454 0.004565217391304348
4 0.9409802784222738 0.5090217391304348 0.004930394431554524 0.007608695652173913
4 0.9302494199535963 0.4631521739130435 0.005510440835266821 0.009782608695652175
4 0.9109628770301624 0.4472826086956522 0.004640371229698376 0.005
3 0.8919663573085846 0.4376086956521739 0.007830626450116009 0.007391304347826087
3 0.8764501160092807 0.42728260869565216 0.009280742459396751 0.008478260869565218
3 0.19402552204176335 0.47956521739130437 0.01334106728538283 0.00782608695652174
3 0.1497969837587007 0.4725 0.006670533642691415 0.004565217391304348
8 0.125 0.4835869565217391 0.0075406032482598605 0.006739130434782609
1 0.11310904872389792 0.4716304347826087 0.002320185614849188 0.001956521739130435
0 0.09092227378190255 0.49326086956521736 0.0020301624129930394 0.003043478260869565
1 0.3422273781902552 0.3768478260869565 0.01160092807424594 0.006739130434782609
8 0.39675174013921116 0.3705434782608696 0.008120649651972157 0.005
1 0.3220707656612529 0.4091304347826087 0.004350348027842227 0.0026086956521739132
1 0.32018561484918795 0.3997826086956522 0.002900232018561485 0.002173913043478261
1 0.2742169373549884 0.4216304347826087 0.004350348027842227 0.002826086956521739
1 0.23520881670533642 0.4201086956521739 0.002320185614849188 0.003260869565217391
8 0.5223317865429234 0.4209782608695652 0.009860788863109048 0.005
1 0.5677204176334106 0.39695652173913043 0.006670533642691415 0.004347826086956522
4 0.5613399071925754 0.5411956521739131 0.007830626450116009 0.006739130434782609
8 0.6593677494199536 0.5108695652173914 0.007830626450116009 0.004347826086956522
8 0.6734338747099768 0.5155434782608695 0.005220417633410673 0.003260869565217391
0 0.47056264501160094 0.5746739130434783 0.01131090487238979 0.009782608695652175
0 0.48216357308584684 0.5733695652173914 0.005510440835266821 0.008913043478260869
4 0.4228538283062645 0.5909782608695652 0.008700696055684454 0.006739130434782609
8 0.3810904872389791 0.6241304347826087 0.0063805104408352666 0.0052173913043478265
3 0.38935614849187933 0.6396739130434783 0.006670533642691415 0.003260869565217391
6 0.507685614849188 0.17673913043478262 0.0095707656612529 0.00782608695652174
0 0.44852088167053367 0.18456521739130435 0.01131090487238979 0.00826086956521739
1 0.45011600928074247 0.1617391304347826 0.00580046403712297 0.00391304347826087
6 0.43039443155452434 0.17423913043478262 0.002900232018561485 0.001956521739130435
9 0.5015951276102089 0.23565217391304347 0.007830626450116009 0.007391304347826087
1 0.32410092807424595 0.12293478260869566 0.0095707656612529 0.005869565217391304
8 0.2990139211136891 0.12173913043478261 0.0063805104408352666 0.005652173913043478
7 0.3074245939675174 0.18467391304347827 0.013921113689095127 0.012391304347826086
1 0.30655452436194897 0.2209782608695652 0.004640371229698376 0.004565217391304348
3 0.43343967517401394 0.26304347826086955 0.007250580046403712 0.004782608695652174
1 0.45417633410672853 0.22510869565217392 0.0069605568445475635 0.006304347826086957
1 0.6908352668213457 0.21293478260869564 0.0063805104408352666 0.006304347826086957
1 0.48448375870069604 0.17554347826086958 0.006670533642691415 0.005869565217391304
1 0.6104988399071926 0.11369565217391304 0.0069605568445475635 0.0052173913043478265
1 0.5978828306264501 0.12358695652173914 0.006670533642691415 0.0036956521739130435
1 0.7076566125290024 0.085 0.0063805104408352666 0.004347826086956522
1 0.5962877030162413 0.18891304347826088 0.0063805104408352666 0.004782608695652174
1 0.5719257540603249 0.16293478260869565 0.004060324825986079 0.0036956521739130435
1 0.5793213457076566 0.16184782608695653 0.005510440835266821 0.004130434782608695
1 0.4247389791183295 0.16293478260869565 0.007830626450116009 0.006739130434782609
1 0.5230568445475638 0.11934782608695652 0.007250580046403712 0.00391304347826087
1 0.4280742459396752 0.08630434782608695 0.005220417633410673 0.003043478260869565
9 0.6403712296983759 0.745 0.012180974477958236 0.00782608695652174
8 0.5651102088167054 0.717391304347826 0.010150812064965197 0.00782608695652174
4 0.2049013921113689 0.7268478260869565 0.006670533642691415 0.007608695652173913
1 0.18909512761020883 0.7957608695652174 0.004060324825986079 0.004130434782608695
9 0.5893271461716937 0.9194565217391304 0.008120649651972157 0.005869565217391304
1 0.33816705336426917 0.6995652173913044 0.008700696055684454 0.006521739130434782
1 0.375 0.7272826086956522 0.0075406032482598605 0.005434782608695652
0 0.3844257540603248 0.6980434782608695 0.008990719257540603 0.009130434782608696
1 0.568445475638051 0.27456521739130435 0.009280742459396751 0.007391304347826087
0 0.6235498839907193 0.2747826086956522 0.0069605568445475635 0.00826086956521739
3 0.8491879350348028 0.48478260869565215 0.00580046403712297 0.004782608695652174
1 0.6577726218097448 0.6419565217391304 0.0063805104408352666 0.0034782608695652175
1 0.6702436194895591 0.7146739130434783 0.004640371229698376 0.004565217391304348
1 0.5129060324825986 0.7409782608695652 0.008990719257540603 0.007608695652173913
1 0.6144141531322506 0.7501086956521739 0.006090487238979118 0.005434782608695652
0 0.3776102088167053 0.5826086956521739 0.011020881670533642 0.011304347826086957
4 0.8255510440835266 0.2291304347826087 0.011890951276102088 0.010434782608695653
4 0.18662993039443154 0.6131521739130434 0.011890951276102088 0.008913043478260869
4 0.22375290023201855 0.6204347826086957 0.010150812064965197 0.00782608695652174
7 0.24463457076566125 0.7081521739130435 0.020011600928074247 0.023695652173913045
6 0.48810904872389793 0.25706521739130433 0.004640371229698376 0.004130434782608695
8 0.8694895591647331 0.32913043478260867 0.010440835266821345 0.011739130434782608
8 0.9031322505800464 0.3070652173913043 0.0075406032482598605 0.007173913043478261
6 0.26218097447795824 0.5309782608695652 0.0063805104408352666 0.004565217391304348
1 0.22099767981438515 0.5456521739130434 0.0069605568445475635 0.004782608695652174
1 0.24869489559164734 0.6769565217391305 0.020011600928074247 0.008695652173913044
8 0.15008700696055685 0.7727173913043478 0.01131090487238979 0.011521739130434782
0 0.4318445475638051 0.6756521739130434 0.03306264501160093 0.023043478260869565
0 0.2472447795823666 0.7083695652173913 0.020011600928074247 0.020652173913043477
0 0.2286832946635731 0.6321739130434783 0.0095707656612529 0.007391304347826087
0 0.5743909512761021 0.39858695652173914 0.020591647331786544 0.015
0 0.33178654292343385 0.5281521739130435 0.008700696055684454 0.007173913043478261
0 0.18024941995359628 0.6016304347826087 0.018271461716937356 0.010217391304347826
0 0.1769141531322506 0.6108695652173913 0.009280742459396751 0.006956521739130435
0 0.4124129930394432 0.9014130434782609 0.027842227378190254 0.010652173913043479
2 0.4095127610208817 0.908804347826087 0.02494199535962877 0.01891304347826087
2 0.509860788863109 0.9058695652173913 0.018561484918793503 0.006521739130434782
2 0.5300174013921114 0.9073913043478261 0.020591647331786544 0.011304347826086957
1 0.300754060324826 0.13010869565217392 0.00580046403712297 0.004130434782608695
0 0.3503480278422274 0.19467391304347825 0.017981438515081206 0.011956521739130435
0 0.40414733178654294 0.21967391304347825 0.021751740139211138 0.011956521739130435
0 0.423868909512761 0.1981521739130435 0.025812064965197216 0.020652173913043477
1 0.5861368909512761 0.13956521739130434 0.00580046403712297 0.004782608695652174
0 0.375 0.7560869565217392 0.012180974477958236 0.010434782608695653
0 0.47897331786542924 0.5619565217391305 0.01769141531322506 0.009565217391304347
1 0.4820185614849188 0.5208695652173913 0.005220417633410673 0.004782608695652174
