8 0.6570475638051044 0.5896739130434783 0.021751740139211138 0.015869565217391305
1 0.18706496519721577 0.6082608695652174 0.0063805104408352666 0.004782608695652174
1 0.2956786542923434 0.16304347826086957 0.0095707656612529 0.00826086956521739
6 0.7991589327146171 0.6054347826086957 0.01131090487238979 0.00782608695652174
6 0.777407192575406 0.5929347826086957 0.008410672853828306 0.006304347826086957
6 0.7794373549883991 0.6068478260869565 0.008990719257540603 0.005869565217391304
6 0.7907482598607889 0.6173913043478261 0.010150812064965197 0.00826086956521739
6 0.8139501160092807 0.6266304347826087 0.008990719257540603 0.005869565217391304
6 0.6432714617169374 0.5423913043478261 0.0063805104408352666 0.00782608695652174
6 0.6257250580046404 0.5295652173913044 0.005510440835266821 0.004782608695652174
6 0.5124709976798144 0.5271739130434783 0.005220417633410673 0.00391304347826087
1 0.494199535962877 0.4975 0.004060324825986079 0.004130434782608695
0 0.4801334106728538 0.6222826086956522 0.018271461716937356 0.016739130434782607
1 0.41792343387471 0.5692391304347826 0.004060324825986079 0.003260869565217391
1 0.410092807424594 0.5617391304347826 0.0063805104408352666 0.0052173913043478265
1 0.4137180974477958 0.5765217391304348 0.0037703016241299302 0.003043478260869565
1 0.410092807424594 0.5818478260869565 0.002320185614849188 0.002826086956521739
1 0.3138051044083527 0.5789130434782609 0.005220417633410673 0.00391304347826087
1 0.38921113689095127 0.21489130434782608 0.00580046403712297 0.004130434782608695
1 0.49231438515081205 0.19858695652173913 0.010730858468677494 0.006304347826086957
6 0.41125290023201855 0.2509782608695652 0.0034802784222737818 0.003260869565217391
8 0.3953016241299304 0.24967391304347827 0.020301624129930394 0.015
1 0.4879640371229698 0.22315217391304348 0.007830626450116009 0.004130434782608695
1 0.4870939675174014 0.2707608695652174 0.007250580046403712 0.004565217391304348
6 0.4502610208816705 0.12021739130434783 0.004350348027842227 0.003043478260869565
1 0.5149361948955916 0.11597826086956521 0.010730858468677494 0.006304347826086957
0 0.7236078886310905 0.19630434782608697 0.010440835266821345 0.00782608695652174
0 0.7189675174013921 0.22467391304347825 0.02320185614849188 0.01717391304347826
0 0.7398491879350348 0.1959782608695652 0.015661252900232018 0.008043478260869565
0 0.7157772621809745 0.2716304347826087 0.016821345707656612 0.015
0 0.705191415313225 0.28119565217391307 0.02117169373549884 0.016739130434782607
1 0.8603538283062645 0.6414130434782609 0.006670533642691415 0.006739130434782609
0 0.83207656612529 0.6246739130434783 0.014501160092807424 0.007608695652173913
1 0.5481438515081206 0.5040217391304348 0.0034802784222737818 0.0036956521739130435
1 0.17125870069605567 0.5689130434782609 0.004930394431554524 0.004347826086956522
1 0.1756090487238979 0.5838043478260869 0.0037703016241299302 0.0036956521739130435
0 0.255800464037123 0.5969565217391304 0.011020881670533642 0.009565217391304347
1 0.3371519721577726 0.6263043478260869 0.006670533642691415 0.00608695652173913
1 0.27958236658932717 0.6246739130434783 0.0063805104408352666 0.005869565217391304
4 0.30495939675174016 0.8798913043478261 0.007830626450116009 0.007173913043478261
1 0.5504640371229699 0.8845652173913043 0.010440835266821345 0.00826086956521739
4 0.81627030162413 0.4097826086956522 0.007250580046403712 0.006956521739130435
8 0.205046403712297 0.6611956521739131 0.014501160092807424 0.010652173913043479
8 0.5465487238979119 0.4077173913043478 0.010150812064965197 0.008478260869565218
6 0.7386890951276102 0.6917391304347826 0.0034802784222737818 0.0026086956521739132
8 0.8913863109048724 0.7841304347826087 0.006670533642691415 0.005652173913043478
7 0.128915313225058 0.592391304347826 0.0037703016241299302 0.0034782608695652175
1 0.6822795823665894 0.13880434782608694 0.0095707656612529 0.006304347826086957
6 0.5598897911832946 0.7273913043478261 0.010730858468677494 0.007391304347826087
1 0.8394721577726219 0.6678260869565218 0.0095707656612529 0.006521739130434782
8 0.9456206496519721 0.5954347826086956 0.010150812064965197 0.008695652173913044
6 0.6670533642691415 0.5364130434782609 0.00580046403712297 0.0036956521739130435
1 0.3697795823665893 0.2801086956521739 0.0069605568445475635 0.005869565217391304
1 0.30814965197215777 0.25065217391304345 0.0095707656612529 0.00608695652173913
8 0.9245939675174014 0.6477173913043478 0.0075406032482598605 0.008913043478260869
1 0.20852668213457076 0.8058695652173913 0.0069605568445475635 0.0052173913043478265
1 0.6479118329466357 0.4056521739130435 0.004640371229698376 0.0052173913043478265
1 0.5893271461716937 0.4491304347826087 0.0063805104408352666 0.004782608695652174
8 0.5149361948955916 0.5151086956521739 0.008990719257540603 0.005434782608695652
1 0.5400232018561485 0.5405434782608696 0.0063805104408352666 0.005
1 0.23839907192575405 0.7422826086956522 0.004060324825986079 0.003260869565217391
0 0.2078016241299304 0.6908695652173913 0.0095707656612529 0.00782608695652174
8 0.2630510440835267 0.6842391304347826 0.01160092807424594 0.008913043478260869
8 0.17502900232018562 0.7429347826086956 0.008990719257540603 0.008478260869565218
8 0.17444895591647333 0.7129347826086957 0.013051044083526682 0.010652173913043479
