4 0.3850058004640371 0.41293478260869565 0.013051044083526682 0.01108695652173913
1 0.7059164733178654 0.16706521739130434 0.008120649651972157 0.006304347826086957
1 0.7075116009280742 0.21521739130434783 0.01131090487238979 0.006956521739130435
1 0.7220127610208816 0.23565217391304347 0.0095707656612529 0.00608695652173913
1 0.7595707656612529 0.2115217391304348 0.008700696055684454 0.006521739130434782
8 0.7369489559164734 0.1857608695652174 0.017981438515081206 0.013695652173913043
3 0.7971287703016241 0.33891304347826084 0.013631090487238979 0.013043478260869565
3 0.9045823665893271 0.48293478260869566 0.011020881670533642 0.008478260869565218
8 0.8928364269141531 0.6123913043478261 0.013631090487238979 0.013478260869565217
8 0.8502030162412993 0.6455434782608696 0.014211136890951276 0.014130434782608696
8 0.7861078886310905 0.639891304347826 0.010150812064965197 0.008478260869565218
6 0.7821925754060325 0.6775 0.008120649651972157 0.006304347826086957
6 0.736223897911833 0.6491304347826087 0.005510440835266821 0.00391304347826087
1 0.7803074245939675 0.6022826086956522 0.008410672853828306 0.005869565217391304
6 0.8210556844547564 0.635 0.011020881670533642 0.006521739130434782
6 0.8401972157772621 0.6393478260869565 0.0063805104408352666 0.005652173913043478
6 0.23912412993039442 0.686304347826087 0.0095707656612529 0.007391304347826087
1 0.22215777262180975 0.6513043478260869 0.0069605568445475635 0.005652173913043478
0 0.24535962877030162 0.6334782608695653 0.016821345707656612 0.009565217391304347
4 0.09498259860788863 0.47119565217391307 0.006090487238979118 0.004565217391304348
1 0.09991299303944315 0.5160869565217391 0.008990719257540603 0.006521739130434782
6 0.175754060324826 0.6553260869565217 0.0075406032482598605 0.006739130434782609
6 0.18938515081206497 0.6092391304347826 0.0063805104408352666 0.005434782608695652
6 0.21925754060324826 0.5694565217391304 0.004060324825986079 0.0036956521739130435
1 0.21925754060324826 0.6385869565217391 0.005220417633410673 0.004565217391304348
6 0.33976218097447797 0.8717391304347826 0.007250580046403712 0.006956521739130435
3 0.5094257540603249 0.4557608695652174 0.020591647331786544 0.010217391304347826
3 0.525522041763341 0.45304347826086955 0.00580046403712297 0.006521739130434782
3 0.5336426914153132 0.4515217391304348 0.011020881670533642 0.012608695652173913
3 0.533207656612529 0.463804347826087 0.004930394431554524 0.007608695652173913
3 0.5513341067285383 0.4782608695652174 0.012180974477958236 0.009565217391304347
3 0.5649651972157773 0.46630434782608693 0.008120649651972157 0.012608695652173913
3 0.5281322505800464 0.5178260869565218 0.008120649651972157 0.009565217391304347
3 0.6479118329466357 0.5145652173913043 0.016241299303944315 0.01217391304347826
3 0.5688805104408353 0.4891304347826087 0.01131090487238979 0.01217391304347826
3 0.4206786542923434 0.5507608695652174 0.014211136890951276 0.012826086956521739
3 0.4261890951276102 0.5228260869565218 0.008990719257540603 0.00608695652173913
3 0.4047273781902552 0.5025 0.007250580046403712 0.007608695652173913
3 0.3961716937354988 0.4960869565217391 0.0063805104408352666 0.006956521739130435
3 0.4098027842227378 0.4767391304347826 0.004640371229698376 0.005652173913043478
3 0.42604408352668216 0.4301086956521739 0.0069605568445475635 0.008913043478260869
3 0.44446055684454755 0.43228260869565216 0.011890951276102088 0.005869565217391304
3 0.42531902552204176 0.4515217391304348 0.007250580046403712 0.0052173913043478265
3 0.43053944315545245 0.4469565217391304 0.007830626450116009 0.007391304347826087
8 0.4827436194895592 0.6622826086956521 0.015951276102088168 0.011956521739130435
8 0.6773491879350348 0.6920652173913043 0.010730858468677494 0.009347826086956522
3 0.9151682134570766 0.4225 0.010150812064965197 0.008913043478260869
3 0.8851508120649652 0.44032608695652176 0.013921113689095127 0.009782608695652175
1 0.31162993039443154 0.5618478260869565 0.010730858468677494 0.008913043478260869
1 0.6061484918793504 0.21934782608695652 0.00580046403712297 0.0052173913043478265
4 0.1779292343387471 0.8188043478260869 0.0037703016241299302 0.005434782608695652
8 0.4869489559164733 0.9243478260869565 0.01160092807424594 0.01
6 0.4499709976798144 0.591304347826087 0.006670533642691415 0.005652173913043478
0 0.2150522041763341 0.6355434782608695 0.006090487238979118 0.004565217391304348
1 0.33120649651972156 0.721304347826087 0.01160092807424594 0.006956521739130435
0 0.423868909512761 0.6525 0.008410672853828306 0.006739130434782609
8 0.5182714617169374 0.9285869565217392 0.012180974477958236 0.01108695652173913
2 0.5345127610208816 0.9183695652173913 0.013921113689095127 0.007173913043478261
1 0.6476218097447796 0.19793478260869565 0.0075406032482598605 0.004130434782608695
1 0.5980278422273781 0.2383695652173913 0.00580046403712297 0.005
8 0.12688515081206497 0.6508695652173913 0.007830626450116009 0.00608695652173913
0 0.5871519721577726 0.6620652173913043 0.005510440835266821 0.005
0 0.5955626450116009 0.6613043478260869 0.005510440835266821 0.0034782608695652175