0 0.15240719257540603 0.5539130434782609 0.016531322505800465 0.0052173913043478265
0 0.15617749419953597 0.5760869565217391 0.03857308584686775 0.023043478260869565
0 0.1002030162412993 0.5505434782608696 0.02291183294663573 0.019782608695652175
0 0.12746519721577726 0.5594565217391304 0.04263341067285383 0.02108695652173913
0 0.10788863109048724 0.5785869565217391 0.02494199535962877 0.025869565217391303
2 0.11412412993039443 0.5788043478260869 0.013051044083526682 0.009782608695652175
2 0.10629350348027843 0.5729347826086957 0.007830626450116009 0.008043478260869565
0 0.09367749419953596 0.5922826086956522 0.03248259860788863 0.03760869565217391
0 0.07453596287703017 0.6318478260869566 0.03538283062645012 0.034565217391304345
2 0.07801624129930394 0.6418478260869566 0.0069605568445475635 0.011521739130434782
0 0.1537122969837587 0.6513043478260869 0.03538283062645012 0.014782608695652174
2 0.15342227378190254 0.6554347826086957 0.01334106728538283 0.013043478260869565
0 0.19779582366589327 0.6106521739130435 0.02262180974477958 0.013043478260869565
2 0.1998259860788863 0.6158695652173913 0.0075406032482598605 0.006956521739130435
0 0.2062064965197216 0.6298913043478261 0.020301624129930394 0.02108695652173913
0 0.2302784222737819 0.6253260869565217 0.016821345707656612 0.012826086956521739
0 0.21650232018561485 0.6320652173913044 0.0095707656612529 0.011956521739130435
0 0.22230278422273783 0.6384782608695653 0.010730858468677494 0.013043478260869565
0 0.21534222737819025 0.6671739130434783 0.02291183294663573 0.016956521739130436
2 0.18735498839907191 0.6779347826086957 0.033642691415313224 0.03804347826086957
0 0.1880800464037123 0.6941304347826087 0.033932714617169374 0.02217391304347826
0 0.2038863109048724 0.7981521739130435 0.034222737819025524 0.018043478260869564
0 0.17256380510440836 0.8027173913043478 0.02320185614849188 0.021956521739130434
0 0.20910672853828308 0.8338043478260869 0.04698375870069606 0.024565217391304347
2 0.20374129930394433 0.8201086956521739 0.03625290023201856 0.03065217391304348
2 0.22650812064965198 0.8140217391304347 0.02088167053364269 0.01891304347826087
2 0.3288863109048724 0.9122826086956521 0.1136890951276102 0.0558695652173913
2 0.21490719257540603 0.865108695652174 0.04582366589327146 0.029782608695652173
2 0.3896461716937355 0.8973913043478261 0.008990719257540603 0.00608695652173913
2 0.3884860788863109 0.9033695652173913 0.006670533642691415 0.005434782608695652
0 0.38950116009280744 0.9018478260869566 0.01334106728538283 0.008913043478260869
2 0.4186484918793503 0.899891304347826 0.008410672853828306 0.008043478260869565
0 0.4131380510440835 0.9023913043478261 0.007250580046403712 0.01391304347826087
0 0.41299303944315546 0.93 0.03074245939675174 0.021304347826086957
2 0.4103828306264501 0.9365217391304348 0.01160092807424594 0.00782608695652174
2 0.7209976798143851 0.8781521739130435 0.10498839907192575 0.07065217391304347
0 0.793068445475638 0.7239130434782609 0.013051044083526682 0.011739130434782608
0 0.8322215777262181 0.7373913043478261 0.03625290023201856 0.044782608695652176
0 0.8132250580046404 0.6765217391304348 0.034222737819025524 0.023043478260869565
0 0.8900812064965197 0.6503260869565217 0.037703016241299306 0.04934782608695652
0 0.8745649651972158 0.698695652173913 0.029872389791183295 0.04826086956521739
2 0.8832656612529002 0.711195652173913 0.018851508120649653 0.020217391304347826
0 0.8896461716937355 0.721195652173913 0.026392111368909513 0.03195652173913043
0 0.8075696055684455 0.5864130434782608 0.028132250580046404 0.013260869565217392
2 0.8187354988399071 0.59 0.01160092807424594 0.007391304347826087
0 0.7834976798143851 0.5926086956521739 0.018271461716937356 0.017826086956521738
0 0.7817575406032483 0.6133695652173913 0.02291183294663573 0.012391304347826086
0 0.7746519721577726 0.6458695652173913 0.023781902552204175 0.01608695652173913
2 0.7681264501160093 0.6433695652173913 0.012470997679814385 0.006739130434782609
2 0.7839327146171694 0.6442391304347826 0.009280742459396751 0.006304347826086957
0 0.740139211136891 0.6315217391304347 0.0191415313225058 0.02
0 0.8425174013921114 0.648695652173913 0.04060324825986079 0.018260869565217393
0 0.8636890951276102 0.6622826086956521 0.0069605568445475635 0.011956521739130435
0 0.7737819025522041 0.6842391304347826 0.015661252900232018 0.012391304347826086
0 0.7549303944315545 0.6741304347826087 0.01334106728538283 0.011739130434782608
0 0.8500580046403712 0.611195652173913 0.016821345707656612 0.01717391304347826
0 0.9029872389791184 0.5794565217391304 0.024651972157772623 0.023695652173913045
2 0.9131380510440835 0.5890217391304348 0.008990719257540603 0.008043478260869565
0 0.9000870069605569 0.5972826086956522 0.011890951276102088 0.010652173913043479
0 0.9154582366589327 0.5956521739130435 0.01131090487238979 0.01652173913043478
2 0.9229988399071926 0.5959782608695652 0.013631090487238979 0.013260869565217392
0 0.8700696055684455 0.5976086956521739 0.015661252900232018 0.011739130434782608
0 0.9128480278422274 0.6279347826086956 0.028132250580046404 0.036304347826086956
0 0.8059744779582366 0.5678260869565217 0.01334106728538283 0.01
0 0.7547853828306265 0.576304347826087 0.01943155452436195 0.007391304347826087
0 0.7233178654292344 0.5936956521739131 0.02088167053364269 0.013043478260869565
1 0.6482018561484919 0.6084782608695652 0.008700696055684454 0.00608695652173913
2 0.7865429234338747 0.5425 0.008700696055684454 0.004565217391304348
0 0.786977958236659 0.5466304347826086 0.0287122969837587 0.009347826086956522
0 0.45185614849187933 0.5153260869565217 0.008120649651972157 0.007173913043478261
0 0.45330626450116007 0.5227173913043478 0.008700696055684454 0.010652173913043479
0 0.4443155452436195 0.5419565217391304 0.01740139211136891 0.023043478260869565
0 0.4289443155452436 0.5458695652173913 0.008700696055684454 0.009130434782608696
0 0.4986948955916473 0.5460869565217391 0.016531322505800465 0.006521739130434782
0 0.4836136890951276 0.5351086956521739 0.007250580046403712 0.005869565217391304
6 0.4982598607888631 0.4892391304347826 0.0075406032482598605 0.005434782608695652
6 0.4792633410672854 0.49326086956521736 0.004930394431554524 0.00391304347826087
6 0.5305974477958236 0.4852173913043478 0.004930394431554524 0.004347826086956522
6 0.5472737819025522 0.47891304347826086 0.005220417633410673 0.0052173913043478265
8 0.5495939675174014 0.4046739130434783 0.021461716937354988 0.016739130434782607
0 0.205046403712297 0.5833695652173913 0.012180974477958236 0.012391304347826086
0 0.2404292343387471 0.5903260869565218 0.03480278422273782 0.024565217391304347
2 0.23883410672853828 0.5901086956521739 0.007250580046403712 0.006304347826086957
0 0.27450696055684454 0.5840217391304348 0.027552204176334107 0.01847826086956522
0 0.19446055684454758 0.5434782608695652 0.018271461716937356 0.013478260869565217
0 0.32859628770301624 0.5314130434782609 0.026102088167053363 0.01891304347826087
0 0.07453596287703017 0.36380434782608695 0.03944315545243619 0.075
0 0.07990139211136892 0.2752173913043478 0.024651972157772623 0.03173913043478261
0 0.3265661252900232 0.2192391304347826 0.015661252900232018 0.009782608695652175
0 0.36339907192575405 0.2141304347826087 0.0191415313225058 0.012608695652173913
0 0.373114849187935 0.19717391304347825 0.008990719257540603 0.010434782608695653
0 0.38819605568445475 0.1991304347826087 0.013631090487238979 0.013043478260869565
0 0.3838457076566125 0.2323913043478261 0.017111368909512762 0.018695652173913044
0 0.3986368909512761 0.2259782608695652 0.008990719257540603 0.01108695652173913
2 0.3818155452436195 0.23130434782608697 0.0095707656612529 0.006956521739130435
0 0.38428074245939675 0.2540217391304348 0.014501160092807424 0.011956521739130435
0 0.4286542923433875 0.23630434782608695 0.008700696055684454 0.006956521739130435
2 0.4289443155452436 0.23347826086956522 0.0063805104408352666 0.004347826086956522
0 0.4351798143851508 0.2966304347826087 0.026392111368909513 0.016739130434782607
2 0.43387470997679817 0.29228260869565215 0.009860788863109048 0.010217391304347826
0 0.44576566125290024 0.2875 0.004640371229698376 0.015434782608695652
0 0.46592227378190254 0.2801086956521739 0.011890951276102088 0.011521739130434782
0 0.48056844547563804 0.275 0.012761020881670533 0.01391304347826087
0 0.4837587006960557 0.29891304347826086 0.014501160092807424 0.010869565217391304
0 0.4762180974477958 0.331304347826087 0.009280742459396751 0.00782608695652174
2 0.48042343387471 0.338804347826087 0.04147331786542923 0.035
0 0.5320475638051044 0.30369565217391303 0.013051044083526682 0.021304347826086957
2 0.5368329466357309 0.3034782608695652 0.0063805104408352666 0.0052173913043478265
0 0.5053654292343387 0.2932608695652174 0.012470997679814385 0.011739130434782608
2 0.5066705336426914 0.28804347826086957 0.008700696055684454 0.00608695652173913
2 0.5107308584686775 0.2933695652173913 0.0075406032482598605 0.007173913043478261
0 0.5005800464037123 0.35978260869565215 0.01160092807424594 0.008695652173913044
0 0.5284222737819025 0.3418478260869565 0.005220417633410673 0.007173913043478261
0 0.5581496519721578 0.3475 0.0037703016241299302 0.006304347826086957
0 0.541038283062645 0.3441304347826087 0.018271461716937356 0.021739130434782608
0 0.5616299303944315 0.36141304347826086 0.008410672853828306 0.008478260869565218
0 0.6022331786542924 0.3190217391304348 0.008990719257540603 0.009347826086956522
2 0.591792343387471 0.3218478260869565 0.025812064965197216 0.013260869565217392
2 0.5327726218097448 0.3447826086956522 0.008120649651972157 0.01217391304347826
2 0.5456786542923434 0.3493478260869565 0.014791183294663572 0.017391304347826087
2 0.5358178654292344 0.3532608695652174 0.008410672853828306 0.006956521739130435
0 0.5131960556844548 0.25858695652173913 0.010730858468677494 0.022391304347826088
2 0.5121809744779582 0.2525 0.0063805104408352666 0.004130434782608695
2 0.5158062645011601 0.2639130434782609 0.005510440835266821 0.004347826086956522
0 0.5411832946635731 0.276304347826087 0.009280742459396751 0.00826086956521739
0 0.5517691415313225 0.27402173913043476 0.007250580046403712 0.013260869565217392
2 0.5543793503480279 0.27391304347826084 0.006670533642691415 0.004347826086956522
0 0.5494489559164734 0.25630434782608696 0.007830626450116009 0.006956521739130435
0 0.4156032482598608 0.20347826086956522 0.018561484918793503 0.015217391304347827
2 0.4099477958236659 0.20228260869565218 0.010730858468677494 0.004565217391304348
2 0.41922853828306267 0.1981521739130435 0.006670533642691415 0.005869565217391304
0 0.45185614849187933 0.1875 0.011020881670533642 0.008478260869565218
0 0.4853538283062645 0.2165217391304348 0.007250580046403712 0.01
0 0.4869489559164733 0.20423913043478262 0.0063805104408352666 0.008913043478260869
0 0.48056844547563804 0.2091304347826087 0.0069605568445475635 0.005652173913043478
0 0.494199535962877 0.19880434782608697 0.011020881670533642 0.010217391304347826
0 0.6087587006960556 0.2248913043478261 0.012761020881670533 0.009347826086956522
0 0.6248549883990719 0.2216304347826087 0.0095707656612529 0.007608695652173913
0 0.6077436194895591 0.25206521739130433 0.004350348027842227 0.011956521739130435
0 0.6084686774941995 0.2629347826086956 0.008700696055684454 0.010217391304347826
0 0.6653132250580046 0.23434782608695653 0.00580046403712297 0.00826086956521739
0 0.576276102088167 0.2048913043478261 0.010440835266821345 0.007173913043478261
1 0.7088167053364269 0.1265217391304348 0.01160092807424594 0.009565217391304347
6 0.6554524361948956 0.14380434782608695 0.0075406032482598605 0.005434782608695652
2 0.44808584686774944 0.1441304347826087 0.016821345707656612 0.013043478260869565
0 0.4818735498839907 0.14445652173913043 0.011890951276102088 0.006739130434782609
0 0.4802784222737819 0.19608695652173913 0.012761020881670533 0.011304347826086957
0 0.466792343387471 0.1934782608695652 0.008990719257540603 0.009130434782608696
0 0.466792343387471 0.22532608695652173 0.005510440835266821 0.008478260869565218
0 0.4691125290023202 0.23282608695652174 0.008410672853828306 0.010434782608695653
8 0.5814965197215777 0.22956521739130434 0.014501160092807424 0.013478260869565217
8 0.599622969837587 0.20478260869565218 0.01943155452436195 0.02
0 0.919953596287703 0.43043478260869567 0.02262180974477958 0.035652173913043476
2 0.9084976798143851 0.42130434782608694 0.02349187935034803 0.01565217391304348
2 0.9241589327146171 0.3630434782608696 0.01131090487238979 0.01565217391304348
0 0.9334396751740139 0.3635869565217391 0.014211136890951276 0.03847826086956522
0 0.9544663573085846 0.3957608695652174 0.010440835266821345 0.015434782608695652
2 0.9361948955916474 0.43815217391304345 0.02320185614849188 0.02282608695652174
0 0.9444605568445475 0.48336956521739133 0.0478538283062645 0.08413043478260869
0 0.4625870069605568 0.1793478260869565 0.01740139211136891 0.010434782608695653
0 0.4479408352668213 0.17173913043478262 0.01537122969837587 0.00826086956521739
0 0.48390371229698376 0.12260869565217392 0.010730858468677494 0.010434782608695653
2 0.4840487238979118 0.1292391304347826 0.012761020881670533 0.006739130434782609
2 0.4879640371229698 0.12184782608695652 0.0037703016241299302 0.004565217391304348
6 0.5071055684454756 0.1743478260869565 0.006670533642691415 0.00391304347826087
0 0.5065255220417634 0.1801086956521739 0.014211136890951276 0.009347826086956522
2 0.622969837587007 0.1741304347826087 0.013921113689095127 0.010869565217391304
0 0.5822215777262181 0.1676086956521739 0.024071925754060326 0.011304347826086957
2 0.580046403712297 0.1632608695652174 0.004640371229698376 0.00391304347826087
2 0.8264211136890951 0.4931521739130435 0.0037703016241299302 0.005
0 0.8285962877030162 0.49217391304347824 0.018561484918793503 0.013043478260869565
2 0.6557424593967517 0.8595652173913043 0.02262180974477958 0.01652173913043478
2 0.6811194895591647 0.8666304347826087 0.02349187935034803 0.015869565217391305
2 0.0675754060324826 0.6102173913043478 0.01160092807424594 0.018695652173913044
0 0.06598027842227379 0.5889130434782609 0.021751740139211138 0.03391304347826087
0 0.1290603248259861 0.5059782608695652 0.02320185614849188 0.015869565217391305
2 0.11673433874709976 0.5020652173913044 0.006090487238979118 0.005434782608695652
0 0.07874129930394431 0.5055434782608695 0.04727378190255221 0.10021739130434783
2 0.06612529002320186 0.46010869565217394 0.00580046403712297 0.004565217391304348
0 0.23042343387470998 0.5670652173913043 0.03335266821345707 0.019782608695652175
2 0.23158352668213458 0.5403260869565217 0.011890951276102088 0.008913043478260869
0 0.1700986078886311 0.6765217391304348 0.02291183294663573 0.025652173913043478
0 0.8504930394431555 0.6791304347826087 0.013631090487238979 0.01391304347826087
0 0.8213457076566125 0.6882608695652174 0.008120649651972157 0.009565217391304347
0 0.8937064965197216 0.5092391304347826 0.03857308584686775 0.01847826086956522
0 0.44504060324825984 0.2483695652173913 0.006670533642691415 0.022391304347826088
2 0.45983178654292345 0.3041304347826087 0.024071925754060326 0.017826086956521738
2 0.44620069605568446 0.26717391304347826 0.017111368909512762 0.01565217391304348
0 0.4048723897911833 0.17554347826086958 0.017981438515081206 0.01108695652173913
0 0.45142111368909515 0.6618478260869565 0.010150812064965197 0.014130434782608696
0 0.47766821345707655 0.6604347826086957 0.008700696055684454 0.01391304347826087
0 0.4302494199535963 0.6770652173913043 0.013051044083526682 0.012826086956521739
0 0.4440255220417633 0.6785869565217392 0.008120649651972157 0.009782608695652175
0 0.4831786542923434 0.6867391304347826 0.011020881670533642 0.010869565217391304
0 0.34976798143851506 0.7105434782608696 0.009860788863109048 0.014130434782608696
0 0.4171983758700696 0.7129347826086957 0.03509280742459397 0.024565217391304347
1 0.23839907192575405 0.08282608695652174 0.011020881670533642 0.00608695652173913
2 0.42560904872389793 0.30282608695652175 0.011890951276102088 0.00782608695652174
2 0.4396751740139211 0.3045652173913043 0.015081206496519721 0.00782608695652174
0 0.4254640371229698 0.25206521739130433 0.009280742459396751 0.006304347826086957
1 0.6068735498839907 0.12 0.0037703016241299302 0.003043478260869565
1 0.697215777262181 0.10978260869565218 0.0069605568445475635 0.004782608695652174
6 0.7718967517401392 0.3248913043478261 0.007830626450116009 0.005434782608695652
6 0.7721867749419954 0.31619565217391304 0.007830626450116009 0.005
0 0.6205046403712297 0.31815217391304346 0.014791183294663572 0.008913043478260869
0 0.5071055684454756 0.3726086956521739 0.007830626450116009 0.009130434782608696
0 0.23955916473317865 0.5364130434782609 0.02320185614849188 0.011521739130434782
0 0.14095127610208816 0.7027173913043478 0.020301624129930394 0.016304347826086956
0 0.31960556844547566 0.8768478260869565 0.013921113689095127 0.008913043478260869
8 0.5928074245939675 0.8327173913043479 0.0191415313225058 0.012826086956521739
6 0.5674303944315545 0.7254347826086956 0.008410672853828306 0.006956521739130435
6 0.6294953596287703 0.7439130434782608 0.007250580046403712 0.00608695652173913
0 0.5498839907192575 0.7077173913043479 0.011020881670533642 0.011956521739130435
8 0.5910672853828306 0.6833695652173913 0.0075406032482598605 0.008478260869565218
0 0.6157192575406032 0.6955434782608696 0.009860788863109048 0.009782608695652175
0 0.6589327146171694 0.7208695652173913 0.009280742459396751 0.011304347826086957
0 0.6898201856148491 0.7266304347826087 0.008410672853828306 0.012391304347826086
0 0.6998259860788864 0.7502173913043478 0.01740139211136891 0.00826086956521739
0 0.6709686774941995 0.6421739130434783 0.013051044083526682 0.01
0 0.783207656612529 0.633804347826087 0.008990719257540603 0.008913043478260869
0 0.7897331786542924 0.6375 0.008700696055684454 0.006304347826086957
0 0.8290313225058005 0.6358695652173914 0.0095707656612529 0.00782608695652174
0 0.8206206496519721 0.6054347826086957 0.010150812064965197 0.008695652173913044
0 0.871084686774942 0.5828260869565217 0.013051044083526682 0.009130434782608696
6 0.7368039443155452 0.5788043478260869 0.004930394431554524 0.0036956521739130435
0 0.6360208816705336 0.5109782608695652 0.019721577726218097 0.017608695652173913
0 0.683584686774942 0.5277173913043478 0.0063805104408352666 0.005869565217391304
0 0.8138051044083526 0.5106521739130435 0.034222737819025524 0.025652173913043478
0 0.851508120649652 0.5023913043478261 0.037703016241299306 0.02043478260869565
0 0.8786252900232019 0.47 0.02349187935034803 0.018260869565217393
9 0.040168213457076565 0.5710869565217391 0.010150812064965197 0.011304347826086957
0 0.12470997679814386 0.6653260869565217 0.03596287703016241 0.03195652173913043
0 0.18895011600928074 0.5778260869565217 0.006090487238979118 0.005652173913043478
7 0.27653712296983757 0.6080434782608696 0.022331786542923435 0.022608695652173914
1 0.3232308584686775 0.635 0.008410672853828306 0.0052173913043478265
0 0.341792343387471 0.5865217391304348 0.013631090487238979 0.008695652173913044
0 0.4955046403712297 0.31271739130434784 0.007830626450116009 0.005434782608695652
0 0.5021751740139211 0.3208695652173913 0.004930394431554524 0.006521739130434782
0 0.5084106728538283 0.2828260869565217 0.0069605568445475635 0.006521739130434782
0 0.6589327146171694 0.21521739130434783 0.02320185614849188 0.017391304347826087
1 0.597592807424594 0.40293478260869564 0.007830626450116009 0.006739130434782609
0 0.4499709976798144 0.592391304347826 0.008990719257540603 0.01
0 0.3328016241299304 0.6527173913043478 0.005510440835266821 0.005434782608695652
7 0.8272911832946636 0.8216304347826087 0.014211136890951276 0.011956521739130435
7 0.78915313225058 0.8294565217391304 0.01334106728538283 0.009782608695652175
0 0.8999419953596288 0.35532608695652174 0.030162412993039442 0.09108695652173913
0 0.376885150812065 0.3114130434782609 0.007250580046403712 0.010652173913043479
0 0.6780742459396751 0.21793478260869564 0.008120649651972157 0.010652173913043479
0 0.8857308584686775 0.547608695652174 0.011020881670533642 0.006956521739130435
0 0.8755800464037123 0.5522826086956522 0.013921113689095127 0.011521739130434782
0 0.8739849187935035 0.7533695652173913 0.015951276102088168 0.013695652173913043
0 0.7761020881670534 0.7655434782608695 0.020301624129930394 0.024565217391304347
0 0.5466937354988399 0.6483695652173913 0.009280742459396751 0.007608695652173913
0 0.6358758700696056 0.5853260869565218 0.014211136890951276 0.010652173913043479
2 0.26261600928074247 0.9240217391304347 0.04495359628770302 0.02717391304347826
0 0.38428074245939675 0.6719565217391305 0.00580046403712297 0.011739130434782608
