4 0.19741048593350383 0.21481659074562456 0.005434782608695652 0.004315511867657636
1 0.34127237851662406 0.1854471349796212 0.009910485933503837 0.00695276912011508
1 0.4317455242966752 0.11328218652601295 0.009271099744245524 0.006473267801486454
1 0.47282608695652173 0.1456485255334452 0.0159846547314578 0.009350275713258211
1 0.5703324808184144 0.0777990889474946 0.00959079283887468 0.006473267801486454
4 0.9595588235294118 0.4537281227523376 0.007352941176470588 0.005514265164229201
4 0.8449488491048593 0.4898105969791417 0.011508951406649617 0.008631023735315272
4 0.7241048593350383 0.5871493646607528 0.014066496163682864 0.011987532965715655
4 0.7683823529411765 0.6901222728362503 0.025255754475703326 0.017022296811316232
4 0.91096547314578 0.6964756653080796 0.009271099744245524 0.011987532965715655
4 0.9173593350383632 0.7654039798609447 0.007352941176470588 0.010309278350515464
4 0.3313618925831202 0.688324142891393 0.016304347826086956 0.012946535602972908
4 0.10565856777493605 0.6116039319108127 0.012468030690537084 0.011028530328458403
8 0.26294757033248084 0.8919923279789019 0.025255754475703326 0.01846080076720211
3 0.3459079283887468 0.472428674178854 0.015345268542199489 0.014145288899544474
3 0.3249680306905371 0.48609446175976984 0.02973145780051151 0.021817309997602494
3 0.40585038363171355 0.5556221529609207 0.012468030690537084 0.013665787580915847
3 0.17103580562659845 0.5136657875809159 0.0159846547314578 0.0146247902181731
3 0.489769820971867 0.46056101654279546 0.015345268542199489 0.013426036921601535
3 0.5330882352941176 0.4628386478062815 0.009271099744245524 0.008391273076000958
3 0.507193094629156 0.47218892351953967 0.010549872122762148 0.005993766482857828
3 0.5645780051150895 0.4851354591225126 0.008312020460358057 0.006473267801486454
4 0.9528452685421995 0.31886837688803643 0.006074168797953964 0.006713018460800768
1 0.4459718670076726 0.1581155598177895 0.014705882352941176 0.008870774394629586
8 0.2985933503836317 0.9103332534164469 0.007033248081841432 0.005274514504914889
8 0.5375639386189258 0.9588827619275953 0.009271099744245524 0.005514265164229201
1 0.779891304347826 0.21217933349316712 0.007352941176470588 0.006233517142172141
6 0.5163043478260869 0.053824023016063295 0.007033248081841432 0.005034763845600575
8 0.018702046035805626 0.17537760728842006 0.007352941176470588 0.008391273076000958
1 0.7456841432225064 0.7956125629345481 0.0041560102301790285 0.0026372572524574443
1 0.7544757033248082 0.821625509470151 0.004475703324808184 0.0028770079117717575
3 0.3567774936061381 0.49784224406617117 0.01918158567774936 0.02469431790937425
7 0.22730179028132994 0.509949652361544 0.007033248081841432 0.004795013186286262
7 0.24600383631713554 0.49100935027571324 0.0041560102301790285 0.0038360105490290097
3 0.9242327365728901 0.4581635099496524 0.010230179028132993 0.007192519779429393
3 0.9259910485933504 0.4859745864301127 0.013746803069053709 0.008631023735315272
3 0.9806585677749361 0.44138096379765046 0.006074168797953964 0.007192519779429393
3 0.975383631713555 0.43358906736993524 0.005115089514066497 0.005514265164229201
3 0.9633951406649617 0.4112922560537042 0.008631713554987212 0.007432270438743707
3 0.9322250639386189 0.39714696715415965 0.0076726342710997444 0.005514265164229201
3 0.9370204603580563 0.42867417885399184 0.008312020460358057 0.005274514504914889
3 0.9649936061381074 0.4691920402781108 0.006074168797953964 0.01150803164708703
0 0.8427109974424553 0.8056820906257492 0.010230179028132993 0.009829777031886838
7 0.5206202046035806 0.7553344521697435 0.057225063938618925 0.06017741548789259
1 0.6512148337595908 0.20714456964756653 0.005115089514066497 0.004795013186286262
4 0.4701086956521739 0.2679213617837449 0.006713554987212276 0.005993766482857828
1 0.018062659846547313 0.4948453608247423 0.005434782608695652 0.005274514504914889
8 0.28388746803069054 0.7516183169503716 0.008312020460358057 0.007192519779429393
0 0.4725063938618926 0.5781587149364661 0.01854219948849105 0.010309278350515464
1 0.7805306905370843 0.19228002877007913 0.007352941176470588 0.005274514504914889
0 0.11445012787723785 0.7881802924958043 0.008951406649616368 0.009350275713258211
0 0.062180306905370845 0.7016303044833373 0.010549872122762148 0.013665787580915847
0 0.03132992327365729 0.638575881083673 0.014705882352941176 0.014145288899544474
1 0.1715153452685422 0.6686645888276193 0.005434782608695652 0.0038360105490290097
1 0.40297314578005117 0.10057540158235435 0.009910485933503837 0.007432270438743707
0 0.7012468030690537 0.7121793334931671 0.012468030690537084 0.008870774394629586