4 0.36745939675174016 0.29543478260869566 0.012180974477958236 0.01
8 0.5211716937354989 0.33304347826086955 0.008700696055684454 0.00826086956521739
1 0.33773201856148494 0.3558695652173913 0.004930394431554524 0.004347826086956522
1 0.32830626450116007 0.3427173913043478 0.004640371229698376 0.004565217391304348
1 0.1627030162412993 0.43728260869565216 0.0075406032482598605 0.006304347826086957
1 0.09077726218097448 0.3968478260869565 0.004640371229698376 0.002826086956521739
1 0.03581786542923434 0.4056521739130435 0.004930394431554524 0.0034782608695652175
0 0.09019721577726218 0.5781521739130435 0.03480278422273782 0.022391304347826088
8 0.24289443155452436 0.6464130434782609 0.008410672853828306 0.006739130434782609
9 0.22404292343387472 0.6569565217391304 0.010150812064965197 0.00608695652173913
1 0.1863399071925754 0.64 0.008990719257540603 0.007391304347826087
6 0.1915603248259861 0.6208695652173913 0.007250580046403712 0.005652173913043478
0 0.17807424593967516 0.6280434782608696 0.01334106728538283 0.013478260869565217
0 0.11194895591647332 0.6198913043478261 0.0063805104408352666 0.007608695652173913
0 0.12021461716937355 0.6184782608695653 0.008410672853828306 0.011304347826086957
0 0.10904872389791183 0.5077173913043478 0.015081206496519721 0.008913043478260869
0 0.20562645011600927 0.5803260869565218 0.017981438515081206 0.01934782608695652
9 0.0771461716937355 0.6728260869565217 0.004060324825986079 0.0034782608695652175
9 0.13863109048723898 0.7673913043478261 0.005220417633410673 0.006521739130434782
8 0.11310904872389792 0.7220652173913044 0.009280742459396751 0.015
1 0.47940835266821347 0.8355434782608696 0.0069605568445475635 0.005434782608695652
8 0.5030452436194895 0.8522826086956522 0.010730858468677494 0.006739130434782609
8 0.376885150812065 0.8910869565217391 0.011890951276102088 0.00826086956521739
8 0.3997969837587007 0.8973913043478261 0.014211136890951276 0.010434782608695653
8 0.6664733178654292 0.9280434782608695 0.015081206496519721 0.01652173913043478
8 0.4206786542923434 0.9154347826086957 0.011890951276102088 0.009565217391304347
4 0.7093967517401392 0.7605434782608695 0.009280742459396751 0.009782608695652175
8 0.5877320185614849 0.7065217391304348 0.014211136890951276 0.011304347826086957
8 0.6851798143851509 0.6921739130434783 0.013051044083526682 0.010869565217391304
4 0.369199535962877 0.4415217391304348 0.0075406032482598605 0.00608695652173913
4 0.5891821345707656 0.5196739130434782 0.007250580046403712 0.004565217391304348
8 0.8722447795823666 0.453804347826087 0.0095707656612529 0.006739130434782609
8 0.8517981438515081 0.46391304347826084 0.009860788863109048 0.006956521739130435
8 0.8371519721577726 0.45815217391304347 0.006670533642691415 0.005869565217391304
8 0.8982018561484919 0.6339130434782608 0.011020881670533642 0.010869565217391304
8 0.9287993039443155 0.5415217391304348 0.004930394431554524 0.008695652173913044
4 0.9055974477958236 0.5302173913043479 0.004350348027842227 0.00782608695652174
4 0.6202146171693735 0.6132608695652174 0.004930394431554524 0.00391304347826087
8 0.8587587006960556 0.5052173913043478 0.008120649651972157 0.007391304347826087
8 0.8941415313225058 0.4948913043478261 0.010440835266821345 0.015434782608695652
0 0.39501160092807425 0.23793478260869566 0.0063805104408352666 0.0036956521739130435
0 0.44837587006960555 0.1859782608695652 0.013921113689095127 0.010652173913043479
0 0.3810904872389791 0.11521739130434783 0.010440835266821345 0.006521739130434782
0 0.46766241299303946 0.2234782608695652 0.005510440835266821 0.0026086956521739132
0 0.4582366589327146 0.23326086956521738 0.014501160092807424 0.015217391304347827
0 0.4689675174013921 0.23293478260869566 0.008120649651972157 0.011521739130434782
0 0.5958526682134571 0.22021739130434784 0.006090487238979118 0.007391304347826087
0 0.5021751740139211 0.22967391304347826 0.005510440835266821 0.003260869565217391
0 0.5073955916473318 0.22641304347826086 0.004930394431554524 0.004130434782608695
0 0.5765661252900232 0.25771739130434784 0.009280742459396751 0.006739130434782609
0 0.45200116009280744 0.2823913043478261 0.010730858468677494 0.010434782608695653
0 0.5220417633410673 0.21913043478260869 0.005220417633410673 0.006956521739130435
0 0.33468677494199534 0.22565217391304349 0.009860788863109048 0.010434782608695653
1 0.08512180974477958 0.24217391304347827 0.005510440835266821 0.006956521739130435
6 0.4195185614849188 0.2653260869565217 0.0037703016241299302 0.004130434782608695
8 0.9186484918793504 0.3339130434782609 0.006670533642691415 0.012608695652173913
8 0.7819025522041764 0.34141304347826085 0.0063805104408352666 0.004130434782608695
8 0.9286542923433875 0.3482608695652174 0.005220417633410673 0.01391304347826087
6 0.5980278422273781 0.20478260869565218 0.004060324825986079 0.0034782608695652175
6 0.3707946635730858 0.15619565217391304 0.0037703016241299302 0.0036956521739130435
6 0.12485498839907193 0.5798913043478261 0.005510440835266821 0.005434782608695652
6 0.11731438515081206 0.596195652173913 0.0026102088167053363 0.002391304347826087
1 0.21983758700696054 0.7180434782608696 0.00580046403712297 0.0052173913043478265
3 0.046258700696055685 0.6269565217391304 0.006090487238979118 0.00782608695652174
4 0.25362529002320183 0.7345652173913043 0.008410672853828306 0.00826086956521739
8 0.20316125290023201 0.8889130434782608 0.01131090487238979 0.010434782608695653
0 0.18706496519721577 0.7009782608695653 0.0063805104408352666 0.004130434782608695
1 0.3517981438515081 0.7170652173913044 0.00580046403712297 0.004130434782608695
1 0.3035092807424594 0.741195652173913 0.007250580046403712 0.007608695652173913
1 0.3649941995359629 0.7372826086956522 0.006670533642691415 0.005869565217391304
1 0.5842517401392111 0.7336956521739131 0.006670533642691415 0.004347826086956522
8 0.8552784222737819 0.3609782608695652 0.00580046403712297 0.004565217391304348
8 0.4915893271461717 0.1398913043478261 0.015661252900232018 0.011521739130434782
8 0.6882250580046404 0.6107608695652174 0.0075406032482598605 0.005434782608695652
0 0.7964037122969838 0.6275 0.0069605568445475635 0.007173913043478261
0 0.802784222737819 0.25673913043478264 0.05568445475638051 0.06086956521739131
8 0.1384860788863109 0.826304347826087 0.015951276102088168 0.015217391304347827
8 0.23230858468677495 0.883804347826087 0.012180974477958236 0.011956521739130435
8 0.24274941995359628 0.8829347826086956 0.009860788863109048 0.012391304347826086
6 0.40023201856148494 0.6672826086956521 0.008700696055684454 0.004565217391304348
8 0.25754060324825984 0.7006521739130435 0.0069605568445475635 0.006521739130434782
8 0.2472447795823666 0.8547826086956521 0.0095707656612529 0.006956521739130435
1 0.36049883990719256 0.9113043478260869 0.011020881670533642 0.008695652173913044
8 0.7269431554524362 0.6957608695652174 0.007250580046403712 0.005
5 0.544808584686775 0.6732608695652174 0.018851508120649653 0.017391304347826087
1 0.337877030162413 0.10782608695652174 0.010440835266821345 0.007391304347826087
1 0.28335266821345706 0.08804347826086957 0.009860788863109048 0.008695652173913044
0 0.21635730858468677 0.1108695652173913 0.012180974477958236 0.011739130434782608
0 0.5142111368909513 0.08076086956521739 0.03248259860788863 0.01108695652173913
1 0.3564385150812065 0.07173913043478261 0.009860788863109048 0.00608695652173913
1 0.36078886310904873 0.06478260869565218 0.010440835266821345 0.0052173913043478265
0 0.8314965197215777 0.5097826086956522 0.0075406032482598605 0.006521739130434782
0 0.7291183294663574 0.5402173913043479 0.008120649651972157 0.006956521739130435
0 0.7853828306264501 0.6402173913043478 0.008700696055684454 0.00826086956521739
0 0.7750870069605569 0.6533695652173913 0.006670533642691415 0.005434782608695652
0 0.7556554524361949 0.6421739130434783 0.006670533642691415 0.005652173913043478
8 0.7582656612529002 0.668804347826087 0.01943155452436195 0.011956521739130435
0 0.18532482598607888 0.6765217391304348 0.010440835266821345 0.011739130434782608
6 0.12630510440835266 0.5523913043478261 0.007250580046403712 0.006521739130434782
6 0.1312354988399072 0.5593478260869565 0.006670533642691415 0.006521739130434782
8 0.373114849187935 0.6256521739130435 0.010150812064965197 0.005652173913043478
6 0.39501160092807425 0.10934782608695652 0.0069605568445475635 0.004347826086956522
1 0.7647911832946636 0.13108695652173913 0.01160092807424594 0.008695652173913044
0 0.6840197215777262 0.5468478260869565 0.015951276102088168 0.015
1 0.7237529002320185 0.6581521739130435 0.010730858468677494 0.007173913043478261
0 0.6930104408352669 0.6578260869565218 0.0095707656612529 0.009565217391304347
0 0.6985208816705336 0.6521739130434783 0.006670533642691415 0.0052173913043478265
8 0.16458816705336426 0.8148913043478261 0.011890951276102088 0.012826086956521739
1 0.22259280742459397 0.7632608695652174 0.014791183294663572 0.01217391304347826
1 0.1919953596287703 0.78 0.01160092807424594 0.007391304347826087
2 0.5751160092807425 0.8535869565217391 0.026102088167053363 0.01717391304347826
2 0.43793503480278423 0.8556521739130435 0.014501160092807424 0.01
2 0.4241589327146172 0.891195652173913 0.01943155452436195 0.012391304347826086
0 0.535237819025522 0.9231521739130435 0.005510440835266821 0.003260869565217391
0 0.5294373549883991 0.9243478260869565 0.004930394431554524 0.0034782608695652175
0 0.20968677494199536 0.5601086956521739 0.008120649651972157 0.010217391304347826
0 0.2459396751740139 0.5392391304347826 0.00580046403712297 0.005434782608695652
0 0.23680394431554525 0.5726086956521739 0.007250580046403712 0.00608695652173913
0 0.23187354988399073 0.5814130434782608 0.004350348027842227 0.006304347826086957
0 0.26479118329466356 0.5309782608695652 0.00580046403712297 0.005434782608695652
0 0.18619489559164734 0.5015217391304347 0.0069605568445475635 0.0052173913043478265
0 0.1845997679814385 0.5056521739130435 0.005510440835266821 0.0034782608695652175
0 0.18416473317865428 0.5118478260869566 0.0063805104408352666 0.006739130434782609
0 0.17024361948955916 0.5173913043478261 0.008700696055684454 0.0052173913043478265
8 0.7489849187935035 0.8656521739130435 0.02117169373549884 0.014782608695652174
3 0.6071635730858469 0.5692391304347826 0.011890951276102088 0.011521739130434782
0 0.6708236658932715 0.5580434782608695 0.0069605568445475635 0.004347826086956522
0 0.7169373549883991 0.6202173913043478 0.011020881670533642 0.00608695652173913
0 0.7105568445475638 0.596195652173913 0.005220417633410673 0.004130434782608695
2 0.15574245939675174 0.8218478260869565 0.02088167053364269 0.028043478260869566
8 0.07439095127610208 0.1909782608695652 0.01537122969837587 0.018043478260869564
1 0.33019141531322505 0.16119565217391305 0.007830626450116009 0.006304347826086957
1 0.314385150812065 0.17021739130434782 0.008120649651972157 0.0052173913043478265
1 0.3252610208816705 0.17641304347826087 0.007830626450116009 0.005869565217391304
1 0.31496519721577726 0.18771739130434784 0.0075406032482598605 0.005869565217391304
1 0.3423723897911833 0.17271739130434782 0.006090487238979118 0.0036956521739130435
1 0.22592807424593966 0.18119565217391304 0.0069605568445475635 0.004130434782608695
1 0.3249709976798144 0.09478260869565218 0.006090487238979118 0.004347826086956522
0 0.6663283062645011 0.10271739130434783 0.008990719257540603 0.009347826086956522
1 0.664008120649652 0.1381521739130435 0.004930394431554524 0.003260869565217391
1 0.6618329466357309 0.14695652173913043 0.004640371229698376 0.0034782608695652175
1 0.41125290023201855 0.35054347826086957 0.011020881670533642 0.007173913043478261
1 0.06902552204176333 0.34847826086956524 0.0075406032482598605 0.006956521739130435
1 0.057859628770301624 0.3576086956521739 0.005510440835266821 0.004347826086956522
1 0.8127900232018561 0.47880434782608694 0.007830626450116009 0.005
1 0.8896461716937355 0.42032608695652174 0.005510440835266821 0.004565217391304348
8 0.7781322505800464 0.7039130434782609 0.0075406032482598605 0.006521739130434782
8 0.7053364269141531 0.7092391304347826 0.009860788863109048 0.006739130434782609
8 0.8136600928074246 0.7608695652173914 0.006670533642691415 0.011304347826086957
8 0.7626160092807425 0.8243478260869566 0.010150812064965197 0.01
8 0.6081786542923434 0.9040217391304348 0.012761020881670533 0.009782608695652175
2 0.5223317865429234 0.8851086956521739 0.01740139211136891 0.005869565217391304
2 0.4401102088167053 0.8785869565217391 0.029292343387470998 0.015869565217391305
8 0.2470997679814385 0.8635869565217391 0.0075406032482598605 0.005869565217391304
1 0.23390371229698376 0.7930434782608695 0.007250580046403712 0.004347826086956522
8 0.3896461716937355 0.6575 0.008410672853828306 0.006739130434782609
6 0.23317865429234338 0.6843478260869565 0.009280742459396751 0.005652173913043478
8 0.0037703016241299302 0.5253260869565217 0.0075406032482598605 0.012391304347826086
1 0.03291763341067285 0.4622826086956522 0.005510440835266821 0.003260869565217391
4 0.23564385150812064 0.6009782608695652 0.013051044083526682 0.012826086956521739
1 0.33816705336426917 0.5115217391304347 0.005220417633410673 0.004782608695652174
7 0.669953596287703 0.40010869565217394 0.012180974477958236 0.0036956521739130435
1 0.8874709976798144 0.25771739130434784 0.008700696055684454 0.007173913043478261
1 0.43953016241299303 0.1723913043478261 0.005510440835266821 0.0034782608695652175
1 0.8219257540603249 0.5380434782608695 0.0063805104408352666 0.004347826086956522
9 0.7321635730858469 0.7873913043478261 0.02291183294663573 0.018260869565217393
8 0.7881380510440835 0.8441304347826087 0.01131090487238979 0.01217391304347826
1 0.3252610208816705 0.8720652173913044 0.0031902552204176333 0.002391304347826087
8 0.3098897911832947 0.8794565217391305 0.007250580046403712 0.006739130434782609
8 0.27566705336426917 0.8997826086956522 0.006090487238979118 0.005652173913043478
1 0.20287122969837587 0.8010869565217391 0.006670533642691415 0.00608695652173913
8 0.12485498839907193 0.7694565217391305 0.010730858468677494 0.011521739130434782
8 0.3720997679814385 0.3316304347826087 0.017981438515081206 0.016304347826086956
0 0.42691415313225056 0.32608695652173914 0.0069605568445475635 0.00608695652173913
0 0.9060324825986079 0.33108695652173914 0.01740139211136891 0.029565217391304348
8 0.710991879350348 0.9078260869565218 0.018851508120649653 0.012608695652173913
8 0.052349187935034805 0.6901086956521739 0.013631090487238979 0.015869565217391305
8 0.05611948955916473 0.6454347826086957 0.011890951276102088 0.010869565217391304
8 0.24506960556844548 0.19 0.005220417633410673 0.0052173913043478265
9 0.6693735498839907 0.19706521739130434 0.009860788863109048 0.009782608695652175
0 0.7964037122969838 0.5795652173913044 0.0069605568445475635 0.010869565217391304
0 0.7913283062645011 0.535 0.008990719257540603 0.009130434782608696
9 0.7853828306264501 0.7911956521739131 0.012761020881670533 0.012391304347826086
0 0.3705046403712297 0.9192391304347826 0.005510440835266821 0.008913043478260869
9 0.18662993039443154 0.8630434782608696 0.008990719257540603 0.009130434782608696