9 0.6580626450116009 0.07619565217391304 0.018561484918793503 0.013260869565217392
9 0.714762180974478 0.3975 0.01131090487238979 0.008043478260869565
9 0.5330626450116009 0.44 0.008120649651972157 0.00608695652173913
1 0.37064965197215777 0.39858695652173914 0.009280742459396751 0.010217391304347826
0 0.47824825986078884 0.3760869565217391 0.03074245939675174 0.01391304347826087
0 0.4583816705336427 0.29293478260869565 0.010150812064965197 0.007173913043478261
1 0.2365139211136891 0.2684782608695652 0.004930394431554524 0.00391304347826087
1 0.11180394431554525 0.08684782608695653 0.006090487238979118 0.004565217391304348
8 0.6409512761020881 0.2326086956521739 0.0069605568445475635 0.005652173913043478
0 0.4808584686774942 0.29586956521739133 0.008120649651972157 0.00782608695652174
0 0.5013051044083526 0.3695652173913043 0.0095707656612529 0.013478260869565217
8 0.7791473317865429 0.14695652173913043 0.013051044083526682 0.010869565217391304
0 0.6265951276102089 0.5483695652173913 0.020011600928074247 0.025434782608695652
8 0.2897331786542923 0.6629347826086956 0.019721577726218097 0.014565217391304348
8 0.27291183294663574 0.8226086956521739 0.019721577726218097 0.014782608695652174
8 0.2724767981438515 0.33956521739130435 0.018851508120649653 0.01652173913043478
8 0.4274941995359629 0.5005434782608695 0.025522041763341066 0.017608695652173913
9 0.6096287703016241 0.5944565217391304 0.011020881670533642 0.010217391304347826
6 0.4353248259860789 0.5672826086956522 0.008120649651972157 0.006304347826086957
6 0.48346867749419953 0.5559782608695653 0.00580046403712297 0.004565217391304348
9 0.5414733178654292 0.5511956521739131 0.013921113689095127 0.010217391304347826
9 0.6139791183294664 0.8626086956521739 0.019721577726218097 0.01391304347826087
4 0.27334686774941996 0.9334782608695652 0.010730858468677494 0.009565217391304347
8 0.4202436194895592 0.7481521739130435 0.013921113689095127 0.009347826086956522
8 0.35919373549883993 0.7306521739130435 0.01131090487238979 0.009565217391304347
1 0.6657482598607889 0.20369565217391306 0.005510440835266821 0.003043478260869565
0 0.4775232018561485 0.2267391304347826 0.0095707656612529 0.0052173913043478265
0 0.4926044083526682 0.2877173913043478 0.008410672853828306 0.004130434782608695
0 0.42299883990719256 0.28119565217391307 0.0095707656612529 0.010217391304347826
0 0.47157772621809746 0.27597826086956523 0.00580046403712297 0.0036956521739130435
0 0.35107308584686775 0.28108695652173915 0.008990719257540603 0.0052173913043478265
4 0.14051624129930396 0.4707608695652174 0.007250580046403712 0.005434782608695652
8 0.7373839907192575 0.11826086956521739 0.010150812064965197 0.006521739130434782
8 0.06685034802784223 0.21815217391304348 0.0095707656612529 0.011521739130434782
0 0.45852668213457076 0.26967391304347826 0.009860788863109048 0.006739130434782609
0 0.45751160092807425 0.2590217391304348 0.011890951276102088 0.005434782608695652
8 0.8545533642691415 0.49793478260869567 0.01943155452436195 0.014565217391304348
0 0.7703016241299304 0.6276086956521739 0.015661252900232018 0.010869565217391304
0 0.7752320185614849 0.5689130434782609 0.021461716937354988 0.013478260869565217
8 0.664008120649652 0.5889130434782609 0.01131090487238979 0.008695652173913044
0 0.9034222737819025 0.5313043478260869 0.008700696055684454 0.007391304347826087
0 0.2449245939675174 0.5940217391304348 0.014211136890951276 0.013260869565217392
0 0.1998259860788863 0.7128260869565217 0.016821345707656612 0.011304347826086957
0 0.18503480278422274 0.7196739130434783 0.01160092807424594 0.007608695652173913
0 0.20562645011600927 0.658804347826087 0.013921113689095127 0.011521739130434782
8 0.283207656612529 0.8530434782608696 0.017111368909512762 0.010869565217391304
8 0.23346867749419953 0.9153260869565217 0.022041763341067284 0.017608695652173913
8 0.5050754060324826 0.9375 0.006670533642691415 0.003260869565217391
8 0.23955916473317865 0.7595652173913043 0.012761020881670533 0.010434782608695653
8 0.5575696055684455 0.5447826086956522 0.013051044083526682 0.013478260869565217
8 0.5810614849187935 0.5668478260869565 0.011890951276102088 0.009347826086956522
0 0.6418213457076566 0.6230434782608696 0.02088167053364269 0.01217391304347826
0 0.6373259860788864 0.6079347826086956 0.016531322505800465 0.014130434782608696
1 0.6319605568445475 0.6461956521739131 0.009860788863109048 0.007173913043478261
8 0.6077436194895591 0.6629347826086956 0.010150812064965197 0.007608695652173913
1 0.2595707656612529 0.5159782608695652 0.008700696055684454 0.006739130434782609
8 0.33077146171693733 0.6801086956521739 0.0095707656612529 0.008913043478260869
8 0.3345417633410673 0.6889130434782609 0.010730858468677494 0.008695652173913044
8 0.6235498839907193 0.7510869565217392 0.012761020881670533 0.01
1 0.16458816705336426 0.3892391304347826 0.013051044083526682 0.008478260869565218
1 0.19953596287703015 0.7665217391304348 0.005220417633410673 0.00391304347826087
0 0.7341937354988399 0.6570652173913043 0.017111368909512762 0.009347826086956522
0 0.20084106728538284 0.641195652173913 0.012470997679814385 0.010217391304347826
1 0.8313515081206496 0.4656521739130435 0.007830626450116009 0.006956521739130435
1 0.7014211136890951 0.4572826086956522 0.004930394431554524 0.0036956521739130435
1 0.40385730858468677 0.3275 0.006670533642691415 0.005869565217391304
8 0.7556554524361949 0.10880434782608696 0.011890951276102088 0.009347826086956522
8 0.6919953596287703 0.8214130434782608 0.016241299303944315 0.011956521739130435
1 0.4657772621809745 0.5691304347826087 0.0069605568445475635 0.00608695652173913
1 0.8210556844547564 0.23 0.0063805104408352666 0.0052173913043478265
8 0.36629930394431554 0.6098913043478261 0.015661252900232018 0.011956521739130435
8 0.2381090487238979 0.08978260869565217 0.015081206496519721 0.010869565217391304
0 0.43155452436194897 0.23565217391304347 0.01740139211136891 0.01217391304347826
0 0.37064965197215777 0.24282608695652175 0.013921113689095127 0.00608695652173913
0 0.43213457076566125 0.21934782608695652 0.024361948955916472 0.014347826086956521
0 0.43662993039443154 0.2108695652173913 0.025812064965197216 0.013043478260869565
0 0.44736078886310904 0.22369565217391305 0.013631090487238979 0.0034782608695652175
0 0.31569025522041766 0.2383695652173913 0.016531322505800465 0.008478260869565218
0 0.35716357308584684 0.22184782608695652 0.01537122969837587 0.009782608695652175
6 0.4563515081206497 0.6004347826086956 0.010730858468677494 0.00782608695652174
0 0.4837587006960557 0.7544565217391305 0.02842227378190255 0.01717391304347826
0 0.38660092807424595 0.7585869565217391 0.02088167053364269 0.015
0 0.4792633410672854 0.7346739130434783 0.03567285382830626 0.030217391304347824
0 0.08077146171693736 0.6442391304347826 0.012470997679814385 0.012391304347826086
0 0.1097737819025522 0.6058695652173913 0.01131090487238979 0.009565217391304347
2 0.18213457076566125 0.6028260869565217 0.016241299303944315 0.01391304347826087
0 0.5298723897911833 0.22826086956521738 0.011020881670533642 0.00608695652173913
0 0.5121809744779582 0.20793478260869566 0.008120649651972157 0.007173913043478261
0 0.5085556844547564 0.28 0.010730858468677494 0.006956521739130435
0 0.13877610208816704 0.6397826086956522 0.010150812064965197 0.00782608695652174
0 0.1355858468677494 0.6204347826086957 0.007250580046403712 0.009130434782608696
0 0.20852668213457076 0.6005434782608695 0.017981438515081206 0.011956521739130435
0 0.21316705336426914 0.6409782608695652 0.023781902552204175 0.015
0 0.17923433874709976 0.673804347826087 0.015081206496519721 0.01717391304347826
0 0.46360208816705334 0.6820652173913043 0.011890951276102088 0.01108695652173913
0 0.4538863109048724 0.6764130434782609 0.012761020881670533 0.007173913043478261
0 0.40124709976798145 0.6682608695652174 0.015951276102088168 0.012608695652173913
0 0.43387470997679817 0.7458695652173913 0.013921113689095127 0.01565217391304348
0 0.4499709976798144 0.7458695652173913 0.020011600928074247 0.021739130434782608
0 0.40023201856148494 0.748804347826087 0.010440835266821345 0.020652173913043477
0 0.15893271461716937 0.6680434782608695 0.013921113689095127 0.007391304347826087
0 0.142546403712297 0.6721739130434783 0.006670533642691415 0.006956521739130435
0 0.1638631090487239 0.6345652173913043 0.013921113689095127 0.010434782608695653
0 0.154292343387471 0.6483695652173913 0.0063805104408352666 0.008478260869565218
0 0.17227378190255221 0.639891304347826 0.008120649651972157 0.007173913043478261
0 0.17633410672853828 0.6508695652173913 0.0069605568445475635 0.006521739130434782
0 0.1408062645011601 0.7146739130434783 0.007830626450116009 0.006739130434782609
0 0.49622969837587005 0.6070652173913044 0.031902552204176336 0.025869565217391303
0 0.4286542923433875 0.6132608695652174 0.030162412993039442 0.02043478260869565
0 0.43111948955916474 0.5947826086956521 0.021751740139211138 0.01652173913043478
0 0.40835266821345706 0.5822826086956522 0.0388631090487239 0.024130434782608696
0 0.410092807424594 0.5639130434782609 0.03944315545243619 0.021739130434782608
0 0.4788283062645012 0.5959782608695652 0.026102088167053363 0.023695652173913045
0 0.4325696055684455 0.5385869565217392 0.017111368909512762 0.008913043478260869
0 0.412122969837587 0.5285869565217391 0.021461716937354988 0.01717391304347826
6 0.46432714617169374 0.5543478260869565 0.0063805104408352666 0.0052173913043478265
0 0.505800464037123 0.5882608695652174 0.023781902552204175 0.021304347826086957
0 0.4895591647331787 0.585 0.017981438515081206 0.017826086956521738
0 0.18329466357308585 0.2653260869565217 0.015081206496519721 0.010652173913043479
1 0.18503480278422274 0.11847826086956521 0.008700696055684454 0.005652173913043478
0 0.41922853828306267 0.8859782608695652 0.02349187935034803 0.008913043478260869
0 0.4206786542923434 0.893804347826087 0.020591647331786544 0.005869565217391304
0 0.5675754060324826 0.8831521739130435 0.01740139211136891 0.009782608695652175
9 0.29988399071925753 0.1401086956521739 0.008700696055684454 0.006739130434782609
8 0.9173433874709976 0.26619565217391306 0.009860788863109048 0.009347826086956522
8 0.7581206496519721 0.22652173913043477 0.008120649651972157 0.004782608695652174
8 0.32758120649651973 0.26717391304347826 0.0095707656612529 0.00608695652173913
8 0.22998839907192575 0.265 0.008700696055684454 0.0052173913043478265
1 0.2038863109048724 0.21695652173913044 0.005220417633410673 0.00391304347826087
8 0.15472737819025523 0.20869565217391303 0.006090487238979118 0.004347826086956522
8 0.018706496519721578 0.5410869565217391 0.007830626450116009 0.010434782608695653
0 0.24811484918793503 0.6235869565217391 0.01769141531322506 0.014130434782608696
8 0.18604988399071926 0.8721739130434782 0.013051044083526682 0.01
0 0.16139791183294663 0.8333695652173913 0.0095707656612529 0.005434782608695652
0 0.8364269141531323 0.7217391304347827 0.00580046403712297 0.00782608695652174
0 0.6223897911832946 0.6306521739130435 0.012761020881670533 0.010434782608695653
0 0.6374709976798144 0.5634782608695652 0.01160092807424594 0.005652173913043478
8 0.83207656612529 0.548695652173913 0.0069605568445475635 0.006956521739130435
8 0.9361948955916474 0.4783695652173913 0.012761020881670533 0.012391304347826086
8 0.19214037122969838 0.10130434782608695 0.012470997679814385 0.009565217391304347
8 0.2594257540603248 0.11923913043478261 0.007830626450116009 0.007608695652173913
1 0.21650232018561485 0.17597826086956522 0.006090487238979118 0.004565217391304348
0 0.4069025522041763 0.30619565217391304 0.016821345707656612 0.014130434782608696
0 0.4607018561484919 0.31782608695652176 0.007250580046403712 0.004347826086956522
0 0.4466357308584687 0.24793478260869564 0.008700696055684454 0.005434782608695652
0 0.5970127610208816 0.13304347826086957 0.010150812064965197 0.0052173913043478265
0 0.9728828306264501 0.6510869565217391 0.026392111368909513 0.05956521739130435
8 0.7253480278422274 0.7329347826086956 0.023781902552204175 0.016739130434782607
8 0.7747969837587007 0.7417391304347826 0.013051044083526682 0.011739130434782608
0 0.6470417633410673 0.6639130434782609 0.015661252900232018 0.011304347826086957
0 0.6232598607888631 0.6457608695652174 0.018561484918793503 0.015
0 0.7144721577726219 0.6258695652173913 0.043213457076566125 0.042608695652173914
8 0.9534512761020881 0.7575 0.0095707656612529 0.01108695652173913
0 0.12804524361948955 0.7821739130434783 0.008990719257540603 0.01
0 0.49854988399071926 0.5632608695652174 0.027262180974477957 0.015217391304347827
2 0.5450986078886311 0.5628260869565217 0.020011600928074247 0.013043478260869565
8 0.5275522041763341 0.5834782608695652 0.021461716937354988 0.016956521739130436
0 0.4076276102088167 0.5508695652173913 0.02697215777262181 0.016956521739130436
0 0.04176334106728538 0.6090217391304348 0.03480278422273782 0.06543478260869565
8 0.024796983758700698 0.5653260869565218 0.01131090487238979 0.01108695652173913
0 0.0484338747099768 0.5764130434782608 0.017981438515081206 0.012391304347826086
8 0.015951276102088168 0.6481521739130435 0.0075406032482598605 0.009347826086956522
0 0.1351508120649652 0.649891304347826 0.0069605568445475635 0.01108695652173913
8 0.10353828306264501 0.7440217391304348 0.014501160092807424 0.012391304347826086
1 0.21244199535962877 0.19130434782608696 0.006090487238979118 0.004347826086956522
8 0.7868329466357309 0.0375 0.01160092807424594 0.007608695652173913
8 0.9528712296983759 0.4251086956521739 0.008410672853828306 0.006739130434782609
8 0.8538283062645011 0.8617391304347826 0.015081206496519721 0.010434782608695653
0 0.7078016241299304 0.9077173913043478 0.015951276102088168 0.009782608695652175
0 0.01740139211136891 0.6256521739130435 0.010440835266821345 0.019130434782608695
0 0.4931844547563805 0.6316304347826087 0.02349187935034803 0.016304347826086956
1 0.60165313225058 0.23347826086956522 0.004930394431554524 0.003043478260869565
0 0.1892401392111369 0.6023913043478261 0.012470997679814385 0.01217391304347826
0 0.17473897911832947 0.6029347826086957 0.008410672853828306 0.011956521739130435
0 0.382830626450116 0.9190217391304348 0.016241299303944315 0.02326086956521739