4 0.21773726851851852 0.6545138888888888 0.01707175925925926 0.01427469135802469
4 0.27488425925925924 0.6422646604938271 0.019097222222222224 0.014853395061728395
0 0.19140625 0.5528549382716049 0.016493055555555556 0.013117283950617283
4 0.37297453703703703 0.4255401234567901 0.011574074074074073 0.0073302469135802465
4 0.5853587962962963 0.45929783950617287 0.01099537037037037 0.011959876543209876
6 0.3901909722222222 0.1353202160493827 0.007233796296296296 0.003279320987654321
0 0.4837962962962963 0.2847222222222222 0.01099537037037037 0.010802469135802469
8 0.3285590277777778 0.6494020061728395 0.019965277777777776 0.019097222222222224
8 0.5677083333333334 0.6279899691358025 0.013310185185185185 0.011766975308641976
4 0.48119212962962965 0.8075810185185185 0.007523148148148148 0.005979938271604938
1 0.27705439814814814 0.7976466049382716 0.0078125 0.005015432098765432
4 0.12818287037037038 0.20360725308641975 0.008101851851851851 0.007908950617283951
1 0.3255208333333333 0.11583719135802469 0.01099537037037037 0.007523148148148148
8 0.6154513888888888 0.6423611111111112 0.02141203703703704 0.016589506172839507
9 0.6689814814814815 0.8354552469135802 0.008101851851851851 0.005401234567901234
1 0.6209490740740741 0.8661265432098766 0.009259259259259259 0.005401234567901234
0 0.8084490740740741 0.6350308641975309 0.015046296296296295 0.008101851851851851
0 0.8524305555555556 0.640625 0.013310185185185185 0.009259259259259259
8 0.46686921296296297 0.8427854938271605 0.020543981481481483 0.009645061728395061
0 0.13440393518518517 0.5903742283950617 0.010127314814814815 0.01099537037037037
1 0.5727719907407407 0.31896219135802467 0.011284722222222222 0.005979938271604938
0 0.4230324074074074 0.8303433641975309 0.011574074074074073 0.005208333333333333
8 0.6471354166666666 0.6565393518518519 0.013020833333333334 0.012924382716049383
8 0.4714988425925926 0.6064814814814815 0.007233796296296296 0.005787037037037037
8 0.46455439814814814 0.6072530864197531 0.007233796296296296 0.005401234567901234
1 0.19270833333333334 0.6232638888888888 0.015046296296296295 0.009645061728395061
1 0.3194444444444444 0.5665509259259259 0.009837962962962963 0.006944444444444444
1 0.2722800925925926 0.5186149691358025 0.010416666666666666 0.007137345679012345
1 0.21079282407407407 0.5995370370370371 0.01244212962962963 0.006944444444444444
1 0.22641782407407407 0.6011766975308642 0.009548611111111112 0.0055941358024691355
1 0.3424479166666667 0.45804398148148145 0.0078125 0.007137345679012345
1 0.1488715277777778 0.5333719135802469 0.008391203703703705 0.006944444444444444
1 0.34302662037037035 0.5330825617283951 0.011284722222222222 0.009066358024691358
1 0.20789930555555555 0.11246141975308642 0.005497685185185185 0.005015432098765432
0 0.6261574074074074 0.13599537037037038 0.010416666666666666 0.006944444444444444
0 0.7861689814814815 0.5630787037037037 0.010416666666666666 0.009645061728395061
0 0.8106192129629629 0.5593171296296297 0.011284722222222222 0.007908950617283951
1 0.8123553240740741 0.5227623456790124 0.005497685185185185 0.005401234567901234
0 0.12311921296296297 0.5421489197530864 0.008969907407407407 0.012152777777777778
8 0.5403645833333334 0.1947337962962963 0.021701388888888888 0.012924382716049383
1 0.5471643518518519 0.08834876543209877 0.005208333333333333 0.0038580246913580245
1 0.42375578703703703 0.36429398148148145 0.013020833333333334 0.01099537037037037
0 0.3861400462962963 0.6212384259259259 0.014178240740740741 0.011381172839506173
1 0.2738715277777778 0.5432098765432098 0.008391203703703705 0.005015432098765432
1 0.7870370370370371 0.5857445987654321 0.008680555555555556 0.007523148148148148
3 0.1349826388888889 0.46219135802469136 0.011863425925925927 0.007716049382716049
0 0.8844039351851852 0.6616512345679012 0.013020833333333334 0.009645061728395061
0 0.8104745370370371 0.654320987654321 0.01099537037037037 0.008873456790123456
8 0.9441550925925926 0.675829475308642 0.015625 0.016010802469135804
0 0.8618344907407407 0.5947145061728395 0.008391203703703705 0.0073302469135802465
0 0.6455439814814815 0.6086998456790124 0.013310185185185185 0.006751543209876543
0 0.6440972222222222 0.5944251543209876 0.009837962962962963 0.006751543209876543
0 0.5966435185185185 0.6146797839506173 0.009837962962962963 0.009837962962962963
0 0.5876736111111112 0.6163194444444444 0.009259259259259259 0.006944444444444444
0 0.5412326388888888 0.6267361111111112 0.014178240740740741 0.009259259259259259
0 0.15625 0.5720486111111112 0.008680555555555556 0.007523148148148148
0 0.16261574074074073 0.5821759259259259 0.01099537037037037 0.005787037037037037
0 0.15596064814814814 0.5925925925925926 0.009837962962962963 0.0073302469135802465
0 0.1662326388888889 0.6282793209876543 0.01765046296296296 0.010416666666666666
0 0.15769675925925927 0.6246141975308642 0.009259259259259259 0.0073302469135802465
0 0.1261574074074074 0.5045331790123457 0.012152777777777778 0.007908950617283951
0 0.3784722222222222 0.2119020061728395 0.012152777777777778 0.012152777777777778
0 0.46383101851851855 0.10725308641975309 0.014467592592592593 0.0073302469135802465
0 0.4636863425925926 0.16695601851851852 0.011863425925925927 0.004822530864197531
0 0.6377314814814815 0.1849922839506173 0.008101851851851851 0.006944444444444444
0 0.6530671296296297 0.15692515432098766 0.02141203703703704 0.009837962962962963
0 0.6759259259259259 0.12336033950617284 0.00636574074074074 0.0036651234567901233
6 0.6493055555555556 0.4910300925925926 0.004629629629629629 0.003279320987654321
6 0.65625 0.49778163580246915 0.004050925925925926 0.002507716049382716
6 0.7611400462962963 0.5282600308641975 0.006076388888888889 0.0036651234567901233
6 0.6867766203703703 0.5231481481481481 0.004340277777777778 0.0030864197530864196
6 0.6928530092592593 0.5218942901234568 0.006076388888888889 0.003279320987654321
6 0.7842881944444444 0.5408950617283951 0.005497685185185185 0.0038580246913580245
0 0.8174189814814815 0.6239390432098766 0.007523148148148148 0.004822530864197531
0 0.8279803240740741 0.5970293209876543 0.006076388888888889 0.006558641975308642
0 0.8259548611111112 0.6449652777777778 0.01070601851851852 0.006751543209876543
0 0.8349247685185185 0.6541280864197531 0.008969907407407407 0.006172839506172839
0 0.8713831018518519 0.6279899691358025 0.008391203703703705 0.008680555555555556
6 0.8098958333333334 0.5990547839506173 0.008680555555555556 0.0055941358024691355
6 0.8972800925925926 0.574266975308642 0.008680555555555556 0.005401234567901234
0 0.1869212962962963 0.5438850308641975 0.014467592592592593 0.009066358024691358
3 0.06539351851851852 0.4816743827160494 0.00636574074074074 0.006558641975308642
0 0.11226851851851852 0.49459876543209874 0.01099537037037037 0.006558641975308642
0 0.4652777777777778 0.35397376543209874 0.019675925925925927 0.0073302469135802465
8 0.12355324074074074 0.7516396604938271 0.02025462962962963 0.014467592592592593
6 0.7484085648148148 0.13859953703703703 0.015914351851851853 0.007908950617283951
8 0.7780671296296297 0.17409336419753085 0.005787037037037037 0.004822530864197531
8 0.9052372685185185 0.19386574074074073 0.015335648148148149 0.008487654320987654
1 0.8997395833333334 0.3653549382716049 0.005497685185185185 0.0038580246913580245
6 0.5296585648148148 0.2986111111111111 0.004340277777777778 0.003472222222222222
6 0.44212962962962965 0.2797067901234568 0.007523148148148148 0.004629629629629629
0 0.4396701388888889 0.2664930555555556 0.008969907407407407 0.007523148148148148
0 0.1629050925925926 0.6853780864197531 0.009837962962962963 0.0073302469135802465
0 0.2751736111111111 0.7151813271604939 0.01099537037037037 0.009066358024691358
8 0.6396122685185185 0.8122106481481481 0.013599537037037037 0.008294753086419753
0 0.8651620370370371 0.7371720679012346 0.011574074074074073 0.014467592592592593
0 0.6394675925925926 0.6770833333333334 0.013310185185185185 0.010802469135802469
0 0.6642071759259259 0.6908757716049383 0.011863425925925927 0.00945216049382716
0 0.4965277777777778 0.6612654320987654 0.009259259259259259 0.0030864197530864196
8 0.5271990740740741 0.5654899691358025 0.01273148148148148 0.008294753086419753
0 0.9377893518518519 0.6432291666666666 0.009837962962962963 0.01099537037037037
6 0.48249421296296297 0.42573302469135804 0.005497685185185185 0.003472222222222222
6 0.4709201388888889 0.4376929012345679 0.003761574074074074 0.0023148148148148147
0 0.29152199074074076 0.7002314814814815 0.016493055555555556 0.010416666666666666
1 0.38469328703703703 0.8663194444444444 0.008391203703703705 0.006172839506172839
6 0.48929398148148145 0.8409529320987654 0.004629629629629629 0.0028935185185185184
9 0.6643518518518519 0.8181905864197531 0.008680555555555556 0.005208333333333333
1 0.9144965277777778 0.412133487654321 0.003761574074074074 0.003279320987654321
0 0.9246238425925926 0.5869984567901234 0.0078125 0.010416666666666666
0 0.8355034722222222 0.6687885802469136 0.008969907407407407 0.005787037037037037
6 0.5924479166666666 0.8433641975308642 0.004340277777777778 0.0030864197530864196
0 0.49754050925925924 0.6186342592592593 0.008391203703703705 0.006172839506172839
0 0.4444444444444444 0.47415123456790126 0.011574074074074073 0.006944444444444444
0 0.07175925925925926 0.5896990740740741 0.009259259259259259 0.008487654320987654
0 0.9616608796296297 0.6317515432098766 0.008391203703703705 0.009259259259259259
0 0.3671875 0.847608024691358 0.013310185185185185 0.007716049382716049
0 0.25376157407407407 0.7462384259259259 0.014467592592592593 0.00636574074074074
0 0.07855902777777778 0.6384066358024691 0.010127314814814815 0.014467592592592593
0 0.10170717592592593 0.6261574074074074 0.0078125 0.007716049382716049
1 0.40596064814814814 0.15364583333333334 0.004050925925925926 0.003279320987654321
0 0.9428530092592593 0.3587962962962963 0.008391203703703705 0.006944444444444444
6 0.8585069444444444 0.6331018518518519 0.004629629629629629 0.003472222222222222
0 0.8362268518518519 0.6205632716049383 0.00636574074074074 0.007716049382716049
6 0.8266782407407407 0.6138117283950617 0.004050925925925926 0.003472222222222222
6 0.8315972222222222 0.6155478395061729 0.00636574074074074 0.004243827160493827
0 0.44285300925925924 0.8309220679012346 0.021122685185185185 0.007523148148148148
2 0.4344618055555556 0.8282214506172839 0.011284722222222222 0.0055941358024691355
0 0.5271990740740741 0.6147762345679012 0.009837962962962963 0.011188271604938271
