8 0.14051624129930396 0.6513043478260869 0.016531322505800465 0.015217391304347827
9 0.132830626450116 0.6181521739130434 0.016821345707656612 0.012826086956521739
1 0.34947795823665895 0.1482608695652174 0.008120649651972157 0.006521739130434782
1 0.2990139211136891 0.1375 0.0063805104408352666 0.005
1 0.30582946635730857 0.13771739130434782 0.004350348027842227 0.0036956521739130435
1 0.5777262180974478 0.24793478260869564 0.01160092807424594 0.005869565217391304
1 0.6099187935034803 0.17989130434782608 0.008700696055684454 0.005434782608695652
1 0.6790893271461717 0.2066304347826087 0.01131090487238979 0.008478260869565218
1 0.7104118329466357 0.145 0.006670533642691415 0.007391304347826087
1 0.693300464037123 0.14402173913043478 0.006670533642691415 0.005869565217391304
1 0.6985208816705336 0.17467391304347826 0.006090487238979118 0.005434782608695652
1 0.6747389791183295 0.18543478260869564 0.006670533642691415 0.00608695652173913
4 0.71084686774942 0.6240217391304348 0.012761020881670533 0.009347826086956522
4 0.7653712296983759 0.7095652173913043 0.009280742459396751 0.00608695652173913
9 0.7945185614849188 0.816304347826087 0.0095707656612529 0.00782608695652174
4 0.12340487238979118 0.6532608695652173 0.01131090487238979 0.010434782608695653
4 0.1847447795823666 0.7709782608695652 0.010440835266821345 0.009782608695652175
4 0.7279582366589327 0.33608695652173914 0.010440835266821345 0.00782608695652174
4 0.632685614849188 0.8234782608695652 0.007830626450116009 0.006956521739130435
8 0.7156322505800464 0.7258695652173913 0.01769141531322506 0.01217391304347826
1 0.8265661252900232 0.5479347826086957 0.009280742459396751 0.007608695652173913
3 0.7064965197215777 0.4616304347826087 0.022041763341067284 0.016739130434782607
3 0.7340487238979119 0.47141304347826085 0.030162412993039442 0.010217391304347826
3 0.7547853828306265 0.4657608695652174 0.016531322505800465 0.015
3 0.8551334106728539 0.38065217391304346 0.006670533642691415 0.007391304347826087
3 0.8470127610208816 0.3432608695652174 0.006090487238979118 0.00608695652173913
3 0.24303944315545242 0.5217391304347826 0.016821345707656612 0.012608695652173913
3 0.2269431554524362 0.5046739130434783 0.03625290023201856 0.014565217391304348
3 0.1767691415313225 0.4592391304347826 0.025812064965197216 0.009782608695652175
3 0.2476798143851508 0.47706521739130436 0.0191415313225058 0.014565217391304348
4 0.40182714617169374 0.7436956521739131 0.005510440835266821 0.0052173913043478265
4 0.03175754060324826 0.4047826086956522 0.005510440835266821 0.010434782608695653
1 0.6091937354988399 0.7572826086956522 0.007250580046403712 0.005869565217391304
4 0.6911252900232019 0.7125 0.0063805104408352666 0.005869565217391304
1 0.6144141531322506 0.050978260869565216 0.006670533642691415 0.005434782608695652
1 0.33120649651972156 0.07521739130434782 0.009280742459396751 0.006521739130434782
6 0.5388631090487239 0.3998913043478261 0.0069605568445475635 0.005434782608695652
3 0.8364269141531323 0.4316304347826087 0.0069605568445475635 0.010652173913043479
3 0.11209396751740139 0.4429347826086957 0.006670533642691415 0.005869565217391304
3 0.12151972157772621 0.4553260869565217 0.009280742459396751 0.009347826086956522
3 0.13979118329466358 0.4490217391304348 0.009860788863109048 0.008478260869565218
4 0.2325986078886311 0.8935869565217391 0.0069605568445475635 0.004130434782608695
1 0.42589907192575405 0.8795652173913043 0.006670533642691415 0.0034782608695652175
1 0.4872389791183295 0.035 0.012180974477958236 0.0052173913043478265
1 0.25362529002320183 0.6397826086956522 0.011890951276102088 0.00826086956521739
1 0.26769141531322505 0.6451086956521739 0.011020881670533642 0.007608695652173913
9 0.8484628770301624 0.6313043478260869 0.008990719257540603 0.008695652173913044
4 0.4134280742459397 0.07478260869565218 0.007830626450116009 0.00608695652173913
4 0.43474477958236657 0.11119565217391304 0.012180974477958236 0.009347826086956522
4 0.273491879350348 0.14706521739130435 0.005220417633410673 0.004565217391304348
8 0.7769721577726219 0.12902173913043477 0.0069605568445475635 0.005434782608695652
3 0.9161832946635731 0.3447826086956522 0.008120649651972157 0.010434782608695653
8 0.05002900232018562 0.5509782608695653 0.006090487238979118 0.008043478260869565
1 0.11832946635730858 0.5667391304347826 0.004640371229698376 0.0034782608695652175
6 0.24651972157772623 0.5796739130434783 0.004640371229698376 0.003260869565217391
8 0.08338167053364269 0.6804347826086956 0.010730858468677494 0.014347826086956521
8 0.8500580046403712 0.7255434782608695 0.010440835266821345 0.008913043478260869
0 0.9038573085846868 0.6345652173913043 0.013051044083526682 0.018260869565217393
8 0.8035092807424594 0.605108695652174 0.006670533642691415 0.005869565217391304
1 0.8206206496519721 0.5164130434782609 0.006090487238979118 0.004565217391304348
3 0.7310034802784223 0.44358695652173913 0.031612529002320186 0.009347826086956522
3 0.5633700696055685 0.44967391304347826 0.01131090487238979 0.015869565217391305
3 0.4348897911832947 0.46304347826086956 0.008990719257540603 0.008695652173913044
1 0.27291183294663574 0.13652173913043478 0.004640371229698376 0.00391304347826087
7 0.2736368909512761 0.7739130434782608 0.0037703016241299302 0.0026086956521739132
0 0.7478248259860789 0.6252173913043478 0.010730858468677494 0.010434782608695653
8 0.9150232018561485 0.4751086956521739 0.009860788863109048 0.012391304347826086
9 0.13442575406032484 0.6930434782608695 0.01943155452436195 0.018260869565217393
8 0.0478538283062645 0.42206521739130437 0.0075406032482598605 0.006304347826086957
9 0.1824245939675174 0.72 0.008700696055684454 0.006521739130434782
9 0.49854988399071926 0.28369565217391307 0.00580046403712297 0.004782608695652174
