4 0.23738399071925753 0.2981521739130435 0.02117169373549884 0.011956521739130435
4 0.5890371229698376 0.5003260869565217 0.0063805104408352666 0.006304347826086957
4 0.6057134570765661 0.6714130434782609 0.008990719257540603 0.009347826086956522
4 0.5543793503480279 0.7706521739130435 0.006670533642691415 0.00782608695652174
8 0.5946925754060325 0.28543478260869565 0.014211136890951276 0.016956521739130436
6 0.4508410672853828 0.26869565217391306 0.008410672853828306 0.00608695652173913
1 0.6638631090487239 0.1241304347826087 0.01160092807424594 0.009130434782608696
4 0.7721867749419954 0.11858695652173913 0.007830626450116009 0.007173913043478261
1 0.7292633410672854 0.1066304347826087 0.010150812064965197 0.007173913043478261
0 0.7504350348027842 0.14956521739130435 0.016531322505800465 0.01217391304347826
4 0.3506380510440835 0.671304347826087 0.010440835266821345 0.00782608695652174
8 0.46882250580046403 0.9159782608695652 0.014791183294663572 0.011521739130434782
6 0.7862529002320185 0.6143478260869565 0.01160092807424594 0.008695652173913044
6 0.7784222737819025 0.556304347826087 0.010440835266821345 0.007391304347826087
6 0.8390371229698376 0.538804347826087 0.008120649651972157 0.005
1 0.7679814385150812 0.4653260869565217 0.008120649651972157 0.004565217391304348
1 0.8406322505800464 0.4295652173913043 0.008990719257540603 0.007391304347826087
0 0.865284222737819 0.4241304347826087 0.013631090487238979 0.009130434782608696
0 0.9273491879350348 0.42043478260869566 0.017111368909512762 0.025217391304347827
4 0.8941415313225058 0.32282608695652176 0.0069605568445475635 0.009130434782608696
4 0.9015371229698376 0.37923913043478263 0.007250580046403712 0.005869565217391304
6 0.2021461716937355 0.5575 0.012761020881670533 0.009347826086956522
1 0.16763341067285384 0.5163043478260869 0.013921113689095127 0.010869565217391304
4 0.1244199535962877 0.5497826086956522 0.0075406032482598605 0.00608695652173913
0 0.18401972157772623 0.6359782608695652 0.014211136890951276 0.013260869565217392
0 0.7430394431554525 0.15880434782608696 0.012180974477958236 0.006304347826086957
8 0.27682714617169374 0.7151086956521739 0.016531322505800465 0.010652173913043479
0 0.296838747099768 0.5690217391304347 0.008990719257540603 0.008043478260869565
0 0.314385150812065 0.2165217391304348 0.012761020881670533 0.009130434782608696
0 0.8316415313225058 0.7957608695652174 0.02697215777262181 0.035
8 0.8528132250580046 0.5093478260869565 0.013051044083526682 0.011304347826086957
6 0.8454176334106729 0.5439130434782609 0.0075406032482598605 0.0052173913043478265
7 0.744199535962877 0.6391304347826087 0.037703016241299306 0.026521739130434784
0 0.20446635730858467 0.6591304347826087 0.019721577726218097 0.01565217391304348
1 0.0732308584686775 0.6219565217391304 0.01131090487238979 0.009130434782608696
1 0.07830626450116009 0.6603260869565217 0.008700696055684454 0.009347826086956522
1 0.08599187935034802 0.6319565217391304 0.008410672853828306 0.00782608695652174
1 0.1413863109048724 0.7526086956521739 0.01131090487238979 0.010434782608695653
1 0.8932714617169374 0.6823913043478261 0.0075406032482598605 0.009565217391304347
1 0.8797853828306265 0.696304347826087 0.007250580046403712 0.00782608695652174
1 0.8371519721577726 0.711304347826087 0.010150812064965197 0.00826086956521739
1 0.9192285382830626 0.5206521739130435 0.010730858468677494 0.009130434782608696
1 0.14428654292343387 0.6870652173913043 0.011890951276102088 0.009347826086956522
1 0.05640951276102088 0.6385869565217391 0.007250580046403712 0.009347826086956522
1 0.05133410672853828 0.6444565217391305 0.0063805104408352666 0.007608695652173913
1 0.07105568445475638 0.6995652173913044 0.0069605568445475635 0.010434782608695653
1 0.15762761020881672 0.769891304347826 0.01131090487238979 0.01108695652173913
1 0.8581786542923434 0.6868478260869565 0.009280742459396751 0.01108695652173913
3 0.36354408352668216 0.42184782608695653 0.007250580046403712 0.005
3 0.5710556844547564 0.38967391304347826 0.042923433874709975 0.034130434782608694
1 0.05597447795823666 0.36728260869565216 0.008120649651972157 0.008478260869565218
7 0.04147331786542923 0.36043478260869566 0.010440835266821345 0.05434782608695652
7 0.6313805104408353 0.6628260869565218 0.04176334106728538 0.03391304347826087
4 0.7534802784222738 0.5054347826086957 0.009860788863109048 0.009130434782608696
0 0.46273201856148494 0.115 0.026392111368909513 0.014347826086956521
1 0.6925754060324826 0.07847826086956522 0.010440835266821345 0.006521739130434782
0 0.5907772621809745 0.20771739130434783 0.0075406032482598605 0.007173913043478261
6 0.4195185614849188 0.21478260869565216 0.004930394431554524 0.003043478260869565
0 0.4279292343387471 0.2076086956521739 0.008410672853828306 0.004782608695652174
8 0.5024651972157773 0.23967391304347826 0.010730858468677494 0.01108695652173913
3 0.5320475638051044 0.4255434782608696 0.013631090487238979 0.015434782608695652
6 0.47056264501160094 0.49217391304347824 0.006090487238979118 0.00391304347826087
1 0.5205916473317865 0.5391304347826087 0.002900232018561485 0.003043478260869565
0 0.29147331786542924 0.4877173913043478 0.016241299303944315 0.01108695652173913
0 0.12093967517401392 0.5673913043478261 0.01740139211136891 0.016956521739130436
0 0.14544663573085848 0.6432608695652174 0.006670533642691415 0.009130434782608696
0 0.4749129930394432 0.8577173913043479 0.013631090487238979 0.013260869565217392
0 0.6312354988399071 0.15532608695652175 0.015951276102088168 0.008478260869565218
6 0.3326566125290023 0.6315217391304347 0.0075406032482598605 0.006521739130434782
8 0.33410672853828305 0.6759782608695653 0.01160092807424594 0.008913043478260869
6 0.23738399071925753 0.5971739130434782 0.0037703016241299302 0.003043478260869565
1 0.13935614849187936 0.5980434782608696 0.005510440835266821 0.004347826086956522
0 0.2620359628770302 0.7289130434782609 0.0095707656612529 0.008695652173913044
1 0.49013921113689096 0.5114130434782609 0.0034802784222737818 0.002826086956521739
8 0.9098027842227379 0.2584782608695652 0.0063805104408352666 0.006956521739130435
0 0.7966937354988399 0.4901086956521739 0.004060324825986079 0.005
1 0.10933874709976799 0.7278260869565217 0.004060324825986079 0.00608695652173913
1 0.19750580046403712 0.8338043478260869 0.009280742459396751 0.006739130434782609
