4 0.5814965197215777 0.37717391304347825 0.017981438515081206 0.013478260869565217
4 0.384715777262181 0.4846739130434783 0.008990719257540603 0.006304347826086957
4 0.40516241299303946 0.5626086956521739 0.0063805104408352666 0.008695652173913044
4 0.36702436194895594 0.5776086956521739 0.006090487238979118 0.004347826086956522
4 0.08976218097447795 0.42782608695652175 0.004350348027842227 0.00826086956521739
4 0.4053074245939675 0.3160869565217391 0.010150812064965197 0.007391304347826087
4 0.16473317865429235 0.2931521739130435 0.011020881670533642 0.007608695652173913
4 0.19953596287703015 0.09771739130434783 0.009860788863109048 0.007608695652173913
4 0.8361368909512761 0.8132608695652174 0.004640371229698376 0.006956521739130435
4 0.8299013921113689 0.8479347826086957 0.0026102088167053363 0.0036956521739130435
4 0.8609338747099768 0.8067391304347826 0.0026102088167053363 0.004347826086956522
4 0.4853538283062645 0.9279347826086957 0.013051044083526682 0.008478260869565218
4 0.2923433874709977 0.836304347826087 0.016821345707656612 0.010434782608695653
8 0.7588457076566125 0.10521739130434783 0.02117169373549884 0.016956521739130436
8 0.07410092807424594 0.1932608695652174 0.02291183294663573 0.03956521739130435
8 0.7843677494199536 0.15489130434782608 0.012470997679814385 0.01108695652173913
8 0.785237819025522 0.07456521739130435 0.007250580046403712 0.005652173913043478
1 0.5694605568445475 0.2767391304347826 0.006670533642691415 0.004347826086956522
9 0.6676334106728539 0.537608695652174 0.015661252900232018 0.01217391304347826
0 0.4911542923433875 0.6026086956521739 0.014211136890951276 0.004347826086956522
0 0.5601798143851509 0.5495652173913044 0.008990719257540603 0.013478260869565217
9 0.4712877030162413 0.6460869565217391 0.004060324825986079 0.004347826086956522
9 0.4000870069605568 0.5891304347826087 0.017111368909512762 0.013043478260869565
9 0.49071925754060325 0.5910869565217391 0.009280742459396751 0.006956521739130435
8 0.5105858468677494 0.698695652173913 0.025812064965197216 0.023043478260869565
9 0.5094257540603249 0.7205434782608696 0.013631090487238979 0.007173913043478261
8 0.3561484918793503 0.7383695652173913 0.02088167053364269 0.016739130434782607
6 0.29640371229698376 0.7342391304347826 0.00580046403712297 0.003260869565217391
8 0.3328016241299304 0.7915217391304348 0.0095707656612529 0.006956521739130435
8 0.41748839907192575 0.8571739130434782 0.020011600928074247 0.00782608695652174
8 0.38326566125290024 0.8702173913043478 0.013631090487238979 0.008695652173913044
8 0.38268561484918795 0.8895652173913043 0.012470997679814385 0.008695652173913044
8 0.3922563805104408 0.9140217391304348 0.0095707656612529 0.006739130434782609
8 0.6666183294663574 0.8409782608695652 0.014791183294663572 0.013695652173913043
8 0.6104988399071926 0.9129347826086956 0.008120649651972157 0.005869565217391304
8 0.6419663573085846 0.8547826086956521 0.01131090487238979 0.010869565217391304
8 0.6292053364269141 0.8804347826086957 0.008410672853828306 0.015217391304347827
8 0.6158642691415314 0.8989130434782608 0.008410672853828306 0.010869565217391304
8 0.33773201856148494 0.842391304347826 0.01769141531322506 0.013478260869565217
9 0.3259860788863109 0.876195652173913 0.013921113689095127 0.01108695652173913
5 0.5935324825986079 0.4333695652173913 0.10005800464037123 0.07543478260869566
8 0.5812064965197216 0.9245652173913044 0.014501160092807424 0.011304347826086957
8 0.576276102088167 0.9358695652173913 0.020301624129930394 0.014782608695652174
8 0.5268271461716937 0.9016304347826087 0.006090487238979118 0.006304347826086957
1 0.5203016241299304 0.8951086956521739 0.004060324825986079 0.003260869565217391
8 0.5471287703016241 0.9119565217391304 0.010730858468677494 0.00826086956521739
8 0.5886020881670534 0.8926086956521739 0.010730858468677494 0.009565217391304347
8 0.5751160092807425 0.8905434782608695 0.010440835266821345 0.007173913043478261
3 0.05568445475638051 0.5082608695652174 0.012761020881670533 0.011739130434782608
3 0.1019431554524362 0.4942391304347826 0.020011600928074247 0.014130434782608696
3 0.13413573085846867 0.4330434782608696 0.007830626450116009 0.00826086956521739
6 0.3784802784222738 0.5692391304347826 0.011020881670533642 0.008478260869565218
1 0.8325116009280742 0.6015217391304348 0.005510440835266821 0.00391304347826087
3 0.8993619489559165 0.49717391304347824 0.03538283062645012 0.020869565217391306
3 0.8931264501160093 0.4815217391304348 0.026392111368909513 0.014347826086956521
3 0.9229988399071926 0.5047826086956522 0.02117169373549884 0.026521739130434784
3 0.8812354988399071 0.5219565217391304 0.016531322505800465 0.010869565217391304
0 0.43793503480278423 0.7214130434782609 0.005220417633410673 0.004565217391304348
0 0.44344547563805103 0.7181521739130434 0.008120649651972157 0.005
0 0.49680974477958234 0.7116304347826087 0.008700696055684454 0.006304347826086957
2 0.5556844547563805 0.8739130434782608 0.052204176334106726 0.02
2 0.560614849187935 0.904891304347826 0.05394431554524362 0.02891304347826087
6 0.5250870069605569 0.5732608695652174 0.006090487238979118 0.0052173913043478265
6 0.52334686774942 0.5791304347826087 0.007830626450116009 0.005652173913043478
6 0.5385730858468677 0.5834782608695652 0.00580046403712297 0.004782608695652174
6 0.5203016241299304 0.585 0.004640371229698376 0.004347826086956522
6 0.33309164733178653 0.5922826086956522 0.006090487238979118 0.0036956521739130435
6 0.3850058004640371 0.6889130434782609 0.004930394431554524 0.0034782608695652175
0 0.56627030162413 0.18391304347826087 0.01943155452436195 0.012608695652173913
1 0.8558584686774942 0.37673913043478263 0.00580046403712297 0.0052173913043478265
0 0.6036832946635731 0.7076086956521739 0.010150812064965197 0.013043478260869565
1 0.24013921113689096 0.6185869565217391 0.0063805104408352666 0.004565217391304348
0 0.45301624129930396 0.8717391304347826 0.008120649651972157 0.004347826086956522
6 0.5301624129930395 0.5683695652173913 0.0063805104408352666 0.005434782608695652
6 0.5513341067285383 0.5489130434782609 0.00580046403712297 0.00391304347826087
6 0.49071925754060325 0.5635869565217392 0.0069605568445475635 0.005434782608695652
6 0.49854988399071926 0.5707608695652174 0.0075406032482598605 0.005869565217391304
6 0.4918793503480278 0.5783695652173914 0.008700696055684454 0.005869565217391304
6 0.5504640371229699 0.6038043478260869 0.00580046403712297 0.005434782608695652
6 0.5326276102088167 0.528695652173913 0.006090487238979118 0.00391304347826087
1 0.1492169373549884 0.5898913043478261 0.006090487238979118 0.005
0 0.6770591647331786 0.5797826086956521 0.006090487238979118 0.008695652173913044
0 0.8454176334106729 0.6658695652173913 0.005220417633410673 0.00391304347826087
