8 0.45384837962962965 0.10349151234567901 0.010127314814814815 0.007908950617283951
6 0.4369212962962963 0.08863811728395062 0.004050925925925926 0.002507716049382716
6 0.3854166666666667 0.1032986111111111 0.003472222222222222 0.002507716049382716
6 0.4188368055555556 0.12586805555555555 0.006076388888888889 0.0028935185185185184
6 0.5623553240740741 0.16637731481481483 0.004918981481481482 0.0028935185185185184
6 0.6205150462962963 0.1486304012345679 0.004340277777777778 0.003279320987654321
6 0.6668113425925926 0.15133101851851852 0.004918981481481482 0.0028935185185185184
6 0.35836226851851855 0.28684413580246915 0.007233796296296296 0.005015432098765432
6 0.3229166666666667 0.26494984567901236 0.003472222222222222 0.002507716049382716
6 0.3055555555555556 0.2818287037037037 0.004050925925925926 0.0030864197530864196
6 0.4800347222222222 0.3109567901234568 0.005208333333333333 0.003472222222222222
6 0.46686921296296297 0.29388503086419754 0.004340277777777778 0.002507716049382716
6 0.44386574074074076 0.33275462962962965 0.00636574074074074 0.004243827160493827
6 0.5248842592592593 0.3455825617283951 0.005787037037037037 0.004436728395061728
8 0.5622106481481481 0.3446180555555556 0.011574074074074073 0.007908950617283951
8 0.8819444444444444 0.35947145061728397 0.012152777777777778 0.008680555555555556
8 0.40914351851851855 0.503858024691358 0.014467592592592593 0.017746913580246913
8 0.5335648148148148 0.5055941358024691 0.008101851851851851 0.005401234567901234
8 0.5081018518518519 0.511766975308642 0.011574074074074073 0.007716049382716049
9 0.5326967592592593 0.6221064814814815 0.005787037037037037 0.003472222222222222
6 0.35054976851851855 0.6056134259259259 0.003761574074074074 0.002507716049382716
9 0.43431712962962965 0.6807484567901234 0.008680555555555556 0.005787037037037037
6 0.5583043981481481 0.6785300925925926 0.01070601851851852 0.006751543209876543
6 0.20992476851851852 0.6403356481481481 0.006655092592592593 0.003279320987654321
6 0.15306712962962962 0.5719521604938271 0.005787037037037037 0.002700617283950617
6 0.12528935185185186 0.5521797839506173 0.004629629629629629 0.0028935185185185184
6 0.1449652777777778 0.5131172839506173 0.005208333333333333 0.002700617283950617
6 0.12152777777777778 0.6213348765432098 0.004050925925925926 0.003472222222222222
1 0.09071180555555555 0.7199074074074074 0.004918981481481482 0.003472222222222222
9 0.2298900462962963 0.8212770061728395 0.004918981481481482 0.004822530864197531
9 0.3443287037037037 0.8379629629629629 0.015046296296296295 0.011574074074074073
9 0.6041666666666666 0.8651620370370371 0.007523148148148148 0.004629629629629629
8 0.7445023148148148 0.7837577160493827 0.02546296296296296 0.015817901234567902
6 0.8674768518518519 0.7683256172839507 0.007523148148148148 0.005401234567901234
6 0.8305844907407407 0.7169174382716049 0.005497685185185185 0.0036651234567901233
6 0.8530092592592593 0.6547067901234568 0.005787037037037037 0.0038580246913580245
6 0.8550347222222222 0.6821952160493827 0.004629629629629629 0.0036651234567901233
6 0.8684895833333334 0.6959876543209876 0.005497685185185185 0.0030864197530864196
0 0.8559027777777778 0.6656057098765432 0.04050925925925926 0.024112654320987654
8 0.31105324074074076 0.6884645061728395 0.01678240740740741 0.011574074074074073
9 0.24797453703703703 0.7037037037037037 0.007523148148148148 0.006172839506172839
6 0.9071180555555556 0.5006751543209876 0.004050925925925926 0.004436728395061728
6 0.8868634259259259 0.49787808641975306 0.004050925925925926 0.0038580246913580245
0 0.28153935185185186 0.5815007716049383 0.03009259259259259 0.012924382716049383
1 0.7633101851851852 0.8870563271604939 0.011574074074074073 0.005979938271604938
0 0.13078703703703703 0.6705246913580247 0.009837962962962963 0.013888888888888888
0 0.15885416666666666 0.6721643518518519 0.028935185185185185 0.024112654320987654
0 0.79296875 0.6158371913580247 0.035590277777777776 0.024112654320987654
0 0.9545717592592593 0.6526813271604939 0.011574074074074073 0.01986882716049383
0 0.13310185185185186 0.7112268518518519 0.02199074074074074 0.020061728395061727
0 0.06684027777777778 0.6785300925925926 0.029513888888888888 0.04070216049382716
0 0.30497685185185186 0.7025462962962963 0.015625 0.009645061728395061
0 0.3567708333333333 0.7074652777777778 0.014467592592592593 0.014467592592592593
2 0.76953125 0.7448881172839507 0.020543981481481483 0.020640432098765434
0 0.8087384259259259 0.7015817901234568 0.02141203703703704 0.008101851851851851
0 0.8829571759259259 0.7102623456790124 0.01880787037037037 0.029320987654320986
0 0.16811342592592593 0.6682098765432098 0.013888888888888888 0.0073302469135802465
8 0.1410590277777778 0.7760416666666666 0.016493055555555556 0.010416666666666666
8 0.7054398148148148 0.8458719135802469 0.020833333333333332 0.013503086419753086
0 0.37876157407407407 0.6697530864197531 0.015046296296296295 0.008487654320987654
8 0.9088541666666666 0.6370563271604939 0.02662037037037037 0.01832561728395062
0 0.8075810185185185 0.6422646604938271 0.020833333333333332 0.007137345679012345
0 0.8155381944444444 0.6643518518518519 0.019965277777777776 0.008487654320987654
0 0.8551793981481481 0.5792824074074074 0.01070601851851852 0.006944444444444444
0 0.15711805555555555 0.6468942901234568 0.010416666666666666 0.009066358024691358
0 0.10677083333333333 0.6118827160493827 0.008680555555555556 0.0073302469135802465
3 0.13599537037037038 0.47588734567901236 0.013310185185185185 0.0073302469135802465
3 0.0993923611111111 0.5098379629629629 0.007233796296296296 0.006558641975308642
1 0.6763599537037037 0.2017746913580247 0.013599537037037037 0.0073302469135802465
8 0.21180555555555555 0.8295717592592593 0.01678240740740741 0.011766975308641976
0 0.1875 0.6859567901234568 0.009837962962962963 0.010802469135802469
4 0.19212962962962962 0.4894868827160494 0.00636574074074074 0.0028935185185185184
3 0.10836226851851852 0.4948881172839506 0.014178240740740741 0.010223765432098766
3 0.045572916666666664 0.5310570987654321 0.009548611111111112 0.008873456790123456
3 0.0720486111111111 0.43451003086419754 0.019097222222222224 0.011381172839506173
3 0.12109375 0.44367283950617287 0.008391203703703705 0.004629629629629629
3 0.9322916666666666 0.47096836419753085 0.017361111111111112 0.01408179012345679
6 0.6527777777777778 0.6517168209876543 0.005787037037037037 0.004050925925925926
8 0.9250578703703703 0.730420524691358 0.009837962962962963 0.010609567901234568
0 0.14872685185185186 0.22849151234567902 0.013888888888888888 0.009837962962962963
8 0.2622974537037037 0.15779320987654322 0.01244212962962963 0.007716049382716049
1 0.29108796296296297 0.18267746913580246 0.010416666666666666 0.006944444444444444
8 0.5024594907407407 0.3081597222222222 0.013599537037037037 0.01099537037037037
0 0.39525462962962965 0.2742091049382716 0.007523148148148148 0.01253858024691358
1 0.7662037037037037 0.2248263888888889 0.008101851851851851 0.004822530864197531
1 0.7948495370370371 0.23842592592592593 0.007523148148148148 0.005787037037037037
9 0.9803240740740741 0.46875 0.012152777777777778 0.01273148148148148
0 0.9159432870370371 0.5083912037037037 0.007233796296296296 0.004822530864197531
6 0.49797453703703703 0.4195601851851852 0.005208333333333333 0.003472222222222222
8 0.6304976851851852 0.6158371913580247 0.017939814814814815 0.01253858024691358
0 0.8977141203703703 0.5923996913580247 0.011284722222222222 0.008487654320987654
8 0.9790219907407407 0.5964506172839507 0.014178240740740741 0.018132716049382717
8 0.8728298611111112 0.7748842592592593 0.014178240740740741 0.009645061728395061
8 0.7374131944444444 0.8800154320987654 0.015335648148148149 0.013117283950617283
2 0.5425347222222222 0.8243634259259259 0.028935185185185185 0.008680555555555556
4 0.12528935185185186 0.7687114197530864 0.005787037037037037 0.005401234567901234
8 0.2651909722222222 0.11516203703703703 0.013020833333333334 0.007716049382716049
1 0.33738425925925924 0.1711033950617284 0.008680555555555556 0.006944444444444444
1 0.04991319444444445 0.3900462962962963 0.008391203703703705 0.0073302469135802465
8 0.08492476851851852 0.6306905864197531 0.011284722222222222 0.01099537037037037
9 0.2947048611111111 0.6293402777777778 0.008969907407407407 0.0055941358024691355
9 0.3172743055555556 0.6431327160493827 0.0078125 0.005015432098765432
2 0.2523148148148148 0.7936921296296297 0.011574074074074073 0.006751543209876543
0 0.48755787037037035 0.6589506172839507 0.008101851851851851 0.009259259259259259
6 0.4375 0.5975115740740741 0.007523148148148148 0.005208333333333333
1 0.8203125 0.8142361111111112 0.009259259259259259 0.0073302469135802465
1 0.9393807870370371 0.4859182098765432 0.003761574074074074 0.002700617283950617
1 0.6678240740740741 0.8372878086419753 0.004050925925925926 0.0028935185185185184
0 0.1127025462962963 0.7426697530864198 0.03153935185185185 0.026234567901234566