9 0.2637468030690537 0.8578278590266123 0.04028132992327366 0.02397506593143131
2 0.3030690537084399 0.9237592903380484 0.05115089514066496 0.03164708702948933
2 0.3508631713554987 0.9020618556701031 0.04315856777493606 0.026132821865260128
2 0.30898337595907927 0.9067369935267322 0.027813299232736573 0.016782546152001917
9 0.655690537084399 0.9024214816590745 0.04283887468030691 0.02781107648046032
0 0.581042199488491 0.9470151042915368 0.01694373401534527 0.011028530328458403
2 0.7046035805626598 0.8961879645169024 0.05179028132992328 0.022536561975545433
9 0.7432864450127877 0.8128746104051786 0.019820971867007674 0.017022296811316232
8 0.8529411764705882 0.5676096859266363 0.034526854219948847 0.01989930472308799
0 0.5286125319693095 0.47614480939822584 0.029092071611253198 0.018221050107887795
0 0.4868925831202046 0.5154639175257731 0.0159846547314578 0.012467034284344283
0 0.4688299232736573 0.5385998561496044 0.016304347826086956 0.014145288899544474
1 0.2592710997442455 0.4845360824742268 0.011508951406649617 0.008631023735315272
1 0.2464833759590793 0.4461759769839367 0.0076726342710997444 0.005754015823543515
1 0.33471867007672634 0.4572045073123951 0.011508951406649617 0.006713018460800768
0 0.4992007672634271 0.3937904579237593 0.027813299232736573 0.009350275713258211
1 0.620843989769821 0.4641572764325102 0.007033248081841432 0.004795013186286262
3 0.9400575447570333 0.3747302805082714 0.01694373401534527 0.018700551426516422
3 0.9053708439897699 0.43035243346919205 0.023017902813299233 0.016782546152001917
3 0.9088874680306905 0.40350035962598896 0.016624040920716114 0.0201390553824023
3 0.96403452685422 0.4889714696715416 0.013746803069053709 0.016063294174058978
3 0.9656329923273658 0.44353871973147924 0.011828644501278773 0.014385039558858786
3 0.10262148337595908 0.4337089426995924 0.029411764705882353 0.019659554063773677
3 0.0930306905370844 0.5002397506593144 0.023017902813299233 0.02229681131623112
2 0.453804347826087 0.22980100695276912 0.018861892583120203 0.018940302085830737
7 0.6806265984654731 0.3113162311196356 0.02877237851662404 0.023735315272117
0 0.46611253196930946 0.6735794773435627 0.020460358056265986 0.010788779669144091
0 0.4665920716112532 0.6618316950371613 0.009910485933503837 0.009350275713258211
0 0.5009590792838875 0.6631503236633901 0.015345268542199489 0.007672021098058019
0 0.48561381074168797 0.6701030927835051 0.011508951406649617 0.010549029009829777
0 0.4915281329923274 0.6859266362982498 0.016304347826086956 0.007672021098058019
0 0.5241368286445013 0.665427954926876 0.009910485933503837 0.00695276912011508
0 0.5153452685421995 0.6874850155837928 0.014066496163682864 0.007911771757372333
0 0.5047953964194374 0.6726204747063055 0.012148337595907928 0.008391273076000958
0 0.4100063938618926 0.8602253656197555 0.02078005115089514 0.007192519779429393
4 0.6446611253196931 0.7000719251977943 0.01758312020460358 0.011028530328458403
4 0.9373401534526854 0.6032126588348118 0.0076726342710997444 0.01006952769120115
4 0.09047314578005115 0.7452649244785423 0.012148337595907928 0.014145288899544474
2 0.41975703324808183 0.5098297770318868 0.023017902813299233 0.02948933109566051
2 0.44005754475703324 0.4732678014864541 0.026534526854219948 0.016782546152001917
0 0.4179987212276215 0.6796931191560777 0.02014066496163683 0.016303044833373293
1 0.4266304347826087 0.6578758091584752 0.005434782608695652 0.004315511867657636
8 0.8467071611253197 0.7839846559578039 0.0079923273657289 0.007192519779429393
8 0.517423273657289 0.8816830496283865 0.008631713554987212 0.004555262526971949
8 0.5303708439897699 0.8846799328698154 0.007033248081841432 0.004795013186286262
8 0.5108695652173914 0.8907935746823303 0.007033248081841432 0.006473267801486454
0 0.4562020460358056 0.9040997362742748 0.024936061381074168 0.009110525053943897
8 0.47474424552429667 0.8941500839127308 0.008951406649616368 0.005034763845600575
8 0.4907289002557545 0.9044593622632462 0.0076726342710997444 0.005993766482857828
0 0.33168158567774936 0.8678973867178135 0.015025575447570333 0.011028530328458403
9 0.26134910485933505 0.8014864540877488 0.01118925831202046 0.006713018460800768
0 0.47378516624040923 0.058379285543035245 0.01918158567774936 0.013665787580915847
1 0.3898657289002558 0.15212179333493167 0.007352941176470588 0.005514265164229201
1 0.0414002557544757 0.45181011747782307 0.0041560102301790285 0.004075761208343323
0 0.5343670076726342 0.5046751378566291 0.012468030690537084 0.01006952769120115
1 0.6740728900255755 0.6445696475665308 0.008631713554987212 0.00695276912011508
1 0.6587276214833759 0.6573963078398466 0.009271099744245524 0.006713018460800768
2 0.7378516624040921 0.8539918484775834 0.030051150895140665 0.013426036921601535
2 0.3280051150895141 0.8806041716614721 0.05946291560102302 0.02781107648046032
6 0.5171035805626598 0.09937664828578278 0.006074168797953964 0.004555262526971949
1 0.7498401534526854 0.44030208583073605 0.006074168797953964 0.004075761208343323
6 0.4656329923273657 0.8840805562215296 0.006713554987212276 0.005034763845600575
0 0.41304347826086957 0.9416207144569647 0.0159846547314578 0.006473267801486454
1 0.23129795396419436 0.020978182690002397 0.007352941176470588 0.005993766482857828
0 0.21851023017902813 0.844521697434668 0.01118925831202046 0.005514265164229201
0 0.04028132992327366 0.5626947974106928 0.012148337595907928 0.018221050107887795
