0 0.5169663573085846 0.3226086956521739 0.01131090487238979 0.006956521739130435
0 0.4380800464037123 0.3105434782608696 0.010730858468677494 0.01108695652173913
8 0.40864269141531323 0.11065217391304348 0.015661252900232018 0.00826086956521739
8 0.6612529002320185 0.1826086956521739 0.021461716937354988 0.017391304347826087
1 0.7459396751740139 0.25478260869565217 0.008120649651972157 0.006521739130434782
6 0.6799593967517401 0.23532608695652174 0.007250580046403712 0.004565217391304348
0 0.44518561484918795 0.32282608695652176 0.012180974477958236 0.010434782608695653
8 0.5001450116009281 0.37021739130434783 0.01537122969837587 0.012608695652173913
0 0.21490719257540603 0.2752173913043478 0.05394431554524362 0.02217391304347826
3 0.04553364269141531 0.5172826086956521 0.0075406032482598605 0.006739130434782609
3 0.04582366589327146 0.5482608695652174 0.008700696055684454 0.01
4 0.05698955916473318 0.5479347826086957 0.005510440835266821 0.005
3 0.04756380510440835 0.57 0.0069605568445475635 0.009565217391304347
3 0.15922273781902552 0.7329347826086956 0.01334106728538283 0.010217391304347826
3 0.10745359628770301 0.7225 0.004930394431554524 0.005434782608695652
0 0.2049013921113689 0.7051086956521739 0.021751740139211138 0.017608695652173913
4 0.3352668213457077 0.6393478260869565 0.009280742459396751 0.006956521739130435
8 0.6979408352668214 0.9485869565217391 0.028132250580046404 0.02108695652173913
8 0.49956496519721577 0.7216304347826087 0.008990719257540603 0.006304347826086957
8 0.33410672853828305 0.7522826086956522 0.021461716937354988 0.015
1 0.1915603248259861 0.8095652173913044 0.010730858468677494 0.010434782608695653
0 0.16734338747099767 0.7871739130434783 0.005220417633410673 0.0034782608695652175
8 0.6265951276102089 0.7429347826086956 0.013051044083526682 0.010217391304347826
8 0.6235498839907193 0.7516304347826087 0.010440835266821345 0.008043478260869565
6 0.5633700696055685 0.6183695652173913 0.006090487238979118 0.005
6 0.5540893271461717 0.610108695652174 0.007250580046403712 0.005
0 0.85542343387471 0.6809782608695653 0.015951276102088168 0.015869565217391305
5 0.8871809744779582 0.7015217391304348 0.025522041763341066 0.03695652173913044
5 0.8503480278422274 0.6828260869565217 0.033642691415313224 0.03260869565217391
4 0.7295533642691415 0.5759782608695653 0.0031902552204176333 0.0036956521739130435
3 0.10774361948955917 0.563695652173913 0.004930394431554524 0.0034782608695652175
3 0.1244199535962877 0.5244565217391305 0.004640371229698376 0.002391304347826087
1 0.14602668213457076 0.524891304347826 0.0037703016241299302 0.002826086956521739
6 0.5498839907192575 0.2142391304347826 0.009860788863109048 0.008043478260869565
8 0.714907192575406 0.758695652173913 0.015661252900232018 0.01391304347826087
1 0.787122969837587 0.74 0.0034802784222737818 0.003043478260869565
8 0.21099187935034802 0.9056521739130434 0.014791183294663572 0.01217391304347826
8 0.19344547563805103 0.9090217391304348 0.019721577726218097 0.014130434782608696
6 0.7678364269141531 0.6357608695652174 0.006670533642691415 0.005
0 0.5337877030162413 0.7590217391304348 0.008990719257540603 0.010217391304347826
0 0.09048723897911833 0.7117391304347827 0.016821345707656612 0.01565217391304348
1 0.726508120649652 0.24695652173913044 0.004640371229698376 0.004782608695652174
8 0.8188805104408353 0.3241304347826087 0.01131090487238979 0.008695652173913044
0 0.550899071925754 0.5313043478260869 0.014211136890951276 0.010434782608695653
0 0.617314385150812 0.6020652173913044 0.008990719257540603 0.011956521739130435
1 0.40835266821345706 0.5165217391304348 0.005220417633410673 0.0034782608695652175
4 0.30162412993039445 0.5925 0.008120649651972157 0.006304347826086957
0 0.5153712296983759 0.7455434782608695 0.012180974477958236 0.007608695652173913
5 0.6596577726218097 0.8777173913043478 0.05655452436194896 0.03065217391304348
8 0.6861948955916474 0.8776086956521739 0.011020881670533642 0.01
8 0.87877030162413 0.7305434782608695 0.01334106728538283 0.01108695652173913
1 0.6834396751740139 0.14847826086956523 0.01131090487238979 0.006956521739130435
8 0.6548723897911833 0.5581521739130435 0.025522041763341066 0.02108695652173913
0 0.8093097447795824 0.6920652173913043 0.006670533642691415 0.005434782608695652
0 0.5330626450116009 0.7319565217391304 0.009280742459396751 0.004347826086956522
0 0.5443735498839907 0.7139130434782609 0.0069605568445475635 0.006956521739130435
6 0.35165313225058004 0.5703260869565218 0.006090487238979118 0.004565217391304348
8 0.11267401392111369 0.24315217391304347 0.022331786542923435 0.016304347826086956
1 0.5952726218097448 0.3602173913043478 0.007250580046403712 0.005652173913043478
8 0.08323665893271462 0.7540217391304348 0.008120649651972157 0.010217391304347826
5 0.6025232018561485 0.9258695652173913 0.036832946635730855 0.02434782608695652
