4 0.21889467592592593 0.43431712962962965 0.014756944444444444 0.006751543209876543
4 0.8488136574074074 0.40403163580246915 0.01244212962962963 0.007523148148148148
4 0.43721064814814814 0.3307291666666667 0.004050925925925926 0.004050925925925926
8 0.34837962962962965 0.5150462962962963 0.015046296296296295 0.013888888888888888
8 0.6494502314814815 0.6376350308641975 0.011284722222222222 0.008294753086419753
3 0.40031828703703703 0.4441550925925926 0.013599537037037037 0.009837962962962963
3 0.38483796296296297 0.5180362654320988 0.007523148148148148 0.006751543209876543
3 0.14221643518518517 0.43373842592592593 0.008391203703703705 0.004822530864197531
3 0.2925347222222222 0.47280092592592593 0.010416666666666666 0.005401234567901234
3 0.33781828703703703 0.48225308641975306 0.009548611111111112 0.005401234567901234
3 0.3347800925925926 0.3699845679012346 0.006944444444444444 0.005787037037037037
3 0.8234953703703703 0.4613233024691358 0.01273148148148148 0.011381172839506173
3 0.8020833333333334 0.44222608024691357 0.007523148148148148 0.0055941358024691355
3 0.8143807870370371 0.43258101851851855 0.010127314814814815 0.007908950617283951
3 0.7309027777777778 0.5005787037037037 0.010416666666666666 0.006172839506172839
3 0.7552083333333334 0.5017361111111112 0.007523148148148148 0.006944444444444444
8 0.46079282407407407 0.46942515432098764 0.008969907407407407 0.005979938271604938
0 0.6462673611111112 0.5536265432098766 0.011284722222222222 0.005015432098765432
0 0.4738136574074074 0.5437885802469136 0.006655092592592593 0.004243827160493827
1 0.3660300925925926 0.4798418209876543 0.004629629629629629 0.0028935185185185184
1 0.4826388888888889 0.4825424382716049 0.003472222222222222 0.0028935185185185184
6 0.4852430555555556 0.4889081790123457 0.004050925925925926 0.002507716049382716
0 0.4592013888888889 0.5418595679012346 0.005787037037037037 0.005401234567901234
0 0.47193287037037035 0.5533371913580247 0.009837962962962963 0.006751543209876543
0 0.4464699074074074 0.543016975308642 0.00636574074074074 0.004243827160493827
0 0.4402488425925926 0.5528549382716049 0.008391203703703705 0.005015432098765432
1 0.3355034722222222 0.19135802469135801 0.005497685185185185 0.0038580246913580245
1 0.36299189814814814 0.17563657407407407 0.006655092592592593 0.003279320987654321
1 0.5206886574074074 0.09645061728395062 0.004918981481481482 0.002700617283950617
1 0.4894386574074074 0.3193479938271605 0.004918981481481482 0.003279320987654321
0 0.46021412037037035 0.5190007716049383 0.010127314814814815 0.004050925925925926
0 0.4700520833333333 0.5290316358024691 0.007233796296296296 0.002507716049382716
0 0.45109953703703703 0.5374228395061729 0.005787037037037037 0.002700617283950617
0 0.5007233796296297 0.5207368827160493 0.005497685185185185 0.0021219135802469135
3 0.7659143518518519 0.49353780864197533 0.004050925925925926 0.004436728395061728
1 0.6895254629629629 0.5094521604938271 0.004629629629629629 0.003472222222222222
1 0.4622395833333333 0.3976658950617284 0.005497685185185185 0.003279320987654321
6 0.4309895833333333 0.6844135802469136 0.004918981481481482 0.003472222222222222
8 0.43938078703703703 0.8055555555555556 0.006076388888888889 0.003472222222222222
8 0.5755208333333334 0.6815200617283951 0.004629629629629629 0.003472222222222222
8 0.5400752314814815 0.6815200617283951 0.006076388888888889 0.0038580246913580245
8 0.5377604166666666 0.6853780864197531 0.006655092592592593 0.0030864197530864196
8 0.26461226851851855 0.6708140432098766 0.008391203703703705 0.0055941358024691355
0 0.3978587962962963 0.6833526234567902 0.008101851851851851 0.003279320987654321
8 0.2845775462962963 0.779320987654321 0.006655092592592593 0.004629629629629629
8 0.28530092592592593 0.7685185185185185 0.007523148148148148 0.003472222222222222
3 0.0708912037037037 0.4289158950617284 0.008101851851851851 0.010609567901234568
3 0.08289930555555555 0.42139274691358025 0.006076388888888889 0.0055941358024691355
3 0.05497685185185185 0.4254436728395062 0.006944444444444444 0.011381172839506173
3 0.5504918981481481 0.47627314814814814 0.006076388888888889 0.006558641975308642
3 0.5331307870370371 0.49932484567901236 0.007233796296296296 0.006751543209876543
0 0.4855324074074074 0.5433063271604939 0.004629629629629629 0.0028935185185185184
1 0.5105613425925926 0.48042052469135804 0.003761574074074074 0.002507716049382716
3 0.75 0.32947530864197533 0.011574074074074073 0.006944444444444444
8 0.8378182870370371 0.5967399691358025 0.009548611111111112 0.009066358024691358
1 0.48191550925925924 0.5336612654320988 0.005497685185185185 0.0036651234567901233
3 0.41507523148148145 0.505883487654321 0.006076388888888889 0.0055941358024691355
0 0.4681712962962963 0.4887152777777778 0.003472222222222222 0.001736111111111111
0 0.49537037037037035 0.48910108024691357 0.0023148148148148147 0.0021219135802469135
8 0.6759259259259259 0.7996720679012346 0.009259259259259259 0.006751543209876543
8 0.15465856481481483 0.6884645061728395 0.003761574074074074 0.004629629629629629
4 0.12789351851851852 0.6301118827160493 0.001736111111111111 0.001736111111111111
1 0.46672453703703703 0.4756944444444444 0.00636574074074074 0.0038580246913580245
0 0.4933449074074074 0.5395447530864198 0.006944444444444444 0.002700617283950617
3 0.5107060185185185 0.5076195987654321 0.01099537037037037 0.011381172839506173
8 0.46947337962962965 0.4948881172839506 0.014178240740740741 0.009837962962962963
3 0.4301215277777778 0.5063657407407407 0.0078125 0.008487654320987654
3 0.4505208333333333 0.4618055555555556 0.005208333333333333 0.004629629629629629
3 0.3900462962962963 0.5934606481481481 0.01678240740740741 0.009066358024691358
8 0.3655960648148148 0.5387731481481481 0.01070601851851852 0.006172839506172839
8 0.24016203703703703 0.7661072530864198 0.012152777777777778 0.007908950617283951
0 0.3116319444444444 0.6964699074074074 0.007523148148148148 0.0036651234567901233
3 0.5334201388888888 0.3843557098765432 0.008391203703703705 0.009837962962962963
3 0.19270833333333334 0.3839699074074074 0.010416666666666666 0.007908950617283951
3 0.1294849537037037 0.34423225308641975 0.006076388888888889 0.004436728395061728
3 0.8943865740740741 0.45360725308641975 0.00636574074074074 0.00945216049382716
0 0.41377314814814814 0.19618055555555555 0.015046296296296295 0.013503086419753086
0 0.6772280092592593 0.5729166666666666 0.015335648148148149 0.008101851851851851
0 0.7238136574074074 0.5692515432098766 0.015914351851851853 0.006558641975308642
1 0.6323784722222222 0.6331983024691358 0.006076388888888889 0.004050925925925926
4 0.6435185185185185 0.8157793209876543 0.006944444444444444 0.004243827160493827
6 0.6699942129629629 0.7122878086419753 0.005497685185185185 0.004050925925925926
1 0.48017939814814814 0.47173996913580246 0.004340277777777778 0.0028935185185185184
0 0.3783275462962963 0.6540316358024691 0.0078125 0.005208333333333333
0 0.3336226851851852 0.5776427469135802 0.008680555555555556 0.00636574074074074
0 0.1456886574074074 0.5703125 0.006076388888888889 0.005208333333333333
0 0.4431423611111111 0.3824266975308642 0.004340277777777778 0.001736111111111111
8 0.2718460648148148 0.7716049382716049 0.009548611111111112 0.006944444444444444