4 0.15211716937354988 0.42532608695652174 0.008990719257540603 0.007608695652173913
4 0.3287412993039443 0.8683695652173913 0.006090487238979118 0.005434782608695652
4 0.9759280742459396 0.4320652173913043 0.00580046403712297 0.007608695652173913
1 0.6479118329466357 0.12956521739130436 0.004640371229698376 0.0034782608695652175
1 0.6461716937354989 0.1348913043478261 0.004060324825986079 0.002391304347826087
8 0.560469837587007 0.16717391304347826 0.010150812064965197 0.009565217391304347
6 0.6086136890951276 0.16217391304347825 0.004930394431554524 0.00391304347826087
1 0.6049883990719258 0.1825 0.0034802784222737818 0.002391304347826087
8 0.5079756380510441 0.30521739130434783 0.015951276102088168 0.011739130434782608
0 0.46041183294663574 0.28097826086956523 0.007250580046403712 0.0036956521739130435
1 0.283207656612529 0.37619565217391304 0.004930394431554524 0.002826086956521739
1 0.22839327146171692 0.3735869565217391 0.006670533642691415 0.002826086956521739
1 0.15849767981438515 0.4678260869565217 0.004930394431554524 0.002173913043478261
1 0.2913283062645012 0.5242391304347827 0.005510440835266821 0.005434782608695652
0 0.10513341067285382 0.456304347826087 0.006670533642691415 0.0052173913043478265
8 0.05046403712296984 0.6008695652173913 0.008700696055684454 0.00826086956521739
8 0.03755800464037123 0.592391304347826 0.008410672853828306 0.011304347826086957
0 0.5651102088167054 0.7121739130434782 0.02117169373549884 0.015217391304347827
1 0.5147911832946636 0.6956521739130435 0.008120649651972157 0.00608695652173913
0 0.5804814385150812 0.6396739130434783 0.0095707656612529 0.012391304347826086
0 0.4730278422273782 0.6447826086956522 0.004060324825986079 0.006521739130434782
0 0.4572215777262181 0.6272826086956522 0.007250580046403712 0.008478260869565218
1 0.4937645011600928 0.888695652173913 0.007250580046403712 0.0052173913043478265
1 0.7252030162412993 0.8184782608695652 0.0037703016241299302 0.004347826086956522
1 0.804814385150812 0.7242391304347826 0.005220417633410673 0.004130434782608695
8 0.9040023201856149 0.5785869565217391 0.008700696055684454 0.007173913043478261
8 0.8589037122969838 0.5960869565217392 0.008990719257540603 0.008695652173913044
0 0.4892691415313225 0.6669565217391304 0.0075406032482598605 0.013043478260869565
0 0.47940835266821347 0.66 0.0069605568445475635 0.00608695652173913
0 0.498114849187935 0.6469565217391304 0.008990719257540603 0.00391304347826087
8 0.6492169373549884 0.1776086956521739 0.01131090487238979 0.006521739130434782
8 0.8069895591647331 0.8306521739130435 0.013051044083526682 0.006521739130434782
0 0.5075406032482599 0.7079347826086957 0.010440835266821345 0.005
0 0.48897911832946633 0.6876086956521739 0.009280742459396751 0.003043478260869565
0 0.48680394431554525 0.6958695652173913 0.004350348027842227 0.005652173913043478
0 0.4792633410672854 0.672608695652174 0.0031902552204176333 0.00608695652173913
0 0.5284222737819025 0.707391304347826 0.012761020881670533 0.004782608695652174
0 0.5081206496519721 0.6841304347826087 0.00580046403712297 0.004782608695652174
6 0.4859338747099768 0.37771739130434784 0.008990719257540603 0.006739130434782609
1 0.7151972157772621 0.09369565217391304 0.009860788863109048 0.005652173913043478
1 0.7457946635730859 0.11793478260869565 0.006670533642691415 0.005869565217391304
0 0.11325406032482599 0.6135869565217391 0.010730858468677494 0.010652173913043479
0 0.8967517401392111 0.6306521739130435 0.03538283062645012 0.03391304347826087
0 0.4685324825986079 0.6583695652173913 0.0095707656612529 0.007173913043478261
0 0.03074245939675174 0.5307608695652174 0.008700696055684454 0.016304347826086956
0 0.051769141531322505 0.6415217391304348 0.0287122969837587 0.12260869565217392
0 0.939530162412993 0.6222826086956522 0.020591647331786544 0.030217391304347824
0 0.9724477958236659 0.5957608695652173 0.04176334106728538 0.02717391304347826
0 0.9812935034802784 0.48336956521739133 0.013631090487238979 0.02326086956521739
0 0.9846287703016241 0.5147826086956522 0.010440835266821345 0.01565217391304348
7 0.34324245939675174 0.19456521739130433 0.020011600928074247 0.011304347826086957
0 0.8719547563805105 0.585 0.022331786542923435 0.017826086956521738
0 0.8019141531322506 0.715 0.011020881670533642 0.007391304347826087
4 0.7002610208816705 0.9293478260869565 0.006090487238979118 0.005652173913043478
4 0.09498259860788863 0.7946739130434782 0.008410672853828306 0.008043478260869565
7 0.3396171693735499 0.11565217391304349 0.024361948955916472 0.018260869565217393
1 0.6511020881670534 0.14184782608695654 0.004640371229698376 0.0036956521739130435
0 0.6685034802784223 0.7222826086956522 0.010440835266821345 0.015434782608695652
2 0.6877900232018561 0.8032608695652174 0.013051044083526682 0.013043478260869565
0 0.6283352668213457 0.09684782608695652 0.02349187935034803 0.014565217391304348
8 0.76957656612529 0.1267391304347826 0.006670533642691415 0.004782608695652174
1 0.8325116009280742 0.6610869565217391 0.005510440835266821 0.003043478260869565
0 0.22027262180974477 0.6381521739130435 0.016531322505800465 0.008913043478260869
0 0.07236078886310905 0.39608695652173914 0.01131090487238979 0.016956521739130436
0 0.949245939675174 0.36 0.0069605568445475635 0.016956521739130436
