8 0.05466937354988399 0.4231521739130435 0.017111368909512762 0.02108695652173913
4 0.21084686774941996 0.45260869565217393 0.012180974477958236 0.007391304347826087
4 0.4290893271461717 0.5441304347826087 0.012470997679814385 0.01217391304347826
8 0.5163863109048724 0.5471739130434783 0.024071925754060326 0.014782608695652174
4 0.6292053364269141 0.6681521739130435 0.013631090487238979 0.009782608695652175
0 0.7398491879350348 0.605108695652174 0.03248259860788863 0.015434782608695652
0 0.8068445475638051 0.5967391304347827 0.024361948955916472 0.02217391304347826
8 0.833961716937355 0.8379347826086957 0.02349187935034803 0.024565217391304347
8 0.11760440835266821 0.7353260869565217 0.008990719257540603 0.010652173913043479
8 0.4486658932714617 0.4517391304347826 0.010440835266821345 0.010434782608695653
1 0.7217227378190255 0.13065217391304348 0.0095707656612529 0.00608695652173913
8 0.9404002320185615 0.23228260869565218 0.016531322505800465 0.020652173913043477
8 0.9763631090487239 0.2916304347826087 0.010150812064965197 0.010652173913043479
0 0.5537993039443155 0.09217391304347826 0.010150812064965197 0.0052173913043478265
0 0.23216357308584687 0.5939130434782609 0.029872389791183295 0.018695652173913044
0 0.310614849187935 0.5755434782608696 0.0191415313225058 0.008478260869565218
6 0.6700986078886311 0.08489130434782609 0.008410672853828306 0.005434782608695652
1 0.2732018561484919 0.5722826086956522 0.010440835266821345 0.006739130434782609
0 0.2711716937354988 0.543804347826087 0.029582366589327145 0.016304347826086956
1 0.8761600928074246 0.3733695652173913 0.005220417633410673 0.004130434782608695
0 0.3343967517401392 0.5654347826086956 0.009280742459396751 0.009130434782608696
0 0.5236368909512761 0.5938043478260869 0.016531322505800465 0.01108695652173913
6 0.7807424593967517 0.6039130434782609 0.00580046403712297 0.0052173913043478265
6 0.5168213457076566 0.6718478260869565 0.005220417633410673 0.004565217391304348
0 0.8158352668213457 0.8051086956521739 0.027842227378190254 0.026304347826086958
8 0.7254930394431555 0.8967391304347826 0.010150812064965197 0.009565217391304347
0 0.4134280742459397 0.4609782608695652 0.0095707656612529 0.011956521739130435
0 0.5601798143851509 0.14347826086956522 0.0095707656612529 0.005652173913043478
7 0.6583526682134571 0.1891304347826087 0.0063805104408352666 0.011739130434782608
8 0.9186484918793504 0.35739130434782607 0.008990719257540603 0.00826086956521739
8 0.9659222737819025 0.4185869565217391 0.010150812064965197 0.007608695652173913
6 0.9836136890951276 0.4817391304347826 0.0037703016241299302 0.0052173913043478265
8 0.8876160092807425 0.715 0.013051044083526682 0.01391304347826087
8 0.8114849187935035 0.841304347826087 0.009860788863109048 0.01217391304347826
6 0.5081206496519721 0.4018478260869565 0.0075406032482598605 0.005434782608695652
0 0.6792343387470998 0.5433695652173913 0.009280742459396751 0.006304347826086957
6 0.7111368909512761 0.5409782608695652 0.005220417633410673 0.0036956521739130435
0 0.6711136890951276 0.1492391304347826 0.011020881670533642 0.005
8 0.09831786542923433 0.636195652173913 0.00580046403712297 0.006304347826086957
0 0.22288283062645012 0.6432608695652174 0.006670533642691415 0.01
8 0.05568445475638051 0.3009782608695652 0.004060324825986079 0.007173913043478261
0 0.07540603248259861 0.3894565217391304 0.01160092807424594 0.015869565217391305
0 0.8929814385150812 0.6379347826086956 0.00580046403712297 0.005