0 0.025812064965197216 0.3023913043478261 0.008700696055684454 0.017391304347826087
0 0.10991879350348027 0.2728260869565217 0.008120649651972157 0.011304347826086957
0 0.39080626450116007 0.15967391304347825 0.021751740139211138 0.007608695652173913
0 0.8829756380510441 0.7710869565217391 0.018271461716937356 0.02043478260869565
0 0.06714037122969838 0.7466304347826087 0.010730858468677494 0.015
0 0.0619199535962877 0.716195652173913 0.013051044083526682 0.012826086956521739
0 0.06844547563805105 0.7715217391304348 0.008120649651972157 0.014782608695652174
9 0.1993909512761021 0.8958695652173913 0.010150812064965197 0.008695652173913044
9 0.6170243619489559 0.955 0.007830626450116009 0.004782608695652174
8 0.4779582366589327 0.4290217391304348 0.023781902552204175 0.012391304347826086
9 0.39037122969837584 0.7319565217391304 0.016821345707656612 0.014347826086956521
0 0.4802784222737819 0.7606521739130435 0.015661252900232018 0.006521739130434782
0 0.5694605568445475 0.7554347826086957 0.013631090487238979 0.011739130434782608
8 0.20113109048723898 0.7068478260869565 0.021751740139211138 0.015
8 0.21650232018561485 0.8120652173913043 0.013631090487238979 0.010217391304347826
8 0.2698665893271462 0.5704347826086956 0.013631090487238979 0.008695652173913044
8 0.9142981438515081 0.40217391304347827 0.010150812064965197 0.009565217391304347
4 0.045678654292343385 0.2935869565217391 0.007250580046403712 0.007173913043478261
4 0.7515951276102089 0.20423913043478262 0.007830626450116009 0.005869565217391304
4 0.9185034802784223 0.533804347826087 0.0063805104408352666 0.004565217391304348
4 0.2257830626450116 0.8716304347826087 0.007830626450116009 0.006304347826086957
4 0.8441125290023201 0.4260869565217391 0.006090487238979118 0.0052173913043478265
4 0.9386600928074246 0.4733695652173913 0.004350348027842227 0.005434782608695652
0 0.9447505800464037 0.6245652173913043 0.016531322505800465 0.014347826086956521
1 0.6801044083526682 0.10793478260869566 0.011020881670533642 0.009347826086956522
1 0.5506090487238979 0.08510869565217391 0.016531322505800465 0.009347826086956522
1 0.5523491879350348 0.09695652173913044 0.011890951276102088 0.006521739130434782
0 0.066415313225058 0.673695652173913 0.008700696055684454 0.00782608695652174
9 0.26087587006960555 0.9170652173913043 0.008410672853828306 0.006304347826086957
1 0.7630510440835266 0.07684782608695652 0.012761020881670533 0.007173913043478261
1 0.8252610208816705 0.11989130434782609 0.011890951276102088 0.007608695652173913
1 0.712877030162413 0.11739130434782609 0.015661252900232018 0.006521739130434782
1 0.36006380510440833 0.14358695652173914 0.007250580046403712 0.004130434782608695
1 0.349622969837587 0.10282608695652173 0.007250580046403712 0.0034782608695652175
1 0.3941415313225058 0.11195652173913044 0.0063805104408352666 0.004782608695652174
0 0.7959686774941995 0.20032608695652174 0.012470997679814385 0.009782608695652175
0 0.19330046403712298 0.6596739130434782 0.014211136890951276 0.008913043478260869
0 0.2021461716937355 0.6848913043478261 0.0075406032482598605 0.01108695652173913
0 0.220707656612529 0.6756521739130434 0.009860788863109048 0.01
0 0.21099187935034802 0.6847826086956522 0.008990719257540603 0.006956521739130435
0 0.23868909512761022 0.65 0.011020881670533642 0.009565217391304347
3 0.8638341067285383 0.5008695652173913 0.01537122969837587 0.009565217391304347
3 0.8393271461716937 0.48532608695652174 0.017981438515081206 0.013695652173913043
3 0.820185614849188 0.4851086956521739 0.020301624129930394 0.017608695652173913
3 0.8747099767981439 0.5167391304347826 0.012761020881670533 0.007391304347826087
3 0.7662412993039444 0.5247826086956522 0.014501160092807424 0.010434782608695653
3 0.08990719257540604 0.47847826086956524 0.01160092807424594 0.00826086956521739
3 0.12630510440835266 0.4930434782608696 0.013051044083526682 0.01
3 0.900522041763341 0.5123913043478261 0.013921113689095127 0.00826086956521739
3 0.04799883990719257 0.48141304347826086 0.01943155452436195 0.025434782608695652
0 0.12369489559164733 0.6033695652173913 0.013631090487238979 0.017608695652173913
0 0.14834686774941996 0.6376086956521739 0.013051044083526682 0.006521739130434782
0 0.1373259860788863 0.6420652173913044 0.007250580046403712 0.007608695652173913
0 0.10266821345707657 0.6322826086956522 0.008700696055684454 0.007608695652173913
0 0.16647331786542924 0.6756521739130434 0.009860788863109048 0.006956521739130435
0 0.166038283062645 0.6495652173913044 0.008990719257540603 0.00782608695652174
0 0.1553074245939675 0.6540217391304348 0.006090487238979118 0.006304347826086957
0 0.166038283062645 0.6228260869565218 0.0095707656612529 0.01217391304347826
3 0.9032772621809745 0.57 0.013051044083526682 0.01217391304347826
0 0.7312935034802784 0.6690217391304348 0.012470997679814385 0.007173913043478261
0 0.7544953596287703 0.6280434782608696 0.007830626450116009 0.00782608695652174
0 0.7848027842227379 0.5959782608695652 0.01334106728538283 0.007173913043478261
0 0.777262180974478 0.635 0.011020881670533642 0.010434782608695653
3 0.568445475638051 0.5829347826086957 0.021461716937354988 0.017608695652173913
3 0.6170243619489559 0.5120652173913044 0.008410672853828306 0.006739130434782609
3 0.5852668213457076 0.4717391304347826 0.004640371229698376 0.004782608695652174
3 0.9077726218097448 0.46152173913043476 0.016821345707656612 0.027391304347826086
3 0.8705046403712297 0.4558695652173913 0.025812064965197216 0.009565217391304347
3 0.8864559164733179 0.483695652173913 0.04495359628770302 0.026521739130434784
3 0.1632830626450116 0.46793478260869564 0.03480278422273782 0.013695652173913043
3 0.06830046403712298 0.43956521739130433 0.033932714617169374 0.01652173913043478
0 0.1115139211136891 0.7426086956521739 0.007830626450116009 0.01
0 0.13979118329466358 0.7286956521739131 0.008120649651972157 0.007391304347826087
0 0.15893271461716937 0.7452173913043478 0.016241299303944315 0.010434782608695653
0 0.1661832946635731 0.7319565217391304 0.012761020881670533 0.00608695652173913
6 0.3017691415313225 0.09467391304347826 0.004350348027842227 0.003260869565217391
0 0.60542343387471 0.16217391304347825 0.01131090487238979 0.005652173913043478
1 0.6096287703016241 0.09923913043478261 0.004060324825986079 0.0036956521739130435
8 0.36861948955916474 0.4782608695652174 0.012761020881670533 0.007391304347826087
8 0.7943735498839907 0.8733695652173913 0.015081206496519721 0.012391304347826086
1 0.20925174013921113 0.15489130434782608 0.006670533642691415 0.005869565217391304
0 0.3206206496519722 0.15815217391304348 0.018271461716937356 0.008478260869565218
0 0.8243909512761021 0.595 0.015951276102088168 0.01608695652173913
9 0.2020011600928074 0.7977173913043478 0.008410672853828306 0.006304347826086957
0 0.08903712296983758 0.7733695652173913 0.009860788863109048 0.014565217391304348
0 0.18720997679814386 0.7386956521739131 0.010730858468677494 0.009565217391304347
0 0.17067865429234338 0.6672826086956521 0.010730858468677494 0.009782608695652175
0 0.4582366589327146 0.4543478260869565 0.01740139211136891 0.010434782608695653
6 0.49463457076566125 0.5757608695652174 0.006090487238979118 0.004565217391304348
6 0.5071055684454756 0.5415217391304348 0.004930394431554524 0.003043478260869565
6 0.4904292343387471 0.5626086956521739 0.005220417633410673 0.0034782608695652175
6 0.4654872389791183 0.5623913043478261 0.004640371229698376 0.0034782608695652175
8 0.5375580046403712 0.95 0.004930394431554524 0.004347826086956522
8 0.5568445475638051 0.9494565217391304 0.004640371229698376 0.004565217391304348
0 0.8958816705336426 0.678695652173913 0.0063805104408352666 0.008695652173913044
0 0.7898781902552204 0.6690217391304348 0.0095707656612529 0.012826086956521739
0 0.30887470997679817 0.5393478260869565 0.018561484918793503 0.009130434782608696