7 0.3372395833333333 0.23273533950617284 0.04716435185185185 0.08854166666666667
4 0.5078125 0.19917052469135801 0.028935185185185185 0.01871141975308642
4 0.6361400462962963 0.0785108024691358 0.01707175925925926 0.008873456790123456
4 0.19401041666666666 0.7201003086419753 0.008391203703703705 0.006944444444444444
9 0.6339699074074074 0.7381365740740741 0.014467592592592593 0.009837962962962963
9 0.37991898148148145 0.5759066358024691 0.009837962962962963 0.0055941358024691355
8 0.7400173611111112 0.19241898148148148 0.02806712962962963 0.017554012345679014
8 0.6511863425925926 0.26552854938271603 0.026331018518518517 0.01678240740740741
3 0.18547453703703703 0.21373456790123457 0.03935185185185185 0.032407407407407406
3 0.5616319444444444 0.28096064814814814 0.014467592592592593 0.01099537037037037
8 0.8819444444444444 0.3133680555555556 0.013888888888888888 0.011766975308641976
9 0.8764467592592593 0.7009066358024691 0.011574074074074073 0.010223765432098766
9 0.8113425925925926 0.6741898148148148 0.011574074074074073 0.009259259259259259
8 0.7026909722222222 0.8454861111111112 0.014756944444444444 0.013888888888888888
8 0.14814814814814814 0.7274305555555556 0.01273148148148148 0.015046296296296295
8 0.1372974537037037 0.6037808641975309 0.019386574074074073 0.013117283950617283
8 0.9076967592592593 0.6657986111111112 0.023726851851851853 0.019483024691358024
0 0.4696180555555556 0.8373842592592593 0.078125 0.026234567901234566
8 0.20833333333333334 0.7945601851851852 0.013888888888888888 0.008873456790123456
6 0.5986689814814815 0.6952160493827161 0.01099537037037037 0.006944444444444444
1 0.7131076388888888 0.6954089506172839 0.008969907407407407 0.006558641975308642
8 0.5795717592592593 0.6890432098765432 0.01099537037037037 0.007716049382716049
8 0.4937789351851852 0.6696566358024691 0.015914351851851853 0.010223765432098766
8 0.8265335648148148 0.6552854938271605 0.011284722222222222 0.007716049382716049
4 0.9746817129629629 0.392554012345679 0.008391203703703705 0.009259259259259259
3 0.9628182870370371 0.47000385802469136 0.008391203703703705 0.00636574074074074
3 0.9299768518518519 0.4972993827160494 0.01273148148148148 0.008487654320987654
3 0.8192997685185185 0.4296875 0.009548611111111112 0.00636574074074074
3 0.85546875 0.44058641975308643 0.008969907407407407 0.006558641975308642
3 0.9596354166666666 0.5188078703703703 0.006655092592592593 0.011381172839506173
3 0.9390914351851852 0.5665509259259259 0.007233796296296296 0.006558641975308642
3 0.9315682870370371 0.5457175925925926 0.01707175925925926 0.013503086419753086
3 0.9259259259259259 0.5302854938271605 0.01099537037037037 0.008873456790123456
3 0.9314236111111112 0.5162037037037037 0.01099537037037037 0.006944444444444444
3 0.8845486111111112 0.5248842592592593 0.01273148148148148 0.006944444444444444
3 0.8958333333333334 0.4798418209876543 0.013310185185185185 0.00636574074074074
3 0.8576388888888888 0.5207368827160493 0.009837962962962963 0.00636574074074074
3 0.7786458333333334 0.5579668209876543 0.011574074074074073 0.004436728395061728
3 0.8644386574074074 0.5821759259259259 0.009548611111111112 0.006944444444444444
3 0.6672453703703703 0.5711805555555556 0.011574074074074073 0.008487654320987654
3 0.6510416666666666 0.5498649691358025 0.010416666666666666 0.005208333333333333
3 0.7210648148148148 0.5303819444444444 0.013310185185185185 0.009837962962962963
3 0.7724247685185185 0.6584683641975309 0.016493055555555556 0.009837962962962963
3 0.7686631944444444 0.6829668209876543 0.016493055555555556 0.011381172839506173
3 0.2144097222222222 0.580054012345679 0.020833333333333332 0.013117283950617283
3 0.13179976851851852 0.5688657407407407 0.008391203703703705 0.008101851851851851
3 0.1261574074074074 0.5798611111111112 0.012152777777777778 0.007716049382716049
3 0.21686921296296297 0.6100501543209876 0.015914351851851853 0.011381172839506173
3 0.06684027777777778 0.5479359567901234 0.011574074074074073 0.011381172839506173
3 0.13917824074074073 0.5439814814814815 0.01099537037037037 0.007716049382716049
3 0.21079282407407407 0.5127314814814815 0.014756944444444444 0.009645061728395061
3 0.2769097222222222 0.5793788580246914 0.013888888888888888 0.01099537037037037
3 0.19299768518518517 0.5404128086419753 0.013888888888888888 0.005979938271604938
3 0.1892361111111111 0.5245949074074074 0.022569444444444444 0.009837962962962963
3 0.14655671296296297 0.5558449074074074 0.009548611111111112 0.009837962962962963
3 0.15914351851851852 0.5329861111111112 0.010416666666666666 0.008487654320987654
3 0.1255787037037037 0.5229552469135802 0.013310185185185185 0.008101851851851851
3 0.09360532407407407 0.4341242283950617 0.015914351851851853 0.010223765432098766
3 0.05251736111111111 0.4331597222222222 0.014756944444444444 0.011381172839506173
3 0.1189236111111111 0.4998070987654321 0.014467592592592593 0.007716049382716049
3 0.08333333333333333 0.5192901234567902 0.01099537037037037 0.008873456790123456
3 0.06365740740740741 0.5011574074074074 0.01273148148148148 0.009645061728395061
3 0.09244791666666667 0.49508101851851855 0.019386574074074073 0.011381172839506173
3 0.3828125 0.5308641975308642 0.011574074074074073 0.007716049382716049
3 0.2511574074074074 0.5785108024691358 0.020833333333333332 0.01427469135802469
3 0.1506076388888889 0.5061728395061729 0.008969907407407407 0.006558641975308642
3 0.0876736111111111 0.4730902777777778 0.009837962962962963 0.005979938271604938
3 0.041811342592592594 0.5093557098765432 0.008391203703703705 0.0055941358024691355
3 0.04137731481481482 0.527295524691358 0.012152777777777778 0.010223765432098766
3 0.09056712962962964 0.5387731481481481 0.008101851851851851 0.0073302469135802465
3 0.07624421296296297 0.5302854938271605 0.0078125 0.008873456790123456
3 0.08478009259259259 0.5314429012345679 0.008680555555555556 0.006944444444444444
3 0.08015046296296297 0.5522762345679012 0.008680555555555556 0.007716049382716049
3 0.09664351851851852 0.5627893518518519 0.00636574074074074 0.005979938271604938
3 0.1607349537037037 0.589795524691358 0.013020833333333334 0.009066358024691358
3 0.16695601851851852 0.4956597222222222 0.012152777777777778 0.004822530864197531
3 0.69921875 0.5451388888888888 0.011863425925925927 0.006944444444444444
1 0.8563368055555556 0.6331983024691358 0.01244212962962963 0.00636574074074074
2 0.2365451388888889 0.8166473765432098 0.015914351851851853 0.01099537037037037
3 0.2800925925925926 0.5181327160493827 0.014467592592592593 0.005787037037037037
3 0.22583912037037038 0.5381944444444444 0.007233796296296296 0.005015432098765432
3 0.2595486111111111 0.5512152777777778 0.011574074074074073 0.012924382716049383
3 0.27531828703703703 0.5551697530864198 0.011863425925925927 0.006172839506172839
3 0.2868923611111111 0.5637538580246914 0.015335648148148149 0.00945216049382716
3 0.2829861111111111 0.5499614197530864 0.009259259259259259 0.005787037037037037
3 0.2942708333333333 0.5561342592592593 0.007523148148148148 0.006172839506172839
3 0.3077256944444444 0.5208333333333334 0.014178240740740741 0.009645061728395061
3 0.8628472222222222 0.5478395061728395 0.009837962962962963 0.006172839506172839
3 0.8738425925925926 0.5052083333333334 0.032407407407407406 0.01890432098765432
3 0.7907986111111112 0.5458140432098766 0.012152777777777778 0.008294753086419753
3 0.8041087962962963 0.5282600308641975 0.017939814814814815 0.00636574074074074
3 0.6080729166666666 0.4933449074074074 0.01880787037037037 0.01716820987654321
3 0.7129629629629629 0.5440779320987654 0.01273148148148148 0.007137345679012345
3 0.7313368055555556 0.5415702160493827 0.013599537037037037 0.008294753086419753
3 0.94921875 0.511670524691358 0.01070601851851852 0.01253858024691358
3 0.9427083333333334 0.5144675925925926 0.01678240740740741 0.011959876543209876
3 0.9612268518518519 0.4954668209876543 0.00636574074074074 0.00636574074074074
3 0.9561631944444444 0.4996141975308642 0.007233796296296296 0.009645061728395061
3 0.9076967592592593 0.5835262345679012 0.008101851851851851 0.010802469135802469
0 0.7724247685185185 0.6066743827160493 0.01244212962962963 0.007716049382716049
0 0.8182870370370371 0.6329089506172839 0.008101851851851851 0.005401234567901234
0 0.8016493055555556 0.6422646604938271 0.008969907407407407 0.0055941358024691355
0 0.8168402777777778 0.6400462962962963 0.008101851851851851 0.005015432098765432
1 0.7245370370370371 0.8070023148148148 0.01678240740740741 0.008294753086419753
3 0.83203125 0.5443672839506173 0.03616898148148148 0.01890432098765432
3 0.8265335648148148 0.5665509259259259 0.019965277777777776 0.011574074074074073
3 0.8217592592592593 0.5753279320987654 0.024305555555555556 0.015239197530864198
1 0.28486689814814814 0.27469135802469136 0.006076388888888889 0.004243827160493827
1 0.27531828703703703 0.2873263888888889 0.005497685185185185 0.003279320987654321
6 0.4813368055555556 0.18422067901234568 0.005497685185185185 0.0030864197530864196
1 0.6566840277777778 0.21325231481481483 0.006076388888888889 0.003279320987654321
8 0.9956597222222222 0.40943287037037035 0.005787037037037037 0.010609567901234568
0 0.8365162037037037 0.6281828703703703 0.015046296296296295 0.010609567901234568
8 0.80859375 0.6982060185185185 0.01070601851851852 0.007137345679012345
8 0.9375 0.6957947530864198 0.009837962962962963 0.010416666666666666
8 0.8282696759259259 0.7912808641975309 0.007233796296296296 0.008873456790123456
4 0.6759259259259259 0.8675733024691358 0.009837962962962963 0.005208333333333333
9 0.5849247685185185 0.8557098765432098 0.0078125 0.005015432098765432
8 0.18446180555555555 0.6741898148148148 0.01244212962962963 0.008487654320987654
1 0.28877314814814814 0.6812307098765432 0.004629629629629629 0.0028935185185185184
1 0.44212962962962965 0.7056327160493827 0.006944444444444444 0.004629629629629629
0 0.5423900462962963 0.24373070987654322 0.007233796296296296 0.005208333333333333
8 0.9674479166666666 0.5372299382716049 0.008391203703703705 0.0073302469135802465
8 0.9524016203703703 0.654320987654321 0.005497685185185185 0.007716049382716049
8 0.4703414351851852 0.6861496913580247 0.013599537037037037 0.011959876543209876
8 0.40219907407407407 0.6875964506172839 0.012152777777777778 0.008294753086419753
8 0.25376157407407407 0.7643711419753086 0.017361111111111112 0.015625
8 0.15248842592592593 0.7625385802469136 0.005787037037037037 0.006558641975308642
8 0.07045717592592593 0.6495949074074074 0.008391203703703705 0.007908950617283951
8 0.08984375 0.6497878086419753 0.008969907407407407 0.009066358024691358
0 0.43547453703703703 0.6003086419753086 0.00636574074074074 0.006172839506172839
8 0.5253182870370371 0.5562307098765432 0.0078125 0.0055941358024691355
1 0.6736111111111112 0.24971064814814814 0.005787037037037037 0.0036651234567901233
0 0.9589120370370371 0.3873456790123457 0.008680555555555556 0.023919753086419752
1 0.15147569444444445 0.6730324074074074 0.007233796296296296 0.004629629629629629
8 0.23567708333333334 0.27903163580246915 0.008391203703703705 0.007523148148148148
1 0.26490162037037035 0.3237847222222222 0.006076388888888889 0.0036651234567901233
1 0.6423611111111112 0.8519483024691358 0.005208333333333333 0.004436728395061728
6 0.31669560185185186 0.6831597222222222 0.004918981481481482 0.0028935185185185184
8 0.14872685185185186 0.7084297839506173 0.008101851851851851 0.006751543209876543
8 0.1957465277777778 0.7118055555555556 0.014756944444444444 0.009259259259259259
9 0.019675925925925927 0.5661651234567902 0.008680555555555556 0.010416666666666666
