4 0.1740139211136891 0.8310869565217391 0.013921113689095127 0.01391304347826087
4 0.39428654292343385 0.7563043478260869 0.007830626450116009 0.006956521739130435
4 0.49564965197215777 0.7696739130434782 0.025522041763341066 0.013260869565217392
4 0.3720997679814385 0.31728260869565217 0.015661252900232018 0.014565217391304348
4 0.8323665893271461 0.2902173913043478 0.01160092807424594 0.011304347826086957
4 0.16922853828306264 0.1998913043478261 0.011890951276102088 0.011521739130434782
8 0.5710556844547564 0.608804347826087 0.02088167053364269 0.02891304347826087
4 0.1904002320185615 0.06543478260869565 0.013051044083526682 0.008695652173913044
6 0.08265661252900232 0.6068478260869565 0.012180974477958236 0.009347826086956522
6 0.132830626450116 0.5804347826086956 0.009280742459396751 0.00782608695652174
6 0.158207656612529 0.5754347826086956 0.012470997679814385 0.007391304347826087
6 0.1583526682134571 0.6566304347826087 0.0069605568445475635 0.005
6 0.27233178654292345 0.5690217391304347 0.0075406032482598605 0.004130434782608695
6 0.5287122969837587 0.41054347826086957 0.008700696055684454 0.007608695652173913
3 0.08265661252900232 0.4418478260869565 0.009280742459396751 0.008478260869565218
3 0.07279582366589327 0.4439130434782609 0.00580046403712297 0.0052173913043478265
3 0.14211136890951276 0.4544565217391304 0.10324825986078887 0.041956521739130434
3 0.21316705336426914 0.48032608695652174 0.014501160092807424 0.009347826086956522
6 0.24303944315545242 0.6655434782608696 0.0075406032482598605 0.005
3 0.47476798143851506 0.4342391304347826 0.01740139211136891 0.012826086956521739
6 0.4641821345707657 0.5341304347826087 0.010730858468677494 0.00608695652173913
6 0.48216357308584684 0.5303260869565217 0.006090487238979118 0.004130434782608695
3 0.4586716937354988 0.5071739130434783 0.020591647331786544 0.015217391304347827
0 0.49129930394431554 0.7117391304347827 0.01740139211136891 0.013478260869565217
8 0.6766241299303944 0.8760869565217392 0.022041763341067284 0.019130434782608695
0 0.37978538283062646 0.6901086956521739 0.054814385150812064 0.018043478260869564
3 0.6281902552204176 0.46010869565217394 0.017981438515081206 0.015869565217391305
3 0.8648491879350348 0.4857608695652174 0.016821345707656612 0.011521739130434782
3 0.8777552204176334 0.44967391304347826 0.01131090487238979 0.008043478260869565
0 0.7279582366589327 0.7157608695652173 0.021461716937354988 0.01891304347826087
1 0.855568445475638 0.5252173913043479 0.015661252900232018 0.010869565217391304
6 0.9092227378190255 0.6166304347826087 0.008120649651972157 0.006739130434782609
6 0.7823375870069605 0.7134782608695652 0.008410672853828306 0.006521739130434782
2 0.625 0.696195652173913 0.04582366589327146 0.020652173913043477
1 0.0658352668213457 0.38760869565217393 0.008120649651972157 0.011739130434782608
1 0.07584106728538283 0.3775 0.007830626450116009 0.007173913043478261
5 0.06482018561484919 0.33445652173913043 0.02291183294663573 0.045
8 0.5719257540603249 0.8794565217391305 0.021461716937354988 0.007608695652173913
0 0.5659802784222738 0.7571739130434783 0.016531322505800465 0.011739130434782608
0 0.5040603248259861 0.7502173913043478 0.0063805104408352666 0.00391304347826087
0 0.5056554524361949 0.30728260869565216 0.011890951276102088 0.008913043478260869
3 0.47143271461716935 0.07358695652173913 0.018851508120649653 0.009782608695652175
7 0.41908352668213456 0.5070652173913044 0.012761020881670533 0.008478260869565218
6 0.4694025522041763 0.5595652173913044 0.0037703016241299302 0.003043478260869565
6 0.45287122969837584 0.5931521739130434 0.0037703016241299302 0.0036956521739130435
6 0.5126160092807425 0.576304347826087 0.004350348027842227 0.002173913043478261
0 0.6861948955916474 0.6231521739130435 0.021461716937354988 0.012826086956521739
8 0.8841357308584686 0.7259782608695652 0.008990719257540603 0.010652173913043479
4 0.9113979118329466 0.7517391304347826 0.006670533642691415 0.009130434782608696
8 0.4717227378190255 0.7342391304347826 0.016531322505800465 0.008913043478260869
8 0.32308584686774944 0.707391304347826 0.0063805104408352666 0.005652173913043478
0 0.23114849187935035 0.7180434782608696 0.009280742459396751 0.006521739130434782
0 0.23912412993039442 0.7268478260869565 0.014791183294663572 0.008478260869565218
0 0.1892401392111369 0.6897826086956522 0.0095707656612529 0.008695652173913044
0 0.17444895591647333 0.6917391304347826 0.008990719257540603 0.009565217391304347
0 0.22882830626450115 0.6646739130434782 0.013921113689095127 0.008913043478260869
9 0.3332366589327146 0.899891304347826 0.01334106728538283 0.009347826086956522
8 0.3880510440835267 0.9014130434782609 0.013921113689095127 0.008478260869565218
1 0.3265661252900232 0.8835869565217391 0.009280742459396751 0.005869565217391304
2 0.4427204176334107 0.8945652173913043 0.030452436194895592 0.011739130434782608
2 0.5461136890951276 0.8891304347826087 0.016821345707656612 0.006956521739130435
6 0.6772041763341067 0.8468478260869565 0.0063805104408352666 0.004565217391304348
1 0.7086716937354989 0.8851086956521739 0.007830626450116009 0.006304347826086957
1 0.0439385150812065 0.44967391304347826 0.0095707656612529 0.009782608695652175
1 0.26029582366589327 0.39402173913043476 0.006090487238979118 0.004130434782608695
1 0.30655452436194897 0.6766304347826086 0.00580046403712297 0.005
8 0.2144721577726218 0.7597826086956522 0.011890951276102088 0.009565217391304347
1 0.7151972157772621 0.6945652173913044 0.011020881670533642 0.00782608695652174
1 0.5755510440835266 0.06402173913043478 0.006090487238979118 0.005
0 0.8794953596287703 0.6414130434782609 0.010730858468677494 0.013260869565217392
1 0.8328016241299304 0.6632608695652173 0.006090487238979118 0.00391304347826087
0 0.7291183294663574 0.6528260869565218 0.02262180974477958 0.014347826086956521
6 0.4638921113689095 0.8679347826086956 0.006090487238979118 0.0036956521739130435
8 0.48810904872389793 0.9153260869565217 0.009280742459396751 0.006739130434782609
8 0.14008120649651973 0.5345652173913044 0.008700696055684454 0.007391304347826087
8 0.6438515081206496 0.8846739130434783 0.020301624129930394 0.017608695652173913
1 0.7866879350348028 0.5076086956521739 0.004930394431554524 0.004347826086956522
0 0.859483758700696 0.6034782608695652 0.0095707656612529 0.009565217391304347
