8 0.8321611253196931 0.038599856149604414 0.017263427109974423 0.01390553824023016
3 0.29331841432225064 0.2568928314552865 0.010549872122762148 0.008391273076000958
3 0.30658567774936063 0.2776312634859746 0.005754475703324808 0.005754015823543515
0 0.32065217391304346 0.9108127547350755 0.0159846547314578 0.011987532965715655
0 0.8507033248081841 0.685327259649964 0.007033248081841432 0.00695276912011508
0 0.8379156010230179 0.5797170942220091 0.008951406649616368 0.006233517142172141
0 0.8101023017902813 0.5443538719731479 0.010869565217391304 0.00695276912011508
6 0.8599744245524297 0.5483097578518341 0.011508951406649617 0.007672021098058019
0 0.9021739130434783 0.5607767921361784 0.005754475703324808 0.009110525053943897
0 0.7736572890025576 0.5908654998801247 0.026854219948849106 0.017981299448573483
0 0.7891624040920716 0.6185567010309279 0.01758312020460358 0.012946535602972908
0 0.7544757033248082 0.6262287221289858 0.008951406649616368 0.010549029009829777
1 0.38187340153452687 0.480100695276912 0.0079923273657289 0.006473267801486454
0 0.12292199488491048 0.6197554543274995 0.02078005115089514 0.027331575161831694
0 0.1636828644501279 0.5467513785662911 0.01278772378516624 0.008391273076000958
0 0.15569053708439898 0.5587389115320067 0.011508951406649617 0.008391273076000958
0 0.13810741687979539 0.5853512347158955 0.008951406649616368 0.010788779669144091
1 0.01294757033248082 0.5315272116998322 0.008631713554987212 0.009110525053943897
1 0.5388427109974424 0.3479980819947255 0.0079923273657289 0.005514265164229201
7 0.4343030690537084 0.6583553104771038 0.019501278772378516 0.030688084392232078
0 0.8024296675191815 0.6274274754255574 0.007033248081841432 0.011028530328458403
1 0.36908567774936063 0.14169263965475906 0.011828644501278773 0.008631023735315272
0 0.17039641943734016 0.6633900743227044 0.011508951406649617 0.007192519779429393
0 0.14274296675191817 0.6615919443778471 0.007352941176470588 0.007432270438743707
6 0.8425511508951407 0.5366818508750899 0.003516624040920716 0.004075761208343323
1 0.44021739130434784 0.23531527211699832 0.004475703324808184 0.0031167585710860706
0 0.07528772378516624 0.5287700791177176 0.009910485933503837 0.008391273076000958
0 0.13938618925831203 0.6068089187245265 0.007033248081841432 0.007192519779429393
1 0.717391304347826 0.5179812994485735 0.007033248081841432 0.005034763845600575
0 0.9402173913043478 0.69983217453848 0.012148337595907928 0.018221050107887795
8 0.1336317135549872 0.8098777271637497 0.012148337595907928 0.009590026372572525
1 0.6828644501278772 0.44138096379765046 0.007033248081841432 0.005274514504914889
0 0.7934782608695652 0.6070486693838408 0.011508951406649617 0.006713018460800768
0 0.14290281329923274 0.633181491249101 0.015345268542199489 0.009590026372572525
0 0.8323209718670077 0.5486693838408055 0.009271099744245524 0.006473267801486454
0 0.8436700767263428 0.6499640374011029 0.008951406649616368 0.005754015823543515
8 0.941656010230179 0.6819707504195637 0.005434782608695652 0.004555262526971949
0 0.9896099744245525 0.47614480939822584 0.009910485933503837 0.021098058019659555