9 0.22955336426914152 0.12021739130434783 0.013631090487238979 0.009565217391304347
9 0.3694895591647332 0.05684782608695652 0.009280742459396751 0.006739130434782609
8 0.49593967517401394 0.07369565217391304 0.012180974477958236 0.00826086956521739
9 0.7250580046403712 0.10097826086956521 0.009860788863109048 0.007608695652173913
8 0.7631960556844548 0.10630434782608696 0.008410672853828306 0.006521739130434782
9 0.6830046403712297 0.16304347826086957 0.012180974477958236 0.008695652173913044
8 0.7150522041763341 0.18467391304347827 0.014791183294663572 0.009347826086956522
6 0.7092517401392111 0.12141304347826087 0.007830626450116009 0.004130434782608695
8 0.6924303944315545 0.14021739130434782 0.010150812064965197 0.006521739130434782
6 0.7737819025522041 0.10336956521739131 0.005220417633410673 0.0036956521739130435
1 0.6226798143851509 0.07532608695652174 0.008120649651972157 0.005434782608695652
8 0.22650812064965198 0.09304347826086956 0.008120649651972157 0.00608695652173913
8 0.2275232018561485 0.065 0.008990719257540603 0.00608695652173913
8 0.125 0.1766304347826087 0.010440835266821345 0.007608695652173913
0 0.08454176334106729 0.25880434782608697 0.02523201856148492 0.03239130434782609
1 0.34193735498839906 0.11391304347826087 0.009280742459396751 0.005652173913043478
6 0.3661542923433875 0.12565217391304348 0.010730858468677494 0.006956521739130435
8 0.3603538283062645 0.14891304347826087 0.01537122969837587 0.011304347826086957
6 0.4488109048723898 0.10054347826086957 0.008410672853828306 0.005
6 0.45461136890951276 0.08478260869565217 0.006670533642691415 0.004782608695652174
8 0.5071055684454756 0.20467391304347826 0.010150812064965197 0.007173913043478261
6 0.5256670533642691 0.21043478260869566 0.0031902552204176333 0.0026086956521739132
6 0.5549593967517401 0.18554347826086956 0.006090487238979118 0.004130434782608695
8 0.2247679814385151 0.1308695652173913 0.009860788863109048 0.006521739130434782
7 0.17067865429234338 0.3809782608695652 0.007830626450116009 0.005434782608695652
7 0.13935614849187936 0.36043478260869566 0.007830626450116009 0.005652173913043478
7 0.14443155452436196 0.3726086956521739 0.0075406032482598605 0.0052173913043478265
7 0.18561484918793503 0.3709782608695652 0.009280742459396751 0.007608695652173913
7 0.33976218097447797 0.3751086956521739 0.010150812064965197 0.004565217391304348
4 0.8918213457076566 0.41554347826086957 0.0069605568445475635 0.007608695652173913
1 0.7836426914153132 0.36217391304347823 0.009860788863109048 0.00608695652173913
6 0.6265951276102089 0.3666304347826087 0.010730858468677494 0.006739130434782609
8 0.6026682134570766 0.37478260869565216 0.009280742459396751 0.007391304347826087
4 0.23796403712296985 0.46902173913043477 0.02117169373549884 0.011521739130434782
8 0.3732598607888631 0.4959782608695652 0.012180974477958236 0.008913043478260869
0 0.390661252900232 0.4881521739130435 0.015661252900232018 0.011956521739130435
8 0.3990719257540603 0.49369565217391304 0.01334106728538283 0.01
6 0.32352088167053367 0.537608695652174 0.012470997679814385 0.009565217391304347
8 0.3396171693735499 0.5339130434782609 0.0191415313225058 0.01391304347826087
0 0.273491879350348 0.5316304347826087 0.02088167053364269 0.019782608695652175
6 0.21534222737819025 0.542608695652174 0.013051044083526682 0.010434782608695653
6 0.24144431554524362 0.543695652173913 0.010150812064965197 0.007391304347826087
6 0.17589907192575405 0.5211956521739131 0.010150812064965197 0.008478260869565218
6 0.14994199535962877 0.5319565217391304 0.009280742459396751 0.006521739130434782
0 0.06670533642691415 0.30217391304347824 0.01334106728538283 0.023043478260869565
6 0.30452436194895594 0.1342391304347826 0.008120649651972157 0.005434782608695652
8 0.2888631090487239 0.15217391304347827 0.0069605568445475635 0.004782608695652174
8 0.2534802784222738 0.11880434782608695 0.0075406032482598605 0.005434782608695652
6 0.28291763341067283 0.10652173913043478 0.005510440835266821 0.004347826086956522
6 0.28465777262180975 0.11826086956521739 0.004930394431554524 0.0034782608695652175
1 0.4144431554524362 0.07304347826086957 0.009280742459396751 0.006956521739130435
8 0.5806264501160093 0.5658695652173913 0.03074245939675174 0.03130434782608696
8 0.6297853828306265 0.5654347826086956 0.033932714617169374 0.03391304347826087
0 0.7020011600928074 0.5572826086956522 0.013631090487238979 0.010217391304347826
8 0.6682134570765661 0.5664130434782608 0.0075406032482598605 0.007173913043478261
5 0.7658062645011601 0.6616304347826087 0.06293503480278423 0.03673913043478261
8 0.09657772621809745 0.636195652173913 0.013921113689095127 0.015
8 0.087877030162413 0.6060869565217392 0.009860788863109048 0.00826086956521739
8 0.1627030162412993 0.6583695652173913 0.022041763341067284 0.020652173913043477
9 0.15458236658932714 0.6789130434782609 0.013921113689095127 0.011739130434782608
9 0.24898491879350348 0.7159782608695652 0.025812064965197216 0.024565217391304347
8 0.1845997679814385 0.6759782608695653 0.021751740139211138 0.01847826086956522
8 0.10005800464037123 0.6876086956521739 0.017981438515081206 0.016956521739130436
8 0.18720997679814386 0.701195652173913 0.01769141531322506 0.011956521739130435
5 0.027697215777262182 0.5925 0.02291183294663573 0.043260869565217394
0 0.07178074245939675 0.5447826086956522 0.0287122969837587 0.03739130434782609
3 0.07743619489559164 0.5551086956521739 0.011020881670533642 0.011521739130434782
0 0.0765661252900232 0.5907608695652173 0.027262180974477957 0.029347826086956522
9 0.22056264501160092 0.6553260869565217 0.018271461716937356 0.011956521739130435
9 0.22056264501160092 0.6754347826086956 0.012470997679814385 0.009565217391304347
1 0.1812645011600928 0.553804347826087 0.008120649651972157 0.006304347826086957
0 0.7315835266821346 0.576304347826087 0.010730858468677494 0.006956521739130435
9 0.6487819025522041 0.6495652173913044 0.04988399071925754 0.033478260869565214
8 0.8198955916473318 0.6390217391304348 0.016821345707656612 0.012391304347826086
9 0.822360788863109 0.6133695652173913 0.013631090487238979 0.010652173913043479
8 0.8030742459396751 0.5968478260869565 0.009860788863109048 0.006739130434782609
0 0.8052494199535963 0.6092391304347826 0.03567285382830626 0.016739130434782607
8 0.7995939675174014 0.5517391304347826 0.02088167053364269 0.014782608695652174
1 0.8171403712296984 0.5096739130434783 0.010150812064965197 0.007173913043478261
3 0.9150232018561485 0.5368478260869565 0.0063805104408352666 0.009347826086956522
9 0.8545533642691415 0.7332608695652174 0.01943155452436195 0.01956521739130435
9 0.7182424593967517 0.8773913043478261 0.029292343387470998 0.017391304347826087
8 0.6848897911832946 0.821304347826087 0.029292343387470998 0.023043478260869565
8 0.7378190255220418 0.8907608695652174 0.02494199535962877 0.013695652173913043
9 0.6493619489559165 0.8421739130434782 0.016241299303944315 0.013478260869565217
5 0.353538283062645 0.8304347826086956 0.0777262180974478 0.050434782608695654
9 0.36832946635730857 0.8617391304347826 0.03596287703016241 0.01565217391304348
9 0.363254060324826 0.8927173913043478 0.020591647331786544 0.015869565217391305
9 0.3345417633410673 0.9164130434782609 0.026392111368909513 0.01934782608695652
0 0.5102958236658933 0.6998913043478261 0.007250580046403712 0.006739130434782609
8 0.38196055684454755 0.6860869565217391 0.009280742459396751 0.00608695652173913
0 0.8861658932714617 0.6501086956521739 0.025812064965197216 0.034565217391304345
0 0.9377900232018561 0.5054347826086957 0.018271461716937356 0.025652173913043478
0 0.943445475638051 0.3842391304347826 0.016241299303944315 0.04934782608695652
1 0.7627610208816705 0.1532608695652174 0.01160092807424594 0.009565217391304347
6 0.5980278422273781 0.17695652173913043 0.012761020881670533 0.00782608695652174
6 0.5204466357308585 0.36978260869565216 0.010730858468677494 0.00826086956521739
6 0.44968097447795824 0.3834782608695652 0.008990719257540603 0.007391304347826087
8 0.40501740139211134 0.3631521739130435 0.008410672853828306 0.006739130434782609
7 0.36789443155452434 0.34641304347826085 0.008990719257540603 0.005434782608695652
0 0.19736078886310904 0.15347826086956523 0.029872389791183295 0.01565217391304348
1 0.564530162412993 0.411195652173913 0.004930394431554524 0.005
8 0.03929814385150812 0.3325 0.006670533642691415 0.009347826086956522
0 0.04176334106728538 0.4215217391304348 0.008700696055684454 0.020869565217391306
0 0.04944895591647332 0.3984782608695652 0.0095707656612529 0.018260869565217393
0 0.16183294663573086 0.7016304347826087 0.009280742459396751 0.008478260869565218
1 0.3017691415313225 0.7010869565217391 0.006090487238979118 0.004782608695652174
8 0.25435034802784223 0.8401086956521739 0.012761020881670533 0.008478260869565218
8 0.5848317865429234 0.8954347826086957 0.013051044083526682 0.01
8 0.593677494199536 0.903695652173913 0.012761020881670533 0.01
8 0.6142691415313225 0.8703260869565217 0.02320185614849188 0.010652173913043479
9 0.5320475638051044 0.8379347826086957 0.04089327146171694 0.02108695652173913
8 0.8309164733178654 0.6993478260869566 0.008120649651972157 0.007391304347826087
0 0.7950986078886311 0.7082608695652174 0.022331786542923435 0.010434782608695653
1 0.8394721577726219 0.5030434782608696 0.006670533642691415 0.0052173913043478265
1 0.7234628770301624 0.5131521739130435 0.004930394431554524 0.0036956521739130435
1 0.701276102088167 0.15641304347826088 0.0063805104408352666 0.005
0 0.9074825986078886 0.26663043478260867 0.009280742459396751 0.007608695652173913
6 0.19112529002320186 0.761195652173913 0.004060324825986079 0.004130434782608695
0 0.18837006960556846 0.763695652173913 0.0037703016241299302 0.00391304347826087
8 0.1830046403712297 0.7796739130434782 0.00580046403712297 0.004565217391304348
8 0.030452436194895592 0.3766304347826087 0.0069605568445475635 0.011956521739130435
0 0.7476798143851509 0.7713043478260869 0.029002320185614848 0.02217391304347826
0 0.6674883990719258 0.8945652173913043 0.04437354988399072 0.041304347826086954
8 0.7209976798143851 0.8132608695652174 0.0191415313225058 0.014347826086956521
0 0.724477958236659 0.8488043478260869 0.03944315545243619 0.024565217391304347
0 0.7826276102088167 0.803695652173913 0.036832946635730855 0.043478260869565216
0 0.2897331786542923 0.1348913043478261 0.009860788863109048 0.008478260869565218
6 0.6537122969837587 0.20717391304347826 0.005220417633410673 0.0034782608695652175
6 0.6205046403712297 0.2707608695652174 0.005510440835266821 0.005
1 0.6290603248259861 0.30282608695652175 0.008700696055684454 0.00608695652173913
0 0.6038283062645011 0.2182608695652174 0.01740139211136891 0.01
0 0.6200696055684455 0.23543478260869566 0.009860788863109048 0.00826086956521739
8 0.8328016241299304 0.23434782608695653 0.007250580046403712 0.005652173913043478
1 0.7224477958236659 0.3675 0.005220417633410673 0.004130434782608695
0 0.049593967517401395 0.3020652173913044 0.010440835266821345 0.026304347826086958
9 0.010005800464037123 0.5290217391304348 0.006090487238979118 0.008043478260869565
0 0.06931554524361949 0.6202173913043478 0.023781902552204175 0.03
8 0.1300754060324826 0.6293478260869565 0.0095707656612529 0.007391304347826087
8 0.27943735498839906 0.7353260869565217 0.006090487238979118 0.005
8 0.08541183294663574 0.7225 0.010150812064965197 0.010217391304347826
1 0.2849477958236659 0.8235869565217391 0.007830626450116009 0.005869565217391304
8 0.8902262180974478 0.736304347826087 0.008410672853828306 0.011304347826086957
8 0.8513631090487239 0.7969565217391305 0.010150812064965197 0.011739130434782608
1 0.6432714617169374 0.731195652173913 0.008700696055684454 0.005434782608695652
8 0.6682134570765661 0.6034782608695652 0.009280742459396751 0.00608695652173913
6 0.7455046403712297 0.6170652173913044 0.005510440835266821 0.005869565217391304
8 0.095707656612529 0.2818478260869565 0.012761020881670533 0.009782608695652175
0 0.05437935034802784 0.33456521739130435 0.006670533642691415 0.015217391304347827
8 0.07337587006960557 0.34402173913043477 0.01160092807424594 0.012826086956521739
0 0.027262180974477957 0.4121739130434783 0.012761020881670533 0.03695652173913044
6 0.4499709976798144 0.11869565217391305 0.008990719257540603 0.007391304347826087
6 0.5891821345707656 0.2821739130434783 0.005510440835266821 0.0034782608695652175
8 0.6325406032482599 0.255 0.0069605568445475635 0.00608695652173913
6 0.6428364269141531 0.2530434782608696 0.004350348027842227 0.0034782608695652175
8 0.9113979118329466 0.5818478260869565 0.01131090487238979 0.009347826086956522
8 0.8470127610208816 0.6008695652173913 0.018851508120649653 0.01652173913043478
1 0.9406902552204176 0.6082608695652174 0.008410672853828306 0.006956521739130435
8 0.9279292343387471 0.649891304347826 0.006090487238979118 0.005869565217391304
8 0.7752320185614849 0.8752173913043478 0.012180974477958236 0.011304347826086957
1 0.6290603248259861 0.8607608695652174 0.012761020881670533 0.009347826086956522
8 0.5913573085846868 0.856195652173913 0.012180974477958236 0.008913043478260869
1 0.4488109048723898 0.9120652173913043 0.008990719257540603 0.006739130434782609
8 0.5047853828306265 0.918695652173913 0.008410672853828306 0.007391304347826087
1 0.41879350348027844 0.8979347826086956 0.00580046403712297 0.005
1 0.42879930394431554 0.9026086956521739 0.005510440835266821 0.004782608695652174
1 0.429669373549884 0.8907608695652174 0.005510440835266821 0.004130434782608695
8 0.48912412993039445 0.8871739130434783 0.016531322505800465 0.011304347826086957
8 0.121084686774942 0.6858695652173913 0.010730858468677494 0.00782608695652174
0 0.27726218097447797 0.6263043478260869 0.01334106728538283 0.01565217391304348
0 0.2662412993039443 0.6356521739130435 0.008700696055684454 0.00608695652173913
8 0.03523781902552204 0.5193478260869565 0.008410672853828306 0.01
0 0.028567285382830626 0.5453260869565217 0.016531322505800465 0.041956521739130434
6 0.701276102088167 0.12586956521739132 0.004060324825986079 0.0026086956521739132
1 0.652407192575406 0.3477173913043478 0.005510440835266821 0.004565217391304348
1 0.6592227378190255 0.3552173913043478 0.0063805104408352666 0.004347826086956522
1 0.6703886310904872 0.36532608695652175 0.006670533642691415 0.004565217391304348
8 0.890516241299304 0.6739130434782609 0.004930394431554524 0.004782608695652174
0 0.9058874709976799 0.667608695652174 0.021751740139211138 0.03782608695652174
1 0.8660092807424594 0.6533695652173913 0.004640371229698376 0.004565217391304348
0 0.7936484918793504 0.6222826086956522 0.01537122969837587 0.009347826086956522
8 0.7468097447795824 0.9442391304347826 0.02320185614849188 0.016304347826086956
0 0.2926334106728538 0.9044565217391304 0.021461716937354988 0.02326086956521739
8 0.0990429234338747 0.765 0.01131090487238979 0.009565217391304347
8 0.18271461716937354 0.7230434782608696 0.010440835266821345 0.008695652173913044
1 0.37137470997679817 0.3709782608695652 0.010150812064965197 0.005869565217391304
9 0.8039443155452436 0.8221739130434783 0.01160092807424594 0.009130434782608696
