8 0.17778422273781902 0.6125 0.02088167053364269 0.014565217391304348
8 0.29074825986078884 0.8278260869565217 0.029292343387470998 0.024782608695652172
9 0.5498839907192575 0.5601086956521739 0.020301624129930394 0.01891304347826087
8 0.5661252900232019 0.545 0.01334106728538283 0.01608695652173913
8 0.46316705336426917 0.4942391304347826 0.02262180974477958 0.015
1 0.47273781902552203 0.5331521739130435 0.009860788863109048 0.007608695652173913
8 0.509715777262181 0.52 0.011890951276102088 0.006956521739130435
8 0.5197215777262181 0.4955434782608696 0.01160092807424594 0.008478260869565218
8 0.17024361948955916 0.818695652173913 0.01334106728538283 0.02
7 0.17865429234338748 0.8302173913043478 0.015661252900232018 0.017826086956521738
0 0.19750580046403712 0.7868478260869565 0.0069605568445475635 0.005434782608695652
8 0.1368909512761021 0.7029347826086957 0.016821345707656612 0.014130434782608696
8 0.12267981438515081 0.7491304347826087 0.016241299303944315 0.01652173913043478
8 0.1931554524361949 0.6482608695652174 0.01334106728538283 0.012608695652173913
8 0.2956786542923434 0.6460869565217391 0.020011600928074247 0.017391304347826087
1 0.26609628770301624 0.5945652173913043 0.008990719257540603 0.00782608695652174
8 0.6622679814385151 0.5826086956521739 0.021751740139211138 0.01565217391304348
8 0.7463747099767981 0.8193478260869566 0.013051044083526682 0.00826086956521739
9 0.4757830626450116 0.35141304347826086 0.006090487238979118 0.005434782608695652
9 0.6782192575406032 0.34391304347826085 0.016531322505800465 0.013478260869565217
9 0.7411542923433875 0.2668478260869565 0.024651972157772623 0.015434782608695652
8 0.7337587006960556 0.33108695652173914 0.011020881670533642 0.011739130434782608
9 0.6506670533642691 0.23978260869565218 0.025812064965197216 0.013478260869565217
6 0.37906032482598606 0.2133695652173913 0.008700696055684454 0.005869565217391304
6 0.37978538283062646 0.22869565217391305 0.006670533642691415 0.004782608695652174
6 0.35919373549883993 0.27869565217391307 0.005510440835266821 0.0034782608695652175
8 0.3036542923433875 0.3160869565217391 0.014501160092807424 0.010869565217391304
8 0.46084686774941996 0.38217391304347825 0.02668213457076566 0.018695652173913044
8 0.4029872389791183 0.3615217391304348 0.016531322505800465 0.011739130434782608
8 0.42879930394431554 0.28358695652173915 0.01769141531322506 0.012391304347826086
6 0.43372969837587005 0.31521739130434784 0.004930394431554524 0.0034782608695652175
9 0.5361078886310905 0.30445652173913046 0.020011600928074247 0.014565217391304348
8 0.6160092807424594 0.2252173913043478 0.02088167053364269 0.01217391304347826
8 0.6696635730858469 0.6060869565217392 0.016821345707656612 0.01391304347826087
8 0.6685034802784223 0.6767391304347826 0.019721577726218097 0.016956521739130436
0 0.7713167053364269 0.6876086956521739 0.013631090487238979 0.011304347826086957
8 0.742314385150812 0.6777173913043478 0.01131090487238979 0.010652173913043479
1 0.7169373549883991 0.6658695652173913 0.005220417633410673 0.0034782608695652175
8 0.5888921113689095 0.7484782608695653 0.02523201856148492 0.017826086956521738
8 0.347592807424594 0.7510869565217392 0.014211136890951276 0.011304347826086957
9 0.2990139211136891 0.7180434782608696 0.008120649651972157 0.006956521739130435
8 0.20577146171693736 0.7394565217391305 0.011890951276102088 0.009782608695652175
8 0.20954176334106728 0.7546739130434783 0.014791183294663572 0.012826086956521739
6 0.1857598607888631 0.7069565217391305 0.0037703016241299302 0.0034782608695652175
3 0.0872969837587007 0.5391304347826087 0.0069605568445475635 0.009130434782608696
8 0.4286542923433875 0.48717391304347823 0.014501160092807424 0.010434782608695653
8 0.5029002320185615 0.3773913043478261 0.02262180974477958 0.017826086956521738
8 0.3655742459396752 0.3040217391304348 0.008990719257540603 0.006304347826086957
8 0.5581496519721578 0.42684782608695654 0.014211136890951276 0.008913043478260869
8 0.6203596287703016 0.43478260869565216 0.015081206496519721 0.01
8 0.5452436194895591 0.4482608695652174 0.016241299303944315 0.011304347826086957
8 0.4409802784222738 0.4127173913043478 0.012470997679814385 0.008043478260869565
0 0.8003190255220418 0.6633695652173913 0.017111368909512762 0.013695652173913043
8 0.8338167053364269 0.7155434782608696 0.023781902552204175 0.02108695652173913
8 0.7433294663573086 0.7260869565217392 0.015661252900232018 0.011739130434782608
8 0.6822795823665894 0.7208695652173913 0.014211136890951276 0.014347826086956521
0 0.8999419953596288 0.72 0.0075406032482598605 0.013043478260869565
8 0.8838457076566125 0.7289130434782609 0.014791183294663572 0.015217391304347827
8 0.8741299303944315 0.7072826086956522 0.013921113689095127 0.011956521739130435
8 0.14994199535962877 0.7394565217391305 0.01334106728538283 0.011956521739130435
8 0.17894431554524362 0.6563043478260869 0.015081206496519721 0.010869565217391304
8 0.21998259860788863 0.6730434782608695 0.014791183294663572 0.009130434782608696
9 0.414008120649652 0.6027173913043479 0.0095707656612529 0.007173913043478261
8 0.4302494199535963 0.5575 0.013631090487238979 0.009782608695652175
6 0.4847737819025522 0.633695652173913 0.008410672853828306 0.004782608695652174
6 0.47056264501160094 0.6272826086956522 0.004930394431554524 0.004130434782608695
6 0.45620649651972156 0.6115217391304347 0.00580046403712297 0.00391304347826087
8 0.5295823665893271 0.5891304347826087 0.01740139211136891 0.011739130434782608
9 0.5532192575406032 0.5938043478260869 0.014211136890951276 0.01108695652173913
8 0.5379930394431555 0.596304347826087 0.014501160092807424 0.009565217391304347
3 0.8299013921113689 0.5705434782608696 0.0095707656612529 0.008913043478260869
3 0.8858758700696056 0.508804347826087 0.006670533642691415 0.010217391304347826
3 0.916038283062645 0.5297826086956522 0.006090487238979118 0.00782608695652174
3 0.9347447795823666 0.561304347826087 0.004640371229698376 0.006521739130434782
3 0.9347447795823666 0.5464130434782609 0.0034802784222737818 0.009782608695652175
8 0.8029292343387471 0.35 0.012470997679814385 0.010869565217391304
8 0.47737819025522044 0.7293478260869565 0.012761020881670533 0.006956521739130435
8 0.5129060324825986 0.702391304347826 0.03335266821345707 0.014782608695652174
9 0.4163283062645012 0.6765217391304348 0.008990719257540603 0.007391304347826087
9 0.4566415313225058 0.6240217391304348 0.008410672853828306 0.006739130434782609
0 0.5073955916473318 0.6140217391304348 0.029872389791183295 0.022391304347826088
6 0.48390371229698376 0.6082608695652174 0.005510440835266821 0.00391304347826087
3 0.20765661252900233 0.4423913043478261 0.013921113689095127 0.012608695652173913
8 0.48941415313225056 0.5064130434782609 0.018271461716937356 0.009347826086956522
8 0.17763921113689096 0.6823913043478261 0.011890951276102088 0.012608695652173913
8 0.15893271461716937 0.6988043478260869 0.021461716937354988 0.012391304347826086
8 0.21650232018561485 0.8147826086956522 0.010150812064965197 0.00826086956521739
8 0.28001740139211134 0.775 0.010730858468677494 0.008695652173913044
8 0.26537122969837584 0.7445652173913043 0.0191415313225058 0.015217391304347827
8 0.8678944315545244 0.6806521739130434 0.01537122969837587 0.014347826086956521
8 0.834106728538283 0.873804347826087 0.009280742459396751 0.013260869565217392
8 0.8720997679814385 0.8234782608695652 0.009280742459396751 0.009565217391304347
8 0.521606728538283 0.24717391304347827 0.013051044083526682 0.012608695652173913
3 0.08918213457076567 0.5029347826086956 0.007830626450116009 0.016739130434782607
3 0.057279582366589324 0.5003260869565217 0.007830626450116009 0.012826086956521739
3 0.05408932714617169 0.5233695652173913 0.010150812064965197 0.013260869565217392
3 0.07859628770301624 0.4657608695652174 0.008700696055684454 0.011521739130434782
3 0.06395011600928074 0.48032608695652174 0.004930394431554524 0.006739130434782609
8 0.898491879350348 0.6418478260869566 0.010440835266821345 0.01108695652173913
8 0.8818155452436195 0.6056521739130435 0.010730858468677494 0.01
8 0.9256090487238979 0.6048913043478261 0.012470997679814385 0.013695652173913043
8 0.9399651972157773 0.6397826086956522 0.01160092807424594 0.014347826086956521
8 0.9009570765661253 0.6733695652173913 0.011890951276102088 0.011521739130434782
8 0.4076276102088167 0.4483695652173913 0.014211136890951276 0.009782608695652175
1 0.2952436194895592 0.19282608695652173 0.0075406032482598605 0.0052173913043478265
8 0.34425754060324826 0.25728260869565217 0.009860788863109048 0.005869565217391304
8 0.3980568445475638 0.3391304347826087 0.013631090487238979 0.008695652173913044
8 0.4499709976798144 0.3140217391304348 0.010730858468677494 0.006739130434782609
8 0.4795533642691415 0.35782608695652174 0.01131090487238979 0.00782608695652174
8 0.5461136890951276 0.3565217391304348 0.013921113689095127 0.009565217391304347
1 0.6941705336426914 0.2942391304347826 0.007830626450116009 0.005869565217391304
8 0.791038283062645 0.3133695652173913 0.008990719257540603 0.006739130434782609
9 0.4563515081206497 0.5938043478260869 0.008410672853828306 0.006739130434782609
6 0.4798433874709977 0.6401086956521739 0.010730858468677494 0.006739130434782609
8 0.5130510440835266 0.643695652173913 0.017981438515081206 0.01391304347826087
4 0.9074825986078886 0.7781521739130435 0.005220417633410673 0.008913043478260869
8 0.7385440835266821 0.8317391304347826 0.010730858468677494 0.00782608695652174
8 0.257830626450116 0.8071739130434783 0.017981438515081206 0.013043478260869565
8 0.17082366589327147 0.7820652173913043 0.0075406032482598605 0.008478260869565218
8 0.22230278422273783 0.7028260869565217 0.020591647331786544 0.01565217391304348
1 0.1463167053364269 0.5670652173913043 0.004930394431554524 0.003260869565217391
8 0.1294953596287703 0.5842391304347826 0.0095707656612529 0.007173913043478261
8 0.1437064965197216 0.6193478260869565 0.006090487238979118 0.005652173913043478
1 0.24506960556844548 0.20369565217391306 0.011020881670533642 0.005652173913043478
8 0.43662993039443154 0.21706521739130435 0.01131090487238979 0.010652173913043479
8 0.548723897911833 0.2822826086956522 0.010440835266821345 0.006304347826086957
8 0.5105858468677494 0.28641304347826085 0.010730858468677494 0.008043478260869565
8 0.45330626450116007 0.3493478260869565 0.016821345707656612 0.011739130434782608
8 0.4021171693735499 0.41282608695652173 0.010730858468677494 0.009130434782608696
8 0.5539443155452436 0.47282608695652173 0.01334106728538283 0.011304347826086957
8 0.5678654292343387 0.6366304347826087 0.01740139211136891 0.01108695652173913
8 0.5594547563805105 0.6719565217391305 0.019721577726218097 0.014782608695652174
8 0.5010150812064965 0.6775 0.012470997679814385 0.010217391304347826
8 0.12311484918793504 0.5510869565217391 0.01537122969837587 0.012608695652173913
8 0.1216647331786543 0.6803260869565217 0.007250580046403712 0.008913043478260869
8 0.11977958236658932 0.6965217391304348 0.005220417633410673 0.010869565217391304
0 0.24144431554524362 0.6954347826086956 0.011890951276102088 0.00826086956521739
0 0.24086426914153133 0.6770652173913043 0.006670533642691415 0.007608695652173913
8 0.14022621809744779 0.802608695652174 0.006670533642691415 0.009130434782608696
8 0.3142401392111369 0.828695652173913 0.010150812064965197 0.00826086956521739
8 0.5413283062645011 0.4260869565217391 0.013631090487238979 0.00826086956521739
8 0.34947795823665895 0.5957608695652173 0.0075406032482598605 0.005869565217391304
8 0.142546403712297 0.7697826086956522 0.014791183294663572 0.012608695652173913
0 0.8355568445475638 0.7421739130434782 0.015661252900232018 0.013043478260869565
0 0.8142401392111369 0.7654347826086957 0.015951276102088168 0.014782608695652174
