1 0.29292343387471 0.18989130434782608 0.005220417633410673 0.0036956521739130435
6 0.320330626450116 0.16130434782608696 0.004350348027842227 0.0034782608695652175
0 0.513631090487239 0.07967391304347826 0.00580046403712297 0.005869565217391304
6 0.6632830626450116 0.18891304347826088 0.004060324825986079 0.0034782608695652175
0 0.6360208816705336 0.18858695652173912 0.0075406032482598605 0.006739130434782609
0 0.535092807424594 0.255 0.009280742459396751 0.007391304347826087
0 0.4392401392111369 0.28945652173913045 0.004930394431554524 0.009782608695652175
8 0.589907192575406 0.16130434782608696 0.012761020881670533 0.009565217391304347
3 0.5246519721577726 0.3859782608695652 0.012761020881670533 0.006304347826086957
0 0.560614849187935 0.39652173913043476 0.008700696055684454 0.011304347826086957
3 0.373114849187935 0.5107608695652174 0.01537122969837587 0.011956521739130435
3 0.38645591647331784 0.45815217391304347 0.013631090487238979 0.011521739130434782
3 0.4053074245939675 0.46597826086956523 0.030452436194895592 0.01934782608695652
3 0.45577146171693733 0.4439130434782609 0.008410672853828306 0.004782608695652174
3 0.5807714617169374 0.4666304347826087 0.008990719257540603 0.005869565217391304
3 0.8391821345707656 0.35934782608695653 0.010150812064965197 0.00826086956521739
3 0.8619489559164734 0.38782608695652177 0.0075406032482598605 0.009130434782608696
3 0.7961136890951276 0.39554347826086955 0.01160092807424594 0.006304347826086957
0 0.7711716937354989 0.5945652173913043 0.009860788863109048 0.006521739130434782
0 0.7205626450116009 0.6447826086956522 0.014791183294663572 0.00782608695652174
4 0.6830046403712297 0.6480434782608696 0.011020881670533642 0.009565217391304347
4 0.615284222737819 0.7178260869565217 0.014791183294663572 0.010869565217391304
4 0.853538283062645 0.6901086956521739 0.008120649651972157 0.008043478260869565
4 0.8097447795823666 0.8279347826086957 0.011020881670533642 0.010217391304347826
4 0.8000290023201856 0.8468478260869565 0.0095707656612529 0.006739130434782609
1 0.13428074245939675 0.6673913043478261 0.0075406032482598605 0.006956521739130435
6 0.19402552204176335 0.6827173913043478 0.0075406032482598605 0.005434782608695652
4 0.212877030162413 0.7739130434782608 0.012180974477958236 0.013478260869565217
4 0.21331206496519722 0.8385869565217391 0.01131090487238979 0.008478260869565218
0 0.2398491879350348 0.5739130434782609 0.01160092807424594 0.006521739130434782
0 0.2611658932714617 0.5691304347826087 0.013631090487238979 0.00608695652173913
1 0.20577146171693736 0.6469565217391304 0.01131090487238979 0.007391304347826087
1 0.16676334106728538 0.6222826086956522 0.009860788863109048 0.007173913043478261
1 0.2544953596287703 0.7352173913043478 0.01537122969837587 0.01
6 0.24071925754060325 0.657608695652174 0.004640371229698376 0.004347826086956522
0 0.28726798143851506 0.5920652173913044 0.011890951276102088 0.006739130434782609
0 0.23694895591647333 0.6034782608695652 0.0075406032482598605 0.00608695652173913
3 0.16299303944315546 0.4717391304347826 0.020301624129930394 0.012608695652173913
4 0.1244199535962877 0.49119565217391303 0.011020881670533642 0.008478260869565218
0 0.2286832946635731 0.5556521739130434 0.010730858468677494 0.006956521739130435
4 0.9341647331786543 0.4691304347826087 0.005220417633410673 0.004782608695652174
3 0.9051624129930395 0.4458695652173913 0.008120649651972157 0.00608695652173913
3 0.8829756380510441 0.4616304347826087 0.007830626450116009 0.006739130434782609
3 0.9163283062645011 0.48630434782608695 0.005510440835266821 0.006521739130434782
0 0.8784802784222738 0.5501086956521739 0.0063805104408352666 0.004130434782608695
1 0.9156032482598608 0.6317391304347826 0.010440835266821345 0.010869565217391304
0 0.7565255220417634 0.5989130434782609 0.008410672853828306 0.006956521739130435
8 0.48172853828306267 0.6797826086956522 0.01740139211136891 0.009565217391304347
4 0.37456496519721577 0.8558695652173913 0.006670533642691415 0.00391304347826087
0 0.5420533642691415 0.8807608695652174 0.0069605568445475635 0.004565217391304348
0 0.5271171693735499 0.8675 0.004930394431554524 0.002391304347826087
0 0.4617169373549884 0.9035869565217391 0.008120649651972157 0.004130434782608695
0 0.4892691415313225 0.9146739130434782 0.008120649651972157 0.004130434782608695
8 0.4560614849187935 0.9332608695652174 0.018271461716937356 0.013478260869565217
6 0.36470417633410673 0.898695652173913 0.006670533642691415 0.0052173913043478265
8 0.4447505800464037 0.8591304347826086 0.02523201856148492 0.014782608695652174
0 0.4251740139211137 0.8845652173913043 0.00580046403712297 0.005652173913043478
0 0.4875290023201856 0.8506521739130435 0.004640371229698376 0.00391304347826087
0 0.5060904872389791 0.8716304347826087 0.005220417633410673 0.003260869565217391
6 0.5687354988399071 0.8247826086956521 0.004060324825986079 0.0034782608695652175
6 0.5226218097447796 0.8469565217391304 0.0034802784222737818 0.002173913043478261
6 0.191415313225058 0.7840217391304348 0.005220417633410673 0.0036956521739130435
6 0.19272041763341066 0.7928260869565218 0.0037703016241299302 0.0026086956521739132
1 0.15008700696055685 0.634891304347826 0.008990719257540603 0.008913043478260869
3 0.07917633410672854 0.5402173913043479 0.00580046403712297 0.008695652173913044
3 0.2511600928074246 0.4716304347826087 0.009280742459396751 0.006739130434782609
3 0.318300464037123 0.46347826086956523 0.01769141531322506 0.01217391304347826
3 0.3345417633410673 0.4870652173913044 0.007830626450116009 0.005434782608695652
3 0.7779872389791184 0.49184782608695654 0.02349187935034803 0.01847826086956522
3 0.7618909512761021 0.5270652173913043 0.015081206496519721 0.009347826086956522
3 0.6957656612529002 0.5441304347826087 0.015081206496519721 0.006956521739130435
3 0.8374419953596288 0.5030434782608696 0.005510440835266821 0.006956521739130435
3 0.8619489559164734 0.5269565217391304 0.0075406032482598605 0.00782608695652174
3 0.8529582366589327 0.48934782608695654 0.005220417633410673 0.005652173913043478
3 0.923868909512761 0.5026086956521739 0.006090487238979118 0.010434782608695653
1 0.9557714617169374 0.4955434782608696 0.005510440835266821 0.005434782608695652
0 0.6318155452436195 0.26815217391304347 0.011890951276102088 0.007173913043478261
4 0.13877610208816704 0.3832608695652174 0.005510440835266821 0.004782608695652174
8 0.2776972157772622 0.7479347826086956 0.013051044083526682 0.009782608695652175
8 0.2308584686774942 0.6765217391304348 0.01160092807424594 0.007391304347826087
6 0.800754060324826 0.6608695652173913 0.0063805104408352666 0.005652173913043478
1 0.7800174013921114 0.7214130434782609 0.010150812064965197 0.007173913043478261
1 0.16864849187935035 0.6878260869565217 0.006670533642691415 0.005652173913043478
0 0.5830916473317865 0.34206521739130435 0.007830626450116009 0.005869565217391304
3 0.5700406032482599 0.495 0.013051044083526682 0.009130434782608696
1 0.14399651972157773 0.7292391304347826 0.011890951276102088 0.010652173913043479
8 0.6609628770301624 0.878804347826087 0.016821345707656612 0.010652173913043479
1 0.7505800464037123 0.7186956521739131 0.008120649651972157 0.005652173913043478
3 0.44344547563805103 0.49630434782608696 0.009280742459396751 0.00826086956521739
0 0.915893271461717 0.5565217391304348 0.0069605568445475635 0.00608695652173913
0 0.8606438515081206 0.6105434782608695 0.006090487238979118 0.006304347826086957
0 0.8288863109048724 0.6090217391304348 0.005220417633410673 0.005
1 0.05872969837587007 0.3848913043478261 0.010150812064965197 0.012391304347826086
1 0.2707366589327146 0.22771739130434782 0.007250580046403712 0.004565217391304348
6 0.5717807424593968 0.25532608695652176 0.005510440835266821 0.004565217391304348
0 0.5623549883990719 0.26945652173913043 0.01160092807424594 0.010652173913043479
6 0.6880800464037123 0.635 0.008990719257540603 0.005652173913043478
1 0.07134570765661252 0.6017391304347826 0.008120649651972157 0.007391304347826087
0 0.08149651972157773 0.511195652173913 0.01160092807424594 0.014565217391304348
0 0.07076566125290024 0.548695652173913 0.005220417633410673 0.009130434782608696
0 0.425754060324826 0.6657608695652174 0.022041763341067284 0.021521739130434783
0 0.5578596287703016 0.1634782608695652 0.010150812064965197 0.00782608695652174
1 0.6574825986078886 0.04554347826086957 0.011020881670533642 0.006304347826086957
1 0.7484048723897911 0.21945652173913044 0.010730858468677494 0.007608695652173913
6 0.853393271461717 0.6529347826086956 0.004930394431554524 0.005
0 0.71084686774942 0.5969565217391304 0.008700696055684454 0.004782608695652174
1 0.8017691415313225 0.8048913043478261 0.006670533642691415 0.005869565217391304
0 0.503915313225058 0.6716304347826086 0.004930394431554524 0.006739130434782609
8 0.943445475638051 0.628695652173913 0.008700696055684454 0.009130434782608696
0 0.7827726218097448 0.5916304347826087 0.012761020881670533 0.005869565217391304
0 0.8897911832946636 0.6022826086956522 0.005220417633410673 0.006739130434782609
0 0.2604408352668213 0.6184782608695653 0.009860788863109048 0.004347826086956522
0 0.04973897911832947 0.5571739130434783 0.005510440835266821 0.007391304347826087
0 0.4488109048723898 0.3258695652173913 0.008410672853828306 0.011304347826086957
