8 0.2273781902552204 0.09760869565217391 0.016241299303944315 0.009565217391304347
9 0.3000290023201856 0.13358695652173913 0.021751740139211138 0.015
8 0.14095127610208816 0.10771739130434782 0.015661252900232018 0.012391304347826086
9 0.556554524361949 0.2592391304347826 0.02088167053364269 0.01847826086956522
9 0.5559744779582366 0.3032608695652174 0.017981438515081206 0.01565217391304348
6 0.5111658932714617 0.33456521739130435 0.008410672853828306 0.00608695652173913
6 0.5220417633410673 0.33945652173913043 0.0069605568445475635 0.004565217391304348
6 0.23578886310904873 0.5405434782608696 0.01160092807424594 0.008043478260869565
6 0.23477378190255221 0.5693478260869566 0.010730858468677494 0.008695652173913044
6 0.23346867749419953 0.5866304347826087 0.0069605568445475635 0.005869565217391304
6 0.2376740139211137 0.601195652173913 0.006670533642691415 0.005434782608695652
6 0.21737238979118328 0.555 0.0095707656612529 0.00608695652173913
6 0.21026682134570765 0.5640217391304347 0.009280742459396751 0.005869565217391304
6 0.10469837587006961 0.4955434782608696 0.0075406032482598605 0.006304347826086957
6 0.22433294663573086 0.6439130434782608 0.008990719257540603 0.00608695652173913
8 0.4547563805104408 0.5035869565217391 0.022041763341067284 0.01891304347826087
8 0.46403712296983757 0.46869565217391307 0.01740139211136891 0.011304347826086957
8 0.47215777262180975 0.4751086956521739 0.015081206496519721 0.009782608695652175
6 0.47940835266821347 0.4984782608695652 0.004640371229698376 0.00391304347826087
6 0.48506380510440833 0.49282608695652175 0.0031902552204176333 0.0026086956521739132
1 0.4657772621809745 0.511195652173913 0.008120649651972157 0.005869565217391304
6 0.11919953596287702 0.5259782608695652 0.008700696055684454 0.008478260869565218
8 0.21070185614849188 0.6631521739130435 0.01131090487238979 0.008043478260869565
8 0.21693735498839908 0.6555434782608696 0.008700696055684454 0.006739130434782609
6 0.1925754060324826 0.6923913043478261 0.0075406032482598605 0.00608695652173913
6 0.7594257540603249 0.5202173913043479 0.014791183294663572 0.009565217391304347
6 0.8017691415313225 0.5182608695652174 0.010150812064965197 0.00826086956521739
6 0.8229408352668214 0.48434782608695653 0.007830626450116009 0.007391304347826087
9 0.8149651972157773 0.5413043478260869 0.016821345707656612 0.018695652173913044
9 0.8288863109048724 0.551304347826087 0.014501160092807424 0.013478260869565217
6 0.740139211136891 0.6606521739130434 0.009860788863109048 0.006956521739130435
6 0.7357888631090487 0.6282608695652174 0.009860788863109048 0.007391304347826087
6 0.7427494199535963 0.6409782608695652 0.008120649651972157 0.006304347826086957
8 0.7317285382830626 0.6434782608695652 0.0075406032482598605 0.005652173913043478
6 0.7510150812064965 0.6365217391304347 0.006090487238979118 0.004347826086956522
5 0.8719547563805105 0.6114130434782609 0.024651972157772623 0.04804347826086956
4 0.7658062645011601 0.736195652173913 0.008990719257540603 0.010217391304347826
4 0.7740719257540604 0.7017391304347826 0.0063805104408352666 0.007391304347826087
1 0.6431264501160093 0.7956521739130434 0.007250580046403712 0.005652173913043478
6 0.6937354988399071 0.7614130434782609 0.008120649651972157 0.006739130434782609
8 0.3831206496519722 0.9175 0.01334106728538283 0.009782608695652175
1 0.3422273781902552 0.894891304347826 0.009860788863109048 0.006304347826086957
6 0.2247679814385151 0.769891304347826 0.01160092807424594 0.007173913043478261
6 0.2517401392111369 0.765 0.0069605568445475635 0.004782608695652174
6 0.28567285382830626 0.7545652173913043 0.0069605568445475635 0.005652173913043478
6 0.2995939675174014 0.7373913043478261 0.0063805104408352666 0.0052173913043478265
9 0.07671113689095127 0.6541304347826087 0.0095707656612529 0.011304347826086957
8 0.14153132250580047 0.6369565217391304 0.015081206496519721 0.010434782608695653
9 0.6048433874709976 0.051304347826086956 0.018851508120649653 0.011739130434782608
8 0.652262180974478 0.058695652173913045 0.02262180974477958 0.01391304347826087
8 0.6397911832946636 0.06489130434782608 0.012180974477958236 0.009347826086956522
9 0.5756960556844548 0.0932608695652174 0.012761020881670533 0.00782608695652174
6 0.5182714617169374 0.0766304347826087 0.009860788863109048 0.005
1 0.5268271461716937 0.0475 0.0095707656612529 0.005869565217391304
1 0.32758120649651973 0.07260869565217391 0.010150812064965197 0.00608695652173913
9 0.39240139211136893 0.16043478260869565 0.027262180974477957 0.02
8 0.4032772621809745 0.17630434782608695 0.013631090487238979 0.009130434782608696
9 0.4341647331786543 0.23043478260869565 0.024361948955916472 0.01608695652173913
6 0.7166473317865429 0.5709782608695653 0.008700696055684454 0.006739130434782609
6 0.1729988399071926 0.5367391304347826 0.008990719257540603 0.006521739130434782
6 0.13239559164733178 0.5722826086956522 0.004930394431554524 0.004565217391304348
9 0.13921113689095127 0.47847826086956524 0.014501160092807424 0.010434782608695653
8 0.15965777262180975 0.4568478260869565 0.0095707656612529 0.006304347826086957
8 0.32468097447795824 0.44380434782608696 0.015951276102088168 0.008043478260869565
6 0.27726218097447797 0.5370652173913043 0.008120649651972157 0.005434782608695652
6 0.2515951276102088 0.6164130434782609 0.007250580046403712 0.005434782608695652
8 0.21766241299303946 0.628804347826087 0.014791183294663572 0.009782608695652175
8 0.7588457076566125 0.5875 0.013051044083526682 0.010652173913043479
6 0.8486078886310905 0.5334782608695652 0.00580046403712297 0.00608695652173913
8 0.8997969837587007 0.5755434782608696 0.014211136890951276 0.02717391304347826
6 0.7927784222737819 0.667608695652174 0.008410672853828306 0.006521739130434782
8 0.8090197215777262 0.7154347826086956 0.011890951276102088 0.01608695652173913
4 0.8330916473317865 0.29032608695652173 0.007830626450116009 0.008043478260869565
8 0.6637180974477959 0.18793478260869564 0.02523201856148492 0.01847826086956522
6 0.6116589327146171 0.20076086956521738 0.010440835266821345 0.007608695652173913
6 0.5735208816705336 0.17184782608695653 0.007250580046403712 0.005434782608695652
6 0.5871519721577726 0.19369565217391305 0.006670533642691415 0.00608695652173913
6 0.5372679814385151 0.19282608695652173 0.008410672853828306 0.006956521739130435
6 0.4915893271461717 0.18271739130434783 0.0069605568445475635 0.006304347826086957
6 0.4515661252900232 0.19315217391304348 0.005220417633410673 0.004565217391304348
9 0.4322795823665893 0.20217391304347826 0.02291183294663573 0.018260869565217393
8 0.09759280742459396 0.1302173913043478 0.007830626450116009 0.011304347826086957
5 0.033932714617169374 0.25478260869565217 0.015081206496519721 0.02782608695652174
8 0.4270591647331787 0.28695652173913044 0.01537122969837587 0.01217391304347826
8 0.4193735498839907 0.2727173913043478 0.009860788863109048 0.008913043478260869
9 0.42662412993039445 0.26282608695652177 0.013921113689095127 0.009130434782608696
8 0.41690835266821347 0.24782608695652175 0.012470997679814385 0.009130434782608696
8 0.41574825986078884 0.2554347826086957 0.011890951276102088 0.00782608695652174
8 0.3935614849187935 0.3035869565217391 0.021461716937354988 0.014565217391304348
6 0.4911542923433875 0.3605434782608696 0.006670533642691415 0.005869565217391304
8 0.4556264501160093 0.39521739130434785 0.0191415313225058 0.013043478260869565
6 0.5406032482598608 0.5206521739130435 0.008120649651972157 0.00608695652173913
6 0.35759860788863107 0.9129347826086956 0.0075406032482598605 0.006304347826086957
6 0.16154292343387472 0.6141304347826086 0.005220417633410673 0.004347826086956522
1 0.8213457076566125 0.45815217391304347 0.0034802784222737818 0.003260869565217391
8 0.20751160092807425 0.6527173913043478 0.007250580046403712 0.006739130434782609
0 0.22781322505800464 0.5756521739130435 0.013051044083526682 0.01
0 0.21258700696055685 0.5809782608695652 0.019721577726218097 0.024130434782608696
8 0.21635730858468677 0.6175 0.009280742459396751 0.008043478260869565
8 0.1824245939675174 0.6357608695652174 0.02262180974477958 0.02326086956521739
6 0.09150232018561485 0.5013043478260869 0.006670533642691415 0.006956521739130435
8 0.7082366589327146 0.2157608695652174 0.012761020881670533 0.013260869565217392
8 0.7804524361948956 0.21195652173913043 0.02262180974477958 0.013043478260869565
1 0.6882250580046404 0.15141304347826087 0.008120649651972157 0.005434782608695652
6 0.6980858468677494 0.16054347826086957 0.008700696055684454 0.005434782608695652
8 0.15458236658932714 0.1291304347826087 0.011020881670533642 0.00826086956521739
1 0.07613109048723898 0.6214130434782609 0.004930394431554524 0.005869565217391304
6 0.7449245939675174 0.7581521739130435 0.010150812064965197 0.006304347826086957
4 0.9045823665893271 0.418695652173913 0.004060324825986079 0.0034782608695652175
8 0.6700986078886311 0.10858695652173914 0.008990719257540603 0.006739130434782609
8 0.6509570765661253 0.10239130434782609 0.010730858468677494 0.006956521739130435
1 0.6044083526682135 0.07478260869565218 0.009280742459396751 0.005652173913043478
1 0.6048433874709976 0.06608695652173913 0.0095707656612529 0.006956521739130435
1 0.7879930394431555 0.13793478260869566 0.008700696055684454 0.004565217391304348
1 0.7243329466357309 0.10010869565217391 0.010730858468677494 0.007173913043478261
8 0.5545243619489559 0.36369565217391303 0.012761020881670533 0.010434782608695653
8 0.40124709976798145 0.2142391304347826 0.010150812064965197 0.008043478260869565
6 0.4115429234338747 0.19532608695652173 0.00580046403712297 0.005
6 0.4791183294663573 0.3873913043478261 0.009280742459396751 0.005652173913043478
6 0.4808584686774942 0.38 0.0063805104408352666 0.004347826086956522
6 0.5169663573085846 0.42086956521739133 0.007250580046403712 0.004782608695652174
6 0.5065255220417634 0.5002173913043478 0.005510440835266821 0.0034782608695652175
6 0.48622389791183296 0.5059782608695652 0.006090487238979118 0.004565217391304348
6 0.5221867749419954 0.49978260869565216 0.004350348027842227 0.003043478260869565
6 0.48506380510440833 0.48782608695652174 0.004350348027842227 0.003043478260869565
6 0.517546403712297 0.5013043478260869 0.0037703016241299302 0.0026086956521739132
6 0.47476798143851506 0.5308695652173913 0.004640371229698376 0.00391304347826087
6 0.45533642691415316 0.8828260869565218 0.009280742459396751 0.00826086956521739
5 0.08889211136890951 0.6146739130434783 0.022331786542923435 0.025434782608695652
1 0.13761600928074247 0.7409782608695652 0.008990719257540603 0.008043478260869565
6 0.6090487238979119 0.11630434782608695 0.008700696055684454 0.00608695652173913
1 0.5915023201856149 0.12315217391304348 0.007830626450116009 0.005869565217391304
8 0.5736658932714617 0.27293478260869564 0.021461716937354988 0.015
1 0.5825116009280742 0.3010869565217391 0.010150812064965197 0.007391304347826087
6 0.5339327146171694 0.1275 0.0075406032482598605 0.005869565217391304
7 0.18140951276102088 0.5741304347826087 0.020011600928074247 0.010869565217391304
1 0.27102668213457076 0.6679347826086957 0.006090487238979118 0.004130434782608695
8 0.7872679814385151 0.08043478260869565 0.010730858468677494 0.008695652173913044
1 0.6155742459396751 0.08728260869565217 0.006670533642691415 0.005
5 0.47549303944315546 0.3159782608695652 0.03103248259860789 0.028478260869565217
8 0.4814385150812065 0.40358695652173915 0.012761020881670533 0.005869565217391304
5 0.7837877030162413 0.6413043478260869 0.0287122969837587 0.02608695652173913
0 0.7897331786542924 0.6143478260869565 0.015081206496519721 0.013478260869565217
0 0.8589037122969838 0.5347826086956522 0.01131090487238979 0.01391304347826087
0 0.06264501160092807 0.5810869565217391 0.012761020881670533 0.022608695652173914
1 0.24274941995359628 0.17793478260869566 0.0063805104408352666 0.005869565217391304
0 0.507685614849188 0.2822826086956522 0.011890951276102088 0.005
8 0.7761020881670534 0.5685869565217392 0.02842227378190255 0.02108695652173913
6 0.7489849187935035 0.5928260869565217 0.007250580046403712 0.0052173913043478265
0 0.7562354988399071 0.6036956521739131 0.006090487238979118 0.0052173913043478265
0 0.7739269141531323 0.5946739130434783 0.01131090487238979 0.010652173913043479
5 0.8258410672853829 0.5720652173913043 0.029872389791183295 0.02891304347826087
0 0.14124129930394433 0.5102173913043478 0.00580046403712297 0.009130434782608696
0 0.8531032482598608 0.5001086956521739 0.006670533642691415 0.007173913043478261
6 0.17125870069605567 0.677608695652174 0.004350348027842227 0.0034782608695652175
6 0.43996519721577726 0.14847826086956523 0.004640371229698376 0.00391304347826087
1 0.3642691415313225 0.050978260869565216 0.00580046403712297 0.005
6 0.45577146171693733 0.5209782608695652 0.006090487238979118 0.004565217391304348
8 0.07105568445475638 0.5483695652173913 0.01334106728538283 0.011956521739130435
0 0.13109048723897912 0.5348913043478261 0.0063805104408352666 0.006304347826086957