9 0.6379060324825986 0.8084782608695652 0.02117169373549884 0.018695652173913044
6 0.6009280742459396 0.8044565217391304 0.0063805104408352666 0.004130434782608695
6 0.39240139211136893 0.7815217391304348 0.0034802784222737818 0.0026086956521739132
8 0.31104988399071926 0.8090217391304347 0.02523201856148492 0.016739130434782607
9 0.24535962877030162 0.8498913043478261 0.01160092807424594 0.006304347826086957
9 0.19678074245939675 0.8269565217391305 0.01131090487238979 0.010434782608695653
9 0.21911252900232017 0.9495652173913044 0.011890951276102088 0.008695652173913044
9 0.834106728538283 0.8171739130434783 0.015081206496519721 0.01
8 0.8245359628770301 0.8597826086956522 0.01334106728538283 0.011304347826086957
8 0.689385150812065 0.7869565217391304 0.020301624129930394 0.015217391304347827
6 0.5053654292343387 0.16902173913043478 0.004930394431554524 0.0036956521739130435
6 0.37224477958236657 0.18119565217391304 0.004930394431554524 0.0036956521739130435
9 0.27291183294663574 0.17282608695652174 0.012180974477958236 0.00782608695652174
6 0.2663863109048724 0.19782608695652174 0.008410672853828306 0.005652173913043478
1 0.09425754060324826 0.26130434782608697 0.009280742459396751 0.005652173913043478
1 0.17531902552204176 0.2583695652173913 0.0095707656612529 0.008043478260869565
1 0.1492169373549884 0.2831521739130435 0.008990719257540603 0.006739130434782609
8 0.21722737819025523 0.2777173913043478 0.008120649651972157 0.005869565217391304
6 0.5543793503480279 0.21304347826086956 0.0037703016241299302 0.003043478260869565
6 0.5665603248259861 0.1840217391304348 0.005510440835266821 0.004565217391304348
6 0.6438515081206496 0.23358695652173914 0.0034802784222737818 0.002826086956521739
8 0.7189675174013921 0.29054347826086957 0.008120649651972157 0.007173913043478261
9 0.886600928074246 0.27108695652173914 0.008700696055684454 0.006521739130434782
6 0.2624709976798144 0.6060869565217392 0.0034802784222737818 0.0034782608695652175
6 0.31337006960556846 0.6097826086956522 0.006090487238979118 0.0052173913043478265
6 0.3064095127610209 0.6181521739130434 0.004930394431554524 0.004130434782608695
6 0.30147911832946633 0.6264130434782609 0.005510440835266821 0.0036956521739130435
1 0.35759860788863107 0.6454347826086957 0.008120649651972157 0.006956521739130435
8 0.146461716937355 0.678804347826087 0.010440835266821345 0.008913043478260869
0 0.14689675174013922 0.7048913043478261 0.010730858468677494 0.008478260869565218
0 0.1339907192575406 0.6996739130434783 0.004060324825986079 0.005
0 0.10092807424593968 0.7321739130434782 0.009280742459396751 0.008695652173913044
0 0.12514501160092809 0.7259782608695652 0.010730858468677494 0.008913043478260869
0 0.14428654292343387 0.7435869565217391 0.007830626450116009 0.005
6 0.3284512761020882 0.7575 0.008410672853828306 0.007608695652173913
6 0.34425754060324826 0.7485869565217391 0.0069605568445475635 0.004565217391304348
0 0.5307424593967517 0.6840217391304347 0.016821345707656612 0.013695652173913043
6 0.7717517401392111 0.6773913043478261 0.0069605568445475635 0.004347826086956522
6 0.7621809744779582 0.6527173913043478 0.004640371229698376 0.003260869565217391
6 0.7698665893271461 0.6303260869565217 0.005510440835266821 0.004130434782608695
8 0.8036542923433875 0.6514130434782609 0.008120649651972157 0.004565217391304348
0 0.8536832946635731 0.7125 0.008990719257540603 0.008913043478260869
8 0.9093677494199536 0.7252173913043478 0.013051044083526682 0.01565217391304348
8 0.9208236658932715 0.7016304347826087 0.010440835266821345 0.008478260869565218
8 0.886600928074246 0.7756521739130435 0.009280742459396751 0.01391304347826087
8 0.8510730858468677 0.7878260869565218 0.01131090487238979 0.01
0 0.8664443155452436 0.6769565217391305 0.010730858468677494 0.00608695652173913
0 0.8851508120649652 0.6876086956521739 0.0069605568445475635 0.007391304347826087
1 0.8177204176334106 0.7194565217391304 0.0095707656612529 0.006304347826086957
9 0.6142691415313225 0.9452173913043478 0.011020881670533642 0.00826086956521739
8 0.6418213457076566 0.9294565217391304 0.01160092807424594 0.008043478260869565
2 0.39109628770301624 0.9268478260869565 0.008990719257540603 0.004565217391304348
9 0.2746519721577726 0.8829347826086956 0.009860788863109048 0.006739130434782609
0 0.4386600928074246 0.6680434782608695 0.014211136890951276 0.016956521739130436
0 0.1611078886310905 0.663804347826087 0.01769141531322506 0.010217391304347826
6 0.17633410672853828 0.6761956521739131 0.004640371229698376 0.0036956521739130435
0 0.1824245939675174 0.6710869565217391 0.021461716937354988 0.012608695652173913
0 0.24985498839907191 0.6580434782608696 0.022331786542923435 0.01652173913043478
1 0.23187354988399073 0.7216304347826087 0.008410672853828306 0.006304347826086957
1 0.7979988399071926 0.855108695652174 0.010150812064965197 0.008478260869565218
3 0.9150232018561485 0.5742391304347826 0.012761020881670533 0.013260869565217392
8 0.9363399071925754 0.668695652173913 0.013631090487238979 0.012608695652173913
8 0.919808584686775 0.6765217391304348 0.007830626450116009 0.00782608695652174
8 0.482453596287703 0.4366304347826087 0.010150812064965197 0.007608695652173913
8 0.6186194895591647 0.6764130434782609 0.015081206496519721 0.012391304347826086
8 0.9567865429234339 0.36793478260869567 0.0063805104408352666 0.010652173913043479
1 0.1554524361948956 0.2083695652173913 0.010440835266821345 0.005869565217391304
0 0.17372389791183296 0.654891304347826 0.008120649651972157 0.007173913043478261
8 0.18198955916473317 0.7288043478260869 0.008990719257540603 0.005869565217391304
0 0.19504060324825986 0.7433695652173913 0.0095707656612529 0.006304347826086957
8 0.04480858468677494 0.768695652173913 0.013631090487238979 0.01391304347826087
8 0.018561484918793503 0.7298913043478261 0.0075406032482598605 0.008913043478260869
0 0.2020011600928074 0.7872826086956521 0.008990719257540603 0.0036956521739130435
0 0.18430974477958237 0.785 0.007830626450116009 0.003043478260869565
9 0.443300464037123 0.9451086956521739 0.008990719257540603 0.005869565217391304
1 0.7288283062645011 0.8782608695652174 0.00580046403712297 0.0026086956521739132
1 0.07671113689095127 0.2941304347826087 0.010730858468677494 0.007391304347826087
0 0.33120649651972156 0.6079347826086956 0.021461716937354988 0.020217391304347826
8 0.007105568445475638 0.6939130434782609 0.007830626450116009 0.009130434782608696
0 0.07888631090487239 0.691195652173913 0.008700696055684454 0.006739130434782609
8 0.08135150812064965 0.8480434782608696 0.013051044083526682 0.010434782608695653
1 0.3174303944315545 0.908804347826087 0.013051044083526682 0.009347826086956522
2 0.5891821345707656 0.6567391304347826 0.017111368909512762 0.016956521739130436
6 0.6976508120649652 0.6318478260869566 0.004350348027842227 0.003260869565217391
1 0.7602958236658933 0.7460869565217392 0.007250580046403712 0.004347826086956522
8 0.718822505800464 0.9458695652173913 0.022331786542923435 0.013478260869565217
1 0.6292053364269141 0.7672826086956521 0.006090487238979118 0.0036956521739130435
6 0.6154292343387471 0.7739130434782608 0.004060324825986079 0.003043478260869565
0 0.824100928074246 0.7433695652173913 0.004930394431554524 0.005
8 0.6392111368909513 0.908695652173913 0.009280742459396751 0.006956521739130435
0 0.396461716937355 0.7660869565217391 0.009280742459396751 0.005652173913043478
0 0.20258120649651973 0.7567391304347826 0.007830626450116009 0.0052173913043478265
1 0.3854408352668213 0.6329347826086956 0.004640371229698376 0.003260869565217391
8 0.9077726218097448 0.6385869565217391 0.009860788863109048 0.010652173913043479
8 0.443300464037123 0.7967391304347826 0.01537122969837587 0.011739130434782608
8 0.18822505800464037 0.9051086956521739 0.011020881670533642 0.006739130434782609
0 0.2588457076566125 0.6176086956521739 0.012470997679814385 0.013043478260869565
8 0.6500870069605569 0.29978260869565215 0.007830626450116009 0.006521739130434782
