6 0.25925925925925924 0.4880401234567901 0.01273148148148148 0.008487654320987654
6 0.2298900462962963 0.5442708333333334 0.01070601851851852 0.008294753086419753
8 0.1869212962962963 0.6657986111111112 0.012152777777777778 0.01408179012345679
6 0.7896412037037037 0.5342399691358025 0.007523148148148148 0.0055941358024691355
9 0.8061342592592593 0.5050154320987654 0.010416666666666666 0.005787037037037037
8 0.8819444444444444 0.2199074074074074 0.012152777777777778 0.015817901234567902
2 0.4777199074074074 0.18875385802469136 0.023726851851851853 0.020640432098765434
2 0.49291087962962965 0.2523148148148148 0.030381944444444444 0.03973765432098766
2 0.6581307870370371 0.2023533950617284 0.03674768518518518 0.02199074074074074
8 0.15784143518518517 0.1646412037037037 0.033275462962962965 0.022183641975308643
8 0.20471643518518517 0.7730516975308642 0.016493055555555556 0.015625
2 0.44126157407407407 0.7651427469135802 0.031828703703703706 0.009066358024691358
2 0.4717881944444444 0.7573302469135802 0.021122685185185185 0.006558641975308642
2 0.4900173611111111 0.777391975308642 0.025752314814814815 0.006172839506172839
2 0.5067997685185185 0.7721836419753086 0.016493055555555556 0.0073302469135802465
2 0.4431423611111111 0.7761381172839507 0.014178240740740741 0.004822530864197531
2 0.46281828703703703 0.7741126543209876 0.011284722222222222 0.004629629629629629
9 0.6536458333333334 0.7964891975308642 0.019675925925925927 0.013117283950617283
6 0.7028356481481481 0.1597222222222222 0.005787037037037037 0.004243827160493827
9 0.7076099537037037 0.13097993827160495 0.011863425925925927 0.006558641975308642
8 0.7873263888888888 0.051215277777777776 0.015625 0.008680555555555556
1 0.6513310185185185 0.16763117283950618 0.01099537037037037 0.005787037037037037
6 0.5303819444444444 0.13695987654320987 0.009259259259259259 0.006172839506172839
6 0.5723379629629629 0.14477237654320987 0.006944444444444444 0.004050925925925926
1 0.4246238425925926 0.13512731481481483 0.011863425925925927 0.0055941358024691355
1 0.37037037037037035 0.1709104938271605 0.011574074074074073 0.006172839506172839
1 0.34389467592592593 0.16001157407407407 0.013020833333333334 0.007137345679012345
1 0.2855902777777778 0.11091820987654322 0.010416666666666666 0.005787037037037037
1 0.19618055555555555 0.11053240740740741 0.011574074074074073 0.006558641975308642
1 0.2800925925925926 0.06664737654320987 0.016203703703703703 0.007523148148148148
1 0.2942708333333333 0.07928240740740741 0.014467592592592593 0.004629629629629629
1 0.31495949074074076 0.06124614197530864 0.0078125 0.004822530864197531
1 0.31655092592592593 0.050540123456790126 0.009259259259259259 0.004243827160493827
1 0.2947048611111111 0.055266203703703706 0.009548611111111112 0.005979938271604938
1 0.3220486111111111 0.05131172839506173 0.008101851851851851 0.004629629629629629
6 0.7181712962962963 0.08902391975308642 0.008101851851851851 0.006751543209876543
6 0.7476851851851852 0.08024691358024691 0.009837962962962963 0.005401234567901234
1 0.7581018518518519 0.10513117283950617 0.008680555555555556 0.006558641975308642
1 0.7530381944444444 0.11410108024691358 0.013020833333333334 0.007137345679012345
1 0.6765046296296297 0.06086033950617284 0.011574074074074073 0.005979938271604938
1 0.7123842592592593 0.04600694444444445 0.01099537037037037 0.006751543209876543
6 0.5397858796296297 0.09712577160493827 0.006655092592592593 0.004050925925925926
1 0.2722800925925926 0.14814814814814814 0.010416666666666666 0.007716049382716049
0 0.07016782407407407 0.23032407407407407 0.013020833333333334 0.03665123456790124
2 0.7756076388888888 0.45775462962962965 0.020543981481481483 0.010030864197530864
1 0.1953125 0.06471836419753087 0.008101851851851851 0.005208333333333333
1 0.1529224537037037 0.06819058641975309 0.006655092592592593 0.004050925925925926
1 0.17983217592592593 0.08516589506172839 0.007233796296296296 0.004822530864197531
1 0.1831597222222222 0.04079861111111111 0.005208333333333333 0.0036651234567901233
1 0.1652199074074074 0.05690586419753087 0.007523148148148148 0.005015432098765432
1 0.1519097222222222 0.07696759259259259 0.006944444444444444 0.004629629629629629
2 0.5597511574074074 0.7887731481481481 0.024016203703703703 0.011188271604938271
2 0.5491898148148148 0.7654320987654321 0.010416666666666666 0.005401234567901234
7 0.2209201388888889 0.5841049382716049 0.019386574074074073 0.011574074074074073
0 0.08116319444444445 0.5170717592592593 0.03153935185185185 0.022183641975308643
1 0.23567708333333334 0.048804012345679014 0.005497685185185185 0.0030864197530864196
1 0.23177083333333334 0.06819058641975309 0.009837962962962963 0.005208333333333333
1 0.21889467592592593 0.05931712962962963 0.006655092592592593 0.004050925925925926
0 0.6226851851851852 0.16550925925925927 0.009259259259259259 0.004629629629629629
6 0.5959201388888888 0.16637731481481483 0.007233796296296296 0.004822530864197531
6 0.5107060185185185 0.24816743827160495 0.006944444444444444 0.004822530864197531
1 0.38382523148148145 0.7863618827160493 0.008391203703703705 0.004050925925925926
0 0.7582465277777778 0.6003086419753086 0.014756944444444444 0.006944444444444444
9 0.8916377314814815 0.548804012345679 0.007233796296296296 0.005787037037037037
3 0.8577835648148148 0.36236496913580246 0.006076388888888889 0.005208333333333333
0 0.040219907407407406 0.3820408950617284 0.02546296296296296 0.04764660493827161
2 0.38483796296296297 0.27729552469135804 0.017939814814814815 0.01253858024691358
1 0.7905092592592593 0.07976466049382716 0.013888888888888888 0.008680555555555556
1 0.7802372685185185 0.07002314814814815 0.010127314814814815 0.006558641975308642
1 0.45283564814814814 0.20727237654320987 0.010416666666666666 0.007137345679012345
6 0.4664351851851852 0.2197145061728395 0.005208333333333333 0.0038580246913580245
6 0.4930555555555556 0.09905478395061729 0.007523148148148148 0.004436728395061728
1 0.19719328703703703 0.13744212962962962 0.006076388888888889 0.004436728395061728
1 0.7507233796296297 0.09249614197530864 0.008391203703703705 0.004822530864197531
1 0.7621527777777778 0.0697337962962963 0.005787037037037037 0.003279320987654321
1 0.8781828703703703 0.13001543209876543 0.007523148148148148 0.005787037037037037
1 0.9029224537037037 0.23427854938271606 0.003761574074074074 0.00636574074074074
7 0.8229166666666666 0.330054012345679 0.005787037037037037 0.005401234567901234
7 0.9197048611111112 0.37210648148148145 0.04369212962962963 0.1076388888888889
1 0.6815682870370371 0.43701774691358025 0.005497685185185185 0.004436728395061728
3 0.5371817129629629 0.3900462962962963 0.015335648148148149 0.010030864197530864
8 0.9035011574074074 0.5542052469135802 0.0078125 0.005787037037037037
8 0.6086516203703703 0.5790895061728395 0.010127314814814815 0.005787037037037037
6 0.13078703703703703 0.5208333333333334 0.005208333333333333 0.004243827160493827
0 0.14322916666666666 0.5949074074074074 0.018518518518518517 0.019675925925925927
2 0.3363715277777778 0.7810570987654321 0.015914351851851853 0.013117283950617283
7 0.26273148148148145 0.8050733024691358 0.007523148148148148 0.004050925925925926
1 0.1484375 0.11766975308641975 0.006944444444444444 0.004243827160493827
1 0.33101851851851855 0.14400077160493827 0.009837962962962963 0.00636574074074074
0 0.5095486111111112 0.11574074074074074 0.015625 0.01273148148148148
1 0.7252604166666666 0.1246141975308642 0.006076388888888889 0.005015432098765432
1 0.8219039351851852 0.1345486111111111 0.007233796296296296 0.00636574074074074
0 0.8464988425925926 0.13744212962962962 0.021122685185185185 0.01871141975308642
1 0.9184027777777778 0.22029320987654322 0.00636574074074074 0.005787037037037037
8 0.9454571759259259 0.3001543209876543 0.006076388888888889 0.008487654320987654
1 0.9084201388888888 0.48215663580246915 0.005497685185185185 0.005208333333333333
8 0.1740451388888889 0.6403356481481481 0.009548611111111112 0.01099537037037037
1 0.30396412037037035 0.39351851851851855 0.010127314814814815 0.006172839506172839
1 0.3237847222222222 0.30179398148148145 0.007523148148148148 0.0055941358024691355
9 0.04441550925925926 0.3167438271604938 0.008391203703703705 0.006172839506172839
8 0.0881076388888889 0.24778163580246915 0.008969907407407407 0.005979938271604938
1 0.4782986111111111 0.08912037037037036 0.005208333333333333 0.0038580246913580245
1 0.45066550925925924 0.07600308641975309 0.007233796296296296 0.004243827160493827
1 0.6723090277777778 0.09326774691358025 0.010127314814814815 0.005208333333333333
1 0.8227719907407407 0.16917438271604937 0.006076388888888889 0.0030864197530864196
1 0.9330150462962963 0.31143904320987653 0.010127314814814815 0.009837962962962963
1 0.34765625 0.761766975308642 0.006076388888888889 0.003472222222222222
9 0.7936921296296297 0.16512345679012347 0.017361111111111112 0.01273148148148148
0 0.08680555555555555 0.5463927469135802 0.010416666666666666 0.011766975308641976
0 0.5189525462962963 0.48225308641975306 0.008969907407407407 0.006558641975308642