5 0.4396701388888889 0.7953317901234568 0.055266203703703706 0.02854938271604938
1 0.3415798611111111 0.16820987654320987 0.014178240740740741 0.006172839506172839
8 0.5798611111111112 0.22038966049382716 0.01273148148148148 0.007523148148148148
0 0.42563657407407407 0.5077160493827161 0.028356481481481483 0.02662037037037037
0 0.3359375 0.535108024691358 0.012152777777777778 0.008101851851851851
0 0.1076388888888889 0.5626929012345679 0.00636574074074074 0.008101851851851851
0 0.10474537037037036 0.5839120370370371 0.017939814814814815 0.01890432098765432
0 0.21976273148148148 0.6744791666666666 0.051215277777777776 0.044945987654320986
0 0.16782407407407407 0.6247106481481481 0.014467592592592593 0.022569444444444444
0 0.15538194444444445 0.6394675925925926 0.009259259259259259 0.011188271604938271
8 0.11762152777777778 0.6528742283950617 0.01244212962962963 0.014853395061728395
8 0.3606770833333333 0.8068094135802469 0.015335648148148149 0.006751543209876543
8 0.5392071759259259 0.8011188271604939 0.01880787037037037 0.011959876543209876
8 0.6252893518518519 0.8025655864197531 0.017939814814814815 0.010609567901234568
8 0.6608796296296297 0.8361304012345679 0.020833333333333332 0.00945216049382716
0 0.9305555555555556 0.6070601851851852 0.022569444444444444 0.029320987654320986
0 0.9273726851851852 0.5655864197530864 0.01678240740740741 0.011574074074074073
0 0.9280960648148148 0.5340470679012346 0.021122685185185185 0.01678240740740741
0 0.9212962962962963 0.5149498456790124 0.01099537037037037 0.01408179012345679
0 0.9642650462962963 0.5115740740740741 0.01244212962962963 0.009645061728395061
5 0.9778645833333334 0.6726466049382716 0.024016203703703703 0.03896604938271605
0 0.9701967592592593 0.5640432098765432 0.02025462962962963 0.04205246913580247
0 0.5041956018518519 0.7955246913580247 0.018229166666666668 0.011188271604938271
0 0.14482060185185186 0.6849922839506173 0.033275462962962965 0.053626543209876545
4 0.08333333333333333 0.3244598765432099 0.005787037037037037 0.006172839506172839
4 0.1808449074074074 0.7608024691358025 0.006944444444444444 0.004243827160493827
4 0.8708043981481481 0.3355516975308642 0.004918981481481482 0.008680555555555556
1 0.8997395833333334 0.2880979938271605 0.007233796296296296 0.005208333333333333
4 0.6493055555555556 0.10165895061728394 0.009837962962962963 0.006172839506172839
4 0.8899016203703703 0.13782793209876543 0.007233796296296296 0.0055941358024691355
4 0.7604166666666666 0.11005015432098765 0.006944444444444444 0.004822530864197531
4 0.9929108796296297 0.34596836419753085 0.005497685185185185 0.007137345679012345
3 0.22554976851851852 0.49855324074074076 0.010127314814814815 0.0055941358024691355
3 0.22916666666666666 0.4898726851851852 0.005787037037037037 0.0036651234567901233
3 0.23813657407407407 0.4799382716049383 0.011574074074074073 0.004629629629629629
3 0.21614583333333334 0.42833719135802467 0.01273148148148148 0.007137345679012345
3 0.20717592592592593 0.4468557098765432 0.008101851851851851 0.0036651234567901233
3 0.2981770833333333 0.4576581790123457 0.01070601851851852 0.0055941358024691355
3 0.7861689814814815 0.5177469135802469 0.01273148148148148 0.012345679012345678
3 0.7637442129629629 0.43643904320987653 0.009548611111111112 0.008680555555555556
3 0.2387152777777778 0.33468364197530864 0.02141203703703704 0.007716049382716049
3 0.2220775462962963 0.3159722222222222 0.008391203703703705 0.006172839506172839
3 0.2271412037037037 0.35127314814814814 0.017361111111111112 0.008101851851851851
3 0.24421296296296297 0.34066358024691357 0.015046296296296295 0.006172839506172839
3 0.3062789351851852 0.3279320987654321 0.013599537037037037 0.005401234567901234
3 0.2825520833333333 0.3365162037037037 0.011863425925925927 0.004436728395061728
3 0.3109085648148148 0.3394097222222222 0.01244212962962963 0.004050925925925926
3 0.3428819444444444 0.31548996913580246 0.008680555555555556 0.005208333333333333
3 0.10546875 0.466820987654321 0.007233796296296296 0.005015432098765432
3 0.09968171296296297 0.39776234567901236 0.004918981481481482 0.0030864197530864196
3 0.09346064814814815 0.4052854938271605 0.005787037037037037 0.0038580246913580245
3 0.10677083333333333 0.4053819444444444 0.008680555555555556 0.004822530864197531
3 0.07841435185185185 0.3988233024691358 0.005787037037037037 0.0036651234567901233
3 0.14525462962962962 0.36844135802469136 0.006944444444444444 0.005787037037037037
3 0.1440972222222222 0.3812692901234568 0.004050925925925926 0.00636574074074074
3 0.18981481481481483 0.34384645061728397 0.005208333333333333 0.004050925925925926
3 0.18489583333333334 0.3532986111111111 0.005787037037037037 0.003279320987654321
0 0.2669270833333333 0.5690586419753086 0.014178240740740741 0.006944444444444444
0 0.30613425925925924 0.5309606481481481 0.009259259259259259 0.00636574074074074
0 0.8479456018518519 0.5155285493827161 0.011863425925925927 0.00636574074074074
3 0.9317129629629629 0.38078703703703703 0.006944444444444444 0.005787037037037037
3 0.9000289351851852 0.3833912037037037 0.01244212962962963 0.0055941358024691355
3 0.9040798611111112 0.4037422839506173 0.008391203703703705 0.005015432098765432
3 0.6514756944444444 0.45929783950617287 0.01244212962962963 0.009645061728395061
3 0.6390335648148148 0.4645061728395062 0.009548611111111112 0.006172839506172839
3 0.6164641203703703 0.4185956790123457 0.007233796296296296 0.005015432098765432
3 0.6121238425925926 0.4281442901234568 0.009548611111111112 0.004822530864197531
1 0.7183159722222222 0.1476658950617284 0.011863425925925927 0.007137345679012345
3 0.5758101851851852 0.18470293209876543 0.017939814814814815 0.012924382716049383
3 0.5562789351851852 0.1779513888888889 0.015914351851851853 0.0055941358024691355
3 0.41116898148148145 0.2019675925925926 0.015046296296296295 0.011574074074074073
3 0.7275752314814815 0.3229166666666667 0.006655092592592593 0.005401234567901234
0 0.6879340277777778 0.46296296296296297 0.014178240740740741 0.008873456790123456
0 0.7032696759259259 0.46768904320987653 0.010127314814814815 0.006751543209876543
2 0.49811921296296297 0.787133487654321 0.026909722222222224 0.012152777777777778
3 0.6414930555555556 0.7939814814814815 0.01273148148148148 0.006558641975308642
3 0.5788483796296297 0.45457175925925924 0.01244212962962963 0.00945216049382716
3 0.5956307870370371 0.4851466049382716 0.013599537037037037 0.012345679012345678
3 0.6177662037037037 0.44386574074074076 0.007523148148148148 0.009259259259259259
0 0.6475694444444444 0.4791666666666667 0.005208333333333333 0.004629629629629629
0 0.63671875 0.4984567901234568 0.006076388888888889 0.004243827160493827
0 0.31785300925925924 0.09027777777777778 0.006655092592592593 0.004629629629629629
3 0.16001157407407407 0.40673225308641975 0.005208333333333333 0.004822530864197531
3 0.17578125 0.42332175925925924 0.008391203703703705 0.005979938271604938
0 0.15133101851851852 0.46942515432098764 0.006944444444444444 0.004050925925925926
0 0.11603009259259259 0.4790702160493827 0.004629629629629629 0.003279320987654321
0 0.1511863425925926 0.5021219135802469 0.006655092592592593 0.004629629629629629
0 0.1791087962962963 0.5642361111111112 0.005787037037037037 0.004629629629629629
0 0.17346643518518517 0.574266975308642 0.010127314814814815 0.0073302469135802465
0 0.2586805555555556 0.5951967592592593 0.014467592592592593 0.0055941358024691355
0 0.2599826388888889 0.6174768518518519 0.008969907407407407 0.005015432098765432
0 0.2718460648148148 0.5925925925925926 0.0078125 0.005787037037037037
0 0.20572916666666666 0.48032407407407407 0.008680555555555556 0.005015432098765432
0 0.3097511574074074 0.5104166666666666 0.007233796296296296 0.004629629629629629
0 0.35445601851851855 0.4696180555555556 0.008101851851851851 0.007137345679012345
0 0.35054976851851855 0.4791666666666667 0.006076388888888889 0.0073302469135802465
0 0.3236400462962963 0.5412808641975309 0.006076388888888889 0.0038580246913580245
0 0.8469328703703703 0.48649691358024694 0.01099537037037037 0.005787037037037037
0 0.8188657407407407 0.5418595679012346 0.019675925925925927 0.015432098765432098
0 0.8255208333333334 0.5513117283950617 0.006944444444444444 0.005787037037037037
0 0.8372395833333334 0.5494791666666666 0.016493055555555556 0.01099537037037037
0 0.8686342592592593 0.5499614197530864 0.00636574074074074 0.0073302469135802465
0 0.8184317129629629 0.5172646604938271 0.006076388888888889 0.0055941358024691355
0 0.8806423611111112 0.5285493827160493 0.007233796296296296 0.008487654320987654
0 0.72265625 0.519483024691358 0.010127314814814815 0.008873456790123456
0 0.9050925925925926 0.5274884259259259 0.004629629629629629 0.005208333333333333
0 0.8263888888888888 0.5748456790123457 0.009259259259259259 0.013117283950617283
0 0.42288773148148145 0.17428626543209877 0.008969907407407407 0.006751543209876543
3 0.48119212962962965 0.3822337962962963 0.01099537037037037 0.01253858024691358
4 0.3275462962962963 0.6307870370370371 0.019675925925925927 0.011959876543209876
2 0.37094907407407407 0.8150077160493827 0.01678240740740741 0.008873456790123456
8 0.3389756944444444 0.14737654320987653 0.013599537037037037 0.007716049382716049
8 0.26099537037037035 0.18296682098765432 0.01678240740740741 0.011381172839506173
8 0.18258101851851852 0.6045524691358025 0.01678240740740741 0.01273148148148148
0 0.22120949074074073 0.5708912037037037 0.01244212962962963 0.012152777777777778
8 0.14149305555555555 0.7570408950617284 0.013310185185185185 0.010609567901234568
8 0.2377025462962963 0.7365933641975309 0.01244212962962963 0.006751543209876543
2 0.35561342592592593 0.7840470679012346 0.023726851851851853 0.009066358024691358
8 0.8936631944444444 0.6310763888888888 0.01707175925925926 0.015239197530864198
4 0.9655671296296297 0.5913387345679012 0.005787037037037037 0.00636574074074074
1 0.7142650462962963 0.6049382716049383 0.008391203703703705 0.005015432098765432
6 0.8641493055555556 0.5214120370370371 0.007233796296296296 0.005015432098765432
0 0.6712962962962963 0.46498842592592593 0.008101851851851851 0.007137345679012345
1 0.5872395833333334 0.35474537037037035 0.005497685185185185 0.004243827160493827
1 0.265625 0.21691743827160495 0.008101851851851851 0.00636574074074074
1 0.13990162037037038 0.2065972222222222 0.01070601851851852 0.008873456790123456
8 0.49638310185185186 0.8084490740740741 0.014178240740740741 0.011959876543209876
1 0.1480034722222222 0.2332175925925926 0.003761574074074074 0.0030864197530864196
1 0.31611689814814814 0.11950231481481481 0.007233796296296296 0.004050925925925926
8 0.9500868055555556 0.49855324074074076 0.009548611111111112 0.010223765432098766
6 0.13599537037037038 0.5681905864197531 0.005208333333333333 0.004050925925925926
8 0.3923611111111111 0.8138503086419753 0.009837962962962963 0.006558641975308642
0 0.8182870370370371 0.6304976851851852 0.008101851851851851 0.005979938271604938
