4 0.19953596287703015 0.17706521739130435 0.014501160092807424 0.009782608695652175
4 0.22157772621809746 0.06456521739130434 0.0069605568445475635 0.005652173913043478
4 0.5323375870069605 0.26 0.008990719257540603 0.010869565217391304
4 0.4915893271461717 0.5158695652173914 0.011020881670533642 0.009565217391304347
4 0.677639211136891 0.5842391304347826 0.004350348027842227 0.004130434782608695
4 0.7682714617169374 0.5498913043478261 0.002900232018561485 0.005869565217391304
4 0.6928654292343387 0.4077173913043478 0.0063805104408352666 0.006304347826086957
4 0.32743619489559167 0.8130434782608695 0.012180974477958236 0.009130434782608696
1 0.4273491879350348 0.8352173913043478 0.010150812064965197 0.009565217391304347
1 0.4189385150812065 0.9032608695652173 0.006090487238979118 0.005652173913043478
1 0.4193735498839907 0.8866304347826087 0.004060324825986079 0.0036956521739130435
1 0.44344547563805103 0.8505434782608695 0.0069605568445475635 0.005434782608695652
1 0.4144431554524362 0.7668478260869566 0.009280742459396751 0.004565217391304348
1 0.39399651972157773 0.7655434782608695 0.006670533642691415 0.005
1 0.4095127610208817 0.8154347826086956 0.008120649651972157 0.00608695652173913
1 0.34585266821345706 0.6482608695652174 0.006670533642691415 0.00391304347826087
1 0.37224477958236657 0.6221739130434782 0.010150812064965197 0.011304347826086957
1 0.3850058004640371 0.5819565217391305 0.007250580046403712 0.00608695652173913
1 0.3288863109048724 0.5253260869565217 0.009280742459396751 0.005869565217391304
1 0.3210556844547564 0.5134782608695653 0.008120649651972157 0.006521739130434782
1 0.3146751740139211 0.506195652173913 0.0069605568445475635 0.005869565217391304
1 0.320330626450116 0.5016304347826087 0.007250580046403712 0.005
1 0.320330626450116 0.5303260869565217 0.008990719257540603 0.005869565217391304
1 0.3169953596287703 0.4935869565217391 0.009280742459396751 0.005869565217391304
1 0.2782772621809745 0.3398913043478261 0.012470997679814385 0.011521739130434782
1 0.1767691415313225 0.3518478260869565 0.014211136890951276 0.009347826086956522
1 0.35281322505800466 0.19521739130434781 0.01131090487238979 0.007391304347826087
3 0.5479988399071926 0.4916304347826087 0.017111368909512762 0.01108695652173913
3 0.5200116009280742 0.4672826086956522 0.0388631090487239 0.016739130434782607
3 0.5498839907192575 0.46858695652173915 0.014501160092807424 0.013695652173913043
3 0.46041183294663574 0.4790217391304348 0.01769141531322506 0.011521739130434782
3 0.4801334106728538 0.5344565217391304 0.008990719257540603 0.011521739130434782
3 0.5706206496519721 0.4926086956521739 0.0095707656612529 0.010869565217391304
3 0.4612819025522042 0.5477173913043478 0.01943155452436195 0.011521739130434782
3 0.35788863109048724 0.5108695652173914 0.012761020881670533 0.010434782608695653
3 0.4798433874709977 0.5884782608695652 0.01769141531322506 0.01608695652173913
8 0.1818445475638051 0.8919565217391304 0.0191415313225058 0.018695652173913044
6 0.28523781902552203 0.8881521739130435 0.006670533642691415 0.005
6 0.2697215777262181 0.8944565217391305 0.004060324825986079 0.004130434782608695
1 0.2523201856148492 0.9007608695652174 0.00580046403712297 0.004565217391304348
6 0.27262180974477956 0.6584782608695652 0.008700696055684454 0.004347826086956522
6 0.2588457076566125 0.5623913043478261 0.007250580046403712 0.006956521739130435
6 0.2681264501160093 0.5593478260869565 0.010730858468677494 0.009130434782608696
6 0.2354988399071926 0.5507608695652174 0.009280742459396751 0.007173913043478261
3 0.7340487238979119 0.4707608695652174 0.009860788863109048 0.012391304347826086
3 0.5462587006960556 0.37423913043478263 0.01131090487238979 0.009347826086956522
0 0.3238109048723898 0.13717391304347826 0.010730858468677494 0.009565217391304347
1 0.3705046403712297 0.5634782608695652 0.012470997679814385 0.010434782608695653
1 0.3439675174013921 0.5442391304347826 0.00580046403712297 0.006739130434782609
1 0.36049883990719256 0.558804347826087 0.008700696055684454 0.006739130434782609
7 0.2727668213457077 0.6183695652173913 0.01943155452436195 0.01108695652173913
1 0.17589907192575405 0.3232608695652174 0.010730858468677494 0.008695652173913044
1 0.16574825986078887 0.3347826086956522 0.011890951276102088 0.008695652173913044
1 0.17531902552204176 0.3432608695652174 0.008990719257540603 0.0052173913043478265
8 0.29509860788863107 0.5764130434782608 0.0095707656612529 0.008043478260869565
8 0.31395011600928074 0.5916304347826087 0.010150812064965197 0.007608695652173913
1 0.3622389791183295 0.7268478260869565 0.004640371229698376 0.0036956521739130435
1 0.4032772621809745 0.7329347826086956 0.006670533642691415 0.004565217391304348
8 0.22998839907192575 0.9004347826086957 0.01160092807424594 0.010434782608695653
1 0.5928074245939675 0.353695652173913 0.0069605568445475635 0.004782608695652174
1 0.6928654292343387 0.3075 0.004640371229698376 0.003260869565217391
0 0.6020881670533643 0.6396739130434783 0.025522041763341066 0.012391304347826086
1 0.5424883990719258 0.7265217391304348 0.004350348027842227 0.0034782608695652175
2 0.38036542923433875 0.8005434782608696 0.020011600928074247 0.009782608695652175
1 0.07221577726218098 0.6333695652173913 0.0069605568445475635 0.005
1 0.328161252900232 0.5459782608695652 0.007830626450116009 0.004565217391304348
1 0.3336716937354988 0.5501086956521739 0.007250580046403712 0.004130434782608695
8 0.2437645011600928 0.5689130434782609 0.004350348027842227 0.005652173913043478
1 0.20910672853828308 0.8979347826086956 0.0069605568445475635 0.006739130434782609
1 0.12122969837587007 0.18989130434782608 0.0069605568445475635 0.004565217391304348
6 0.25319025522041766 0.7341304347826086 0.005220417633410673 0.004782608695652174
6 0.27624709976798145 0.6710869565217391 0.004930394431554524 0.00391304347826087
6 0.3716647331786543 0.1973913043478261 0.004350348027842227 0.00391304347826087
6 0.43764501160092806 0.20891304347826087 0.004640371229698376 0.0034782608695652175
0 0.314385150812065 0.22793478260869565 0.02262180974477958 0.01847826086956522