5 0.3850703324808184 0.32630064732678016 0.10326086956521739 0.06329417405897866
9 0.5676150895140665 0.3597458643011268 0.013746803069053709 0.010309278350515464
8 0.30514705882352944 0.22812275233756893 0.039322250639386186 0.024214816590745626
8 0.5449168797953964 0.2921361783744905 0.031010230179028132 0.017022296811316232
8 0.4782608695652174 0.24334691920402782 0.027493606138107418 0.021098058019659555
8 0.4942455242966752 0.169983217453848 0.021099744245524295 0.016782546152001917
8 0.5434782608695652 0.13977463438024454 0.015345268542199489 0.009590026372572525
6 0.4673913043478261 0.1303044833373292 0.00639386189258312 0.004075761208343323
1 0.2648657289002558 0.12347158954687125 0.006074168797953964 0.004795013186286262
1 0.2538363171355499 0.11088467993286981 0.005115089514066497 0.004555262526971949
1 0.3593350383631714 0.11040517861424119 0.004475703324808184 0.0035962598897146965
1 0.34718670076726343 0.10129465356029729 0.005115089514066497 0.0031167585710860706
8 0.5431585677749361 0.13066410932630065 0.011508951406649617 0.007672021098058019
8 0.7925191815856778 0.1829297530568209 0.023017902813299233 0.0201390553824023
8 0.7595907928388747 0.10908654998801247 0.015345268542199489 0.008151522416686647
8 0.5541879795396419 0.06689043394869336 0.01694373401534527 0.012467034284344283
1 0.3195332480818414 0.1095660513066411 0.00479539641943734 0.005274514504914889
8 0.4202365728900256 0.24898105969791418 0.013746803069053709 0.009829777031886838
6 0.351502557544757 0.46116039319108126 0.011828644501278773 0.010788779669144091
1 0.5305306905370843 0.4170462718772477 0.006074168797953964 0.004075761208343323
1 0.48801150895140666 0.4591225125869096 0.005434782608695652 0.0028770079117717575
9 0.4398976982097187 0.5266123231838887 0.014066496163682864 0.012706784943658594
6 0.49328644501278773 0.4690721649484536 0.00959079283887468 0.005034763845600575
8 0.5354859335038363 0.5369216015344043 0.012148337595907928 0.007432270438743707
8 0.5441176470588235 0.5726444497722368 0.015345268542199489 0.009350275713258211
1 0.5391624040920716 0.523735315272117 0.008631713554987212 0.005993766482857828
1 0.5015984654731458 0.5272116998321745 0.008312020460358057 0.004315511867657636
0 0.5717710997442456 0.4260369216015344 0.013746803069053709 0.005754015823543515
1 0.5123081841432225 0.43670582594102136 0.006074168797953964 0.004555262526971949
0 0.44101662404092073 0.4412610884679933 0.0041560102301790285 0.0035962598897146965
8 0.30994245524296676 0.5614960441141214 0.013746803069053709 0.011028530328458403
9 0.2985933503836317 0.5777990889474947 0.010230179028132993 0.008631023735315272
3 0.10917519181585678 0.4230400383601055 0.01118925831202046 0.009350275713258211
1 0.08343989769820973 0.3995444737473028 0.0038363171355498722 0.0035962598897146965
1 0.048273657289002556 0.40326060896667465 0.005115089514066497 0.0028770079117717575
8 0.11956521739130435 0.2140973387676816 0.010869565217391304 0.006713018460800768
0 0.09430946291560102 0.21505634140493887 0.0038363171355498722 0.005274514504914889
1 0.056425831202046035 0.19647566530807958 0.00479539641943734 0.005034763845600575
1 0.039322250639386186 0.1947974106928794 0.0025575447570332483 0.0035962598897146965
6 0.23289641943734016 0.5057540158235435 0.008631713554987212 0.005034763845600575
0 0.5794437340153452 0.7156557180532247 0.012468030690537084 0.01006952769120115
0 0.5391624040920716 0.7161352193718533 0.011828644501278773 0.005274514504914889
0 0.4947250639386189 0.6713018460800767 0.013107416879795396 0.012946535602972908
1 0.5207800511508951 0.6505634140493887 0.005754475703324808 0.005514265164229201
8 0.3523017902813299 0.5975785183409255 0.012148337595907928 0.008391273076000958
6 0.43558184143222506 0.49316710620954207 0.006713554987212276 0.0038360105490290097
8 0.4664322250639386 0.5833133541117238 0.008312020460358057 0.004795013186286262
0 0.5019181585677749 0.6499640374011029 0.008312020460358057 0.005274514504914889
0 0.48289641943734013 0.6642292016303045 0.006074168797953964 0.006473267801486454
8 0.5236572890025576 0.7021098058019659 0.00639386189258312 0.004075761208343323
0 0.4833759590792839 0.6782546152001918 0.004475703324808184 0.006233517142172141
0 0.47474424552429667 0.6482857827859027 0.00319693094629156 0.005754015823543515
8 0.43062659846547313 0.7136178374490529 0.008951406649616368 0.00695276912011508
1 0.30179028132992325 0.6335411172380724 0.012148337595907928 0.006473267801486454
8 0.23353580562659845 0.6210740829537281 0.02014066496163683 0.0146247902181731
0 0.09111253196930946 0.6316231119635579 0.008951406649616368 0.010788779669144091
0 0.15297314578005114 0.7214097338767682 0.015664961636828643 0.010549029009829777
8 0.1235613810741688 0.7228482378326541 0.011828644501278773 0.01150803164708703
8 0.1285166240409207 0.7939343083193479 0.015345268542199489 0.011268280987772716
8 0.2237851662404092 0.8879165667705586 0.04156010230179028 0.01989930472308799
9 0.6213235294117647 0.6419323903140733 0.018861892583120203 0.012706784943658594
9 0.6951726342710998 0.49232797890194196 0.013107416879795396 0.00695276912011508
8 0.06457800511508952 0.7132582114600815 0.015345268542199489 0.009590026372572525
8 0.09430946291560102 0.73735315272117 0.017263427109974423 0.010309278350515464
8 0.204923273657289 0.6511627906976745 0.020460358056265986 0.007192519779429393
0 0.09494884910485933 0.5724046991129226 0.00639386189258312 0.007911771757372333
8 0.23529411764705882 0.7366339007432271 0.015345268542199489 0.008391273076000958
8 0.27221867007672634 0.8735315272116998 0.015025575447570333 0.008870774394629586
8 0.40153452685422 0.8585471110045553 0.0159846547314578 0.007192519779429393
8 0.7141943734015346 0.8623831215535843 0.02877237851662404 0.027331575161831694
8 0.6867007672634271 0.8175497482618077 0.017263427109974423 0.015344042196116039
8 0.7111572890025576 0.7759530088707743 0.018861892583120203 0.010309278350515464
8 0.8700447570332481 0.7789498921122033 0.01438618925831202 0.015344042196116039
9 0.8097826086956522 0.6813713737712779 0.02557544757033248 0.015344042196116039
8 0.8945012787723785 0.718292975305682 0.012148337595907928 0.014385039558858786
8 0.967391304347826 0.6542795492687605 0.014066496163682864 0.026372572524574443
9 0.9454923273657289 0.5304483337329178 0.01118925831202046 0.008391273076000958
4 0.9763427109974424 0.4039798609446176 0.0076726342710997444 0.007192519779429393
8 0.46195652173913043 0.21769359865739632 0.01278772378516624 0.006713018460800768
6 0.27365728900255754 0.20187005514265163 0.0076726342710997444 0.004795013186286262
1 0.2921994884910486 0.18808439223207865 0.0038363171355498722 0.0026372572524574443
6 0.3430306905370844 0.20786382162550948 0.007033248081841432 0.004795013186286262
0 0.4395780051150895 0.20246943179093743 0.0076726342710997444 0.009350275713258211
0 0.45652173913043476 0.1884440182210501 0.004475703324808184 0.007672021098058019
6 0.6619245524296675 0.13965475905058738 0.00479539641943734 0.0035962598897146965
0 0.44165601023017903 0.16542795492687604 0.016304347826086956 0.010549029009829777
9 0.6449808184143222 0.6323423639415008 0.009910485933503837 0.005993766482857828
9 0.673113810741688 0.6119635578997842 0.010549872122762148 0.007432270438743707
8 0.944693094629156 0.5666506832893791 0.010869565217391304 0.010788779669144091
8 0.9515664961636828 0.594941261088468 0.012468030690537084 0.012706784943658594
8 0.5725703324808185 0.8627427475425558 0.008951406649616368 0.007911771757372333
1 0.4811381074168798 0.8987053464397027 0.004475703324808184 0.004075761208343323
8 0.23097826086956522 0.9102133780867897 0.016304347826086956 0.011268280987772716
8 0.8222506393861893 0.8362502996883241 0.014066496163682864 0.009110525053943897
2 0.3328005115089514 0.5155837928554303 0.04603580562659847 0.029009829777031888
2 0.4624360613810742 0.8550707264444978 0.008631713554987212 0.0035962598897146965
2 0.4750639386189258 0.9213617837449053 0.00959079283887468 0.006713018460800768
0 0.34702685421994883 0.8977463438024454 0.007352941176470588 0.005034763845600575
6 0.5652173913043478 0.9259170462718772 0.005754475703324808 0.005274514504914889
6 0.4820971867007673 0.49796211939582835 0.010230179028132993 0.007192519779429393
6 0.584079283887468 0.4470151042915368 0.00639386189258312 0.005514265164229201
6 0.38475063938618925 0.4539678734116519 0.006074168797953964 0.004075761208343323
6 0.38938618925831203 0.43550707264444977 0.00639386189258312 0.004555262526971949
8 0.6763107416879796 0.08451210740829537 0.016304347826086956 0.010788779669144091
2 0.5682544757033248 0.31407336370175015 0.021419437340153454 0.008151522416686647
9 0.4768222506393862 0.31587149364660755 0.0079923273657289 0.006473267801486454
6 0.5628196930946292 0.4160872692399904 0.003516624040920716 0.0035962598897146965
6 0.5092710997442456 0.5555022776312635 0.00959079283887468 0.007672021098058019
0 0.13331202046035806 0.6567969311915608 0.013427109974424553 0.013186286262287222
9 0.15872762148337596 0.8529129705106689 0.013746803069053709 0.011268280987772716
5 0.19309462915601022 0.8531527211699832 0.052429667519181586 0.04339486933589067
8 0.6785485933503836 0.9230400383601055 0.01438618925831202 0.009110525053943897
8 0.7161125319693095 0.7993286981539199 0.011508951406649617 0.007672021098058019
9 0.6775895140664961 0.5737233277391512 0.006713554987212276 0.006233517142172141
9 0.6664002557544757 0.5730040757612084 0.007352941176470588 0.005754015823543515
6 0.3796355498721228 0.12287221289858546 0.006074168797953964 0.004075761208343323
6 0.33455882352941174 0.14696715415967393 0.006074168797953964 0.004315511867657636
6 0.47762148337595906 0.16590745624550468 0.005754475703324808 0.0038360105490290097
0 0.5292519181585678 0.20690481898825222 0.010549872122762148 0.01150803164708703
8 0.6408248081841432 0.1515224166866459 0.011828644501278773 0.008151522416686647
8 0.9087276214833759 0.81323423639415 0.009910485933503837 0.01006952769120115
8 0.8908248081841432 0.8197075041956365 0.013107416879795396 0.010549029009829777
2 0.46179667519181583 0.9151282666027332 0.010549872122762148 0.01006952769120115
1 0.7426470588235294 0.5414768640613762 0.005754475703324808 0.004555262526971949
0 0.1817455242966752 0.21949172860225366 0.0079923273657289 0.008870774394629586
6 0.31122122762148335 0.14037401102853034 0.009271099744245524 0.007432270438743707
1 0.542039641943734 0.3379285543035243 0.007352941176470588 0.005034763845600575
6 0.41544117647058826 0.4052984895708463 0.00479539641943734 0.004075761208343323
8 0.4843350383631714 0.5598177894989211 0.010869565217391304 0.007192519779429393
1 0.3000319693094629 0.4845360824742268 0.006713554987212276 0.004315511867657636
0 0.27285805626598464 0.5261328218652601 0.009910485933503837 0.00695276912011508
0 0.582960358056266 0.43946295852313594 0.008631713554987212 0.005274514504914889
0 0.5978260869565217 0.9093742507791897 0.015345268542199489 0.008151522416686647
8 0.04475703324808184 0.7524574442579717 0.013427109974424553 0.020378806041716616
8 0.37324168797953966 0.6595540637736754 0.00479539641943734 0.004795013186286262
0 0.056425831202046035 0.5835531047710382 0.010549872122762148 0.008631023735315272
0 0.06281969309462916 0.6021337808678974 0.012468030690537084 0.017022296811316232
0 0.2666240409207161 0.5632941740589786 0.023017902813299233 0.012227283625029969
9 0.30898337595907927 0.541356988731719 0.0079923273657289 0.007672021098058019
9 0.32017263427109977 0.16039319108127548 0.007352941176470588 0.007192519779429393
8 0.5572250639386189 0.2555742028290578 0.026214833759590793 0.022057060656916806
8 0.9037723785166241 0.2055861903620235 0.013427109974424553 0.011268280987772716
6 0.5917519181585678 0.4480939822584512 0.005115089514066497 0.0038360105490290097
9 0.5123081841432225 0.6946775353632223 0.01438618925831202 0.010788779669144091
9 0.7742966751918159 0.7766722608487173 0.0159846547314578 0.013186286262287222