4 0.6222447795823666 0.23554347826086958 0.024071925754060326 0.020652173913043477
4 0.4521461716937355 0.3105434782608696 0.019721577726218097 0.011956521739130435
4 0.7730568445475638 0.2490217391304348 0.011890951276102088 0.013260869565217392
4 0.9234338747099768 0.25228260869565217 0.008120649651972157 0.013260869565217392
4 0.857308584686775 0.36369565217391303 0.013921113689095127 0.01
4 0.777262180974478 0.5930434782608696 0.02088167053364269 0.018695652173913044
8 0.6696635730858469 0.648804347826087 0.027842227378190254 0.01847826086956522
9 0.15168213457076565 0.6333695652173913 0.01160092807424594 0.008913043478260869
8 0.12529002320185614 0.8072826086956522 0.012180974477958236 0.013260869565217392
4 0.07642111368909513 0.7951086956521739 0.014791183294663572 0.020652173913043477
9 0.18720997679814386 0.7593478260869565 0.013051044083526682 0.00782608695652174
8 0.21896751740139211 0.6872826086956522 0.0075406032482598605 0.008043478260869565
9 0.2849477958236659 0.8721739130434782 0.017111368909512762 0.01391304347826087
9 0.7501450116009281 0.8652173913043478 0.010150812064965197 0.007391304347826087
8 0.8175754060324826 0.8132608695652174 0.008120649651972157 0.00826086956521739
9 0.6392111368909513 0.5454347826086956 0.012761020881670533 0.01
3 0.8955916473317865 0.5189130434782608 0.016821345707656612 0.01217391304347826
3 0.9499709976798144 0.513804347826087 0.014211136890951276 0.01847826086956522
3 0.8577436194895591 0.40869565217391307 0.01131090487238979 0.009565217391304347
3 0.8751450116009281 0.4078260869565217 0.008990719257540603 0.013478260869565217
9 0.5535092807424594 0.42336956521739133 0.016531322505800465 0.01108695652173913
9 0.5510440835266821 0.4317391304347826 0.010440835266821345 0.00826086956521739
9 0.5404582366589327 0.44021739130434784 0.01131090487238979 0.00826086956521739
3 0.0669953596287703 0.44804347826086954 0.011020881670533642 0.02
3 0.1396461716937355 0.49478260869565216 0.014211136890951276 0.009130434782608696
3 0.07062064965197216 0.4990217391304348 0.008410672853828306 0.008478260869565218
3 0.06554524361948956 0.5096739130434783 0.013921113689095127 0.01108695652173913
3 0.11267401392111369 0.4985869565217391 0.025812064965197216 0.015434782608695652
3 0.13602088167053364 0.5151086956521739 0.009860788863109048 0.010652173913043479
3 0.12645011600928074 0.5257608695652174 0.015661252900232018 0.017608695652173913
9 0.29698375870069604 0.576304347826087 0.016241299303944315 0.01217391304347826
8 0.2302784222737819 0.6065217391304348 0.010440835266821345 0.006956521739130435
2 0.519431554524362 0.8622826086956522 0.015661252900232018 0.007608695652173913
4 0.28364269141531323 0.9401086956521739 0.017981438515081206 0.016304347826086956
4 0.7821925754060325 0.7578260869565218 0.012761020881670533 0.013043478260869565
1 0.7916183294663574 0.7620652173913044 0.006670533642691415 0.004565217391304348
9 0.8287412993039444 0.7578260869565218 0.008410672853828306 0.00782608695652174
9 0.5896171693735499 0.47402173913043477 0.009280742459396751 0.012391304347826086
9 0.5774361948955916 0.4733695652173913 0.008120649651972157 0.008478260869565218
8 0.6380510440835266 0.3422826086956522 0.014501160092807424 0.014565217391304348
9 0.6255800464037123 0.3998913043478261 0.012180974477958236 0.010652173913043479
9 0.4016821345707657 0.1257608695652174 0.009280742459396751 0.007608695652173913
9 0.9663573085846868 0.3984782608695652 0.00580046403712297 0.009130434782608696
9 0.45533642691415316 0.8775 0.009280742459396751 0.006739130434782609
9 0.4763631090487239 0.8757608695652174 0.008410672853828306 0.006739130434782609
1 0.36339907192575405 0.8935869565217391 0.0063805104408352666 0.005
1 0.37543503480278423 0.8831521739130435 0.004930394431554524 0.005
1 0.39602668213457076 0.891195652173913 0.0031902552204176333 0.0036956521739130435
8 0.4025522041763341 0.8860869565217391 0.011020881670533642 0.008695652173913044
9 0.46606728538283065 0.926304347826087 0.010440835266821345 0.00608695652173913
9 0.5288573085846868 0.8902173913043478 0.006670533642691415 0.00608695652173913
4 0.6448665893271461 0.933804347826087 0.010150812064965197 0.01108695652173913
4 0.7046113689095128 0.9365217391304348 0.014791183294663572 0.015217391304347827
3 0.14501160092807425 0.4002173913043478 0.015081206496519721 0.014347826086956521
3 0.30553944315545245 0.4166304347826087 0.01537122969837587 0.012826086956521739
8 0.5536542923433875 0.4479347826086956 0.012761020881670533 0.01108695652173913
9 0.6499419953596288 0.5360869565217391 0.009860788863109048 0.00826086956521739
3 0.8325116009280742 0.5261956521739131 0.018271461716937356 0.009782608695652175
1 0.8229408352668214 0.6134782608695653 0.007830626450116009 0.0052173913043478265
1 0.7672563805104409 0.6490217391304348 0.006090487238979118 0.005
1 0.7021461716937355 0.738804347826087 0.009860788863109048 0.007173913043478261
1 0.3236658932714617 0.7188043478260869 0.009280742459396751 0.007608695652173913
1 0.3486078886310905 0.7157608695652173 0.0063805104408352666 0.005
1 0.24564965197215777 0.7264130434782609 0.008120649651972157 0.007173913043478261
3 0.028857308584686776 0.523804347826087 0.008990719257540603 0.01108695652173913
3 0.05191415313225058 0.5253260869565217 0.024361948955916472 0.02326086956521739
1 0.318300464037123 0.5733695652173914 0.010730858468677494 0.008478260869565218
1 0.3884860788863109 0.5533695652173913 0.007830626450116009 0.005434782608695652
1 0.6625580046403712 0.5827173913043479 0.008410672853828306 0.005434782608695652
1 0.6821345707656613 0.5566304347826087 0.011020881670533642 0.008478260869565218
1 0.6248549883990719 0.5067391304347826 0.008410672853828306 0.00608695652173913
3 0.8635440835266821 0.5618478260869565 0.014791183294663572 0.011521739130434782
1 0.8357018561484919 0.6594565217391304 0.006670533642691415 0.005434782608695652
1 0.6838747099767981 0.8475 0.0063805104408352666 0.005869565217391304
1 0.634715777262181 0.8610869565217392 0.007250580046403712 0.004782608695652174
1 0.5923723897911833 0.9028260869565218 0.005510440835266821 0.004347826086956522
1 0.5452436194895591 0.09217391304347826 0.00580046403712297 0.004782608695652174
9 0.5221867749419954 0.74 0.007250580046403712 0.004347826086956522
9 0.47041763341067283 0.75 0.010440835266821345 0.007391304347826087
1 0.2394141531322506 0.8540217391304348 0.008410672853828306 0.005434782608695652
3 0.06888051044083526 0.6897826086956522 0.008990719257540603 0.014782608695652174
3 0.9076276102088167 0.5418478260869565 0.008990719257540603 0.008478260869565218
9 0.5562645011600929 0.3123913043478261 0.014501160092807424 0.01
1 0.656177494199536 0.2723913043478261 0.010150812064965197 0.009565217391304347
9 0.5211716937354989 0.3216304347826087 0.012180974477958236 0.009782608695652175
1 0.49956496519721577 0.3515217391304348 0.014211136890951276 0.010869565217391304
0 0.04698375870069606 0.37130434782608696 0.008700696055684454 0.017826086956521738
0 0.06206496519721578 0.3615217391304348 0.01740139211136891 0.03608695652173913
0 0.043068445475638054 0.33217391304347826 0.010150812064965197 0.018260869565217393
8 0.6071635730858469 0.3841304347826087 0.0095707656612529 0.00826086956521739
1 0.5829466357308585 0.4006521739130435 0.008120649651972157 0.00608695652173913
0 0.9330046403712297 0.6108695652173913 0.008700696055684454 0.009130434782608696
6 0.4037122969837587 0.07978260869565218 0.0069605568445475635 0.004347826086956522
6 0.4037122969837587 0.26032608695652176 0.009280742459396751 0.006739130434782609
1 0.5342227378190255 0.34891304347826085 0.00580046403712297 0.004347826086956522
1 0.5555394431554525 0.36141304347826086 0.007250580046403712 0.004565217391304348
1 0.4572215777262181 0.3779347826086957 0.007250580046403712 0.005434782608695652
1 0.5772911832946636 0.43521739130434783 0.006090487238979118 0.004347826086956522
1 0.423868909512761 0.5620652173913043 0.008410672853828306 0.005434782608695652
0 0.41183294663573083 0.5919565217391304 0.02262180974477958 0.016956521739130436
8 0.2415893271461717 0.9415217391304348 0.011020881670533642 0.006956521739130435
8 0.11890951276102088 0.6306521739130435 0.011020881670533642 0.00782608695652174
1 0.15864269141531323 0.585 0.0069605568445475635 0.00391304347826087
1 0.15472737819025523 0.5688043478260869 0.007250580046403712 0.004130434782608695
6 0.21838747099767983 0.581195652173913 0.005220417633410673 0.004130434782608695
1 0.18488979118329466 0.571304347826087 0.007830626450116009 0.004782608695652174
0 0.3977668213457077 0.2516304347826087 0.017111368909512762 0.008913043478260869
1 0.7096867749419954 0.16065217391304348 0.0075406032482598605 0.005652173913043478
1 0.6969257540603249 0.22652173913043477 0.008700696055684454 0.00782608695652174
1 0.6851798143851509 0.36978260869565216 0.008990719257540603 0.00782608695652174
1 0.5655452436194895 0.37021739130434783 0.01160092807424594 0.00826086956521739
1 0.570185614849188 0.4494565217391304 0.005220417633410673 0.005434782608695652
8 0.142546403712297 0.7832608695652173 0.0095707656612529 0.00782608695652174
1 0.228538283062645 0.5176086956521739 0.0075406032482598605 0.0052173913043478265
1 0.6988109048723898 0.16826086956521738 0.0095707656612529 0.005652173913043478
1 0.7331786542923434 0.26065217391304346 0.008700696055684454 0.00782608695652174
1 0.6061484918793504 0.4339130434782609 0.0063805104408352666 0.0052173913043478265
1 0.43662993039443154 0.41130434782608694 0.007250580046403712 0.004782608695652174
1 0.5578596287703016 0.495 0.008410672853828306 0.006521739130434782
1 0.43720997679814383 0.5369565217391304 0.006090487238979118 0.0052173913043478265
1 0.4408352668213457 0.5433695652173913 0.008120649651972157 0.005869565217391304
1 0.5846867749419954 0.9157608695652174 0.005220417633410673 0.003260869565217391
1 0.5355278422273781 0.9265217391304348 0.0037703016241299302 0.0026086956521739132
1 0.6802494199535963 0.7513043478260869 0.006090487238979118 0.00391304347826087
1 0.6637180974477959 0.755 0.004930394431554524 0.00391304347826087