9 0.22389791183294663 0.6968478260869565 0.012761020881670533 0.008913043478260869
9 0.4984048723897912 0.928804347826087 0.01131090487238979 0.007608695652173913
9 0.6194895591647331 0.8514130434782609 0.012761020881670533 0.008913043478260869
9 0.7565255220417634 0.7832608695652173 0.008410672853828306 0.005652173913043478
9 0.851508120649652 0.1842391304347826 0.013921113689095127 0.013260869565217392
9 0.7263631090487239 0.19054347826086956 0.01769141531322506 0.009782608695652175
9 0.826276102088167 0.2008695652173913 0.011020881670533642 0.00782608695652174
9 0.4499709976798144 0.09510869565217392 0.010730858468677494 0.005869565217391304
9 0.43895011600928074 0.09239130434782608 0.007830626450116009 0.0052173913043478265
9 0.2381090487238979 0.12956521739130436 0.01160092807424594 0.00826086956521739
9 0.2105568445475638 0.185 0.016241299303944315 0.010869565217391304
9 0.11049883990719257 0.16641304347826086 0.01334106728538283 0.011521739130434782
9 0.5242169373549884 0.06282608695652174 0.006090487238979118 0.004782608695652174
9 0.42038863109048724 0.050869565217391305 0.008410672853828306 0.004782608695652174
9 0.622969837587007 0.20608695652173914 0.009860788863109048 0.00826086956521739
8 0.8545533642691415 0.24695652173913044 0.010150812064965197 0.007391304347826087
8 0.7354988399071926 0.17771739130434783 0.012761020881670533 0.007608695652173913
1 0.7044663573085846 0.23141304347826086 0.008120649651972157 0.005
8 0.7758120649651972 0.14282608695652174 0.008700696055684454 0.00782608695652174
8 0.7399941995359629 0.11673913043478261 0.008410672853828306 0.005652173913043478
8 0.7399941995359629 0.1082608695652174 0.007250580046403712 0.00608695652173913
8 0.8406322505800464 0.05217391304347826 0.007830626450116009 0.00608695652173913
8 0.8342517401392111 0.042065217391304345 0.005510440835266821 0.005
1 0.580046403712297 0.20206521739130434 0.005220417633410673 0.005
1 0.5944025522041764 0.2048913043478261 0.004350348027842227 0.002826086956521739
1 0.6078886310904872 0.20967391304347827 0.004060324825986079 0.002826086956521739
1 0.574245939675174 0.23565217391304347 0.004640371229698376 0.003043478260869565
1 0.5340777262180975 0.16478260869565217 0.006670533642691415 0.004347826086956522
8 0.5658352668213457 0.13293478260869565 0.0075406032482598605 0.004565217391304348
8 0.5362529002320185 0.12728260869565217 0.0069605568445475635 0.006304347826086957
9 0.4944895591647332 0.10358695652173913 0.008700696055684454 0.005
8 0.478538283062645 0.12565217391304348 0.0063805104408352666 0.0052173913043478265
8 0.48680394431554525 0.1259782608695652 0.006670533642691415 0.005434782608695652
8 0.509715777262181 0.13271739130434781 0.007250580046403712 0.005434782608695652
8 0.45258120649651973 0.15 0.006090487238979118 0.004347826086956522
8 0.5055104408352669 0.2 0.0069605568445475635 0.006956521739130435
9 0.232453596287703 0.15608695652173912 0.0095707656612529 0.00782608695652174
9 0.19054524361948955 0.04684782608695652 0.009280742459396751 0.005869565217391304
8 0.30060904872389793 0.0758695652173913 0.006670533642691415 0.0034782608695652175
1 0.433584686774942 0.06108695652173913 0.004640371229698376 0.0026086956521739132
1 0.3974767981438515 0.0908695652173913 0.004930394431554524 0.0034782608695652175
1 0.4421403712296984 0.12195652173913044 0.0037703016241299302 0.003043478260869565
8 0.3805104408352668 0.14228260869565218 0.0063805104408352666 0.005
8 0.44968097447795824 0.12380434782608696 0.004930394431554524 0.002826086956521739
1 0.3412122969837587 0.07673913043478262 0.004930394431554524 0.0026086956521739132
8 0.5153712296983759 0.08565217391304347 0.00580046403712297 0.00608695652173913
8 0.5298723897911833 0.12184782608695652 0.0063805104408352666 0.005869565217391304
8 0.5635150812064965 0.09782608695652174 0.010440835266821345 0.00782608695652174
8 0.5796113689095128 0.051304347826086956 0.0037703016241299302 0.00391304347826087
9 0.5549593967517401 0.3925 0.006670533642691415 0.007173913043478261
1 0.5442285382830626 0.3847826086956522 0.006670533642691415 0.004347826086956522
9 0.49637470997679817 0.3143478260869565 0.007830626450116009 0.005652173913043478
9 0.5342227378190255 0.31923913043478264 0.00580046403712297 0.004130434782608695
8 0.48158352668213456 0.3023913043478261 0.010150812064965197 0.00608695652173913
1 0.4644721577726218 0.3582608695652174 0.004350348027842227 0.003043478260869565
9 0.5426334106728539 0.35434782608695653 0.008700696055684454 0.004782608695652174
8 0.5185614849187935 0.35934782608695653 0.0069605568445475635 0.005652173913043478
8 0.5226218097447796 0.47152173913043477 0.01160092807424594 0.007391304347826087
9 0.509715777262181 0.49684782608695655 0.005510440835266821 0.005
8 0.3806554524361949 0.5422826086956521 0.005510440835266821 0.003260869565217391
8 0.4193735498839907 0.6518478260869566 0.012761020881670533 0.010217391304347826
8 0.353538283062645 0.5335869565217392 0.009860788863109048 0.010217391304347826
8 0.3693445475638051 0.5281521739130435 0.010730858468677494 0.008043478260869565
1 0.310614849187935 0.5178260869565218 0.0069605568445475635 0.004782608695652174
8 0.20055104408352667 0.5303260869565217 0.007250580046403712 0.004130434782608695
8 0.16734338747099767 0.49728260869565216 0.0075406032482598605 0.005434782608695652
8 0.1525522041763341 0.551304347826087 0.0063805104408352666 0.004782608695652174
8 0.13645591647331787 0.5575 0.0095707656612529 0.005
1 0.2296983758700696 0.5993478260869565 0.009860788863109048 0.006521739130434782
1 0.14196635730858467 0.4532608695652174 0.004930394431554524 0.0034782608695652175
1 0.16009280742459397 0.45413043478260867 0.0034802784222737818 0.0026086956521739132
3 0.136745939675174 0.4351086956521739 0.007830626450116009 0.005869565217391304
8 0.0726508120649652 0.3575 0.005510440835266821 0.004130434782608695
8 0.0433584686774942 0.3620652173913044 0.006090487238979118 0.005434782608695652
8 0.09280742459396751 0.3723913043478261 0.0063805104408352666 0.004347826086956522
8 0.1318155452436195 0.5323913043478261 0.007250580046403712 0.0052173913043478265
8 0.08425174013921113 0.4722826086956522 0.005510440835266821 0.004565217391304348
1 0.16574825986078887 0.566195652173913 0.0037703016241299302 0.003260869565217391
1 0.29292343387471 0.48228260869565215 0.005220417633410673 0.005434782608695652
1 0.2640661252900232 0.48097826086956524 0.006670533642691415 0.003260869565217391
1 0.25435034802784223 0.5190217391304348 0.004640371229698376 0.003260869565217391
1 0.2882830626450116 0.5371739130434783 0.008120649651972157 0.00391304347826087
0 0.347592807424594 0.6140217391304348 0.010730858468677494 0.006739130434782609
0 0.3383120649651972 0.6046739130434783 0.01131090487238979 0.009347826086956522
1 0.3329466357308585 0.5058695652173913 0.004640371229698376 0.00391304347826087
1 0.36020881670533644 0.44804347826086954 0.0034802784222737818 0.0034782608695652175
1 0.21215197215777262 0.3546739130434783 0.005510440835266821 0.005434782608695652
9 0.5984628770301624 0.696304347826087 0.010150812064965197 0.00782608695652174
8 0.5452436194895591 0.6714130434782609 0.00580046403712297 0.005869565217391304
8 0.5595997679814385 0.6829347826086957 0.0095707656612529 0.006304347826086957
9 0.6550174013921114 0.8485869565217391 0.008990719257540603 0.007173913043478261
1 0.6554524361948956 0.8657608695652174 0.00580046403712297 0.004130434782608695
8 0.29422853828306267 0.8407608695652173 0.011890951276102088 0.008478260869565218
1 0.32076566125290024 0.8055434782608696 0.004640371229698376 0.004565217391304348
1 0.2746519721577726 0.8342391304347826 0.005220417633410673 0.0036956521739130435
1 0.31177494199535966 0.9235869565217392 0.005220417633410673 0.005
8 0.25986078886310904 0.9027173913043478 0.008700696055684454 0.007608695652173913
8 0.17430394431554525 0.7802173913043479 0.008700696055684454 0.006956521739130435
8 0.18735498839907191 0.7742391304347827 0.008700696055684454 0.005869565217391304
9 0.781322505800464 0.7693478260869565 0.009860788863109048 0.008695652173913044
1 0.7163573085846868 0.7075 0.009280742459396751 0.006739130434782609
1 0.7339037122969838 0.6906521739130435 0.006090487238979118 0.0052173913043478265
9 0.6825696055684455 0.5589130434782609 0.007830626450116009 0.005652173913043478
9 0.7415893271461717 0.5632608695652174 0.009860788863109048 0.009565217391304347
9 0.7022911832946636 0.5988043478260869 0.007830626450116009 0.007608695652173913
8 0.605568445475638 0.5371739130434783 0.0069605568445475635 0.00782608695652174
8 0.5588747099767981 0.5163043478260869 0.008700696055684454 0.00782608695652174
8 0.572215777262181 0.5227173913043478 0.01160092807424594 0.006304347826086957
8 0.5988979118329466 0.5397826086956522 0.0069605568445475635 0.00608695652173913
8 0.5935324825986079 0.5422826086956521 0.005510440835266821 0.004130434782608695
8 0.5967227378190255 0.5452173913043479 0.007250580046403712 0.0034782608695652175
8 0.6555974477958236 0.5191304347826087 0.006090487238979118 0.004782608695652174
1 0.6786542923433875 0.5165217391304348 0.004640371229698376 0.003043478260869565
1 0.6931554524361949 0.4880434782608696 0.0069605568445475635 0.0052173913043478265
1 0.7040313225058005 0.5470652173913043 0.004930394431554524 0.005434782608695652
1 0.7230278422273781 0.5555434782608696 0.00580046403712297 0.005434782608695652
1 0.7041763341067285 0.5852173913043478 0.005220417633410673 0.00391304347826087
8 0.714907192575406 0.5660869565217391 0.0063805104408352666 0.0052173913043478265
1 0.8161252900232019 0.5455434782608696 0.004060324825986079 0.0036956521739130435
1 0.8129350348027842 0.5339130434782609 0.0034802784222737818 0.003043478260869565
1 0.7337587006960556 0.4776086956521739 0.0034802784222737818 0.0026086956521739132
1 0.8246809744779582 0.3760869565217391 0.005510440835266821 0.00391304347826087
1 0.6983758700696056 0.375 0.00580046403712297 0.005652173913043478
3 0.7080916473317865 0.44565217391304346 0.007830626450116009 0.00391304347826087
8 0.6461716937354989 0.4991304347826087 0.0075406032482598605 0.006521739130434782
1 0.6352958236658933 0.47847826086956524 0.004930394431554524 0.0034782608695652175
8 0.8455626450116009 0.5306521739130434 0.0095707656612529 0.007391304347826087
8 0.767546403712297 0.5848913043478261 0.008410672853828306 0.004130434782608695
8 0.8502030162412993 0.5744565217391304 0.006670533642691415 0.006739130434782609
8 0.8109048723897911 0.5051086956521739 0.008120649651972157 0.007173913043478261
9 0.8610788863109049 0.5128260869565218 0.0069605568445475635 0.004782608695652174
1 0.7982888631090487 0.5159782608695652 0.004350348027842227 0.003260869565217391
1 0.7866879350348028 0.5152173913043478 0.004350348027842227 0.003043478260869565
1 0.6399361948955916 0.5069565217391304 0.007830626450116009 0.00391304347826087
1 0.7687064965197216 0.4860869565217391 0.0037703016241299302 0.003043478260869565
8 0.8850058004640371 0.4122826086956522 0.008990719257540603 0.008913043478260869
8 0.7372389791183295 0.2234782608695652 0.015661252900232018 0.01217391304347826
8 0.6448665893271461 0.6547826086956522 0.0095707656612529 0.009130434782608696
9 0.7262180974477959 0.5715217391304348 0.01160092807424594 0.006956521739130435
8 0.9006670533642691 0.5279347826086956 0.008990719257540603 0.007608695652173913
8 0.8674593967517401 0.5309782608695652 0.008120649651972157 0.007173913043478261
8 0.8932714617169374 0.5404347826086957 0.004640371229698376 0.004782608695652174
8 0.859483758700696 0.5606521739130435 0.005510440835266821 0.00608695652173913
1 0.8384570765661253 0.5655434782608696 0.004060324825986079 0.004130434782608695
4 0.07830626450116009 0.626195652173913 0.005220417633410673 0.004565217391304348
9 0.5143561484918794 0.5933695652173913 0.011890951276102088 0.008913043478260869
8 0.7527552204176334 0.5708695652173913 0.010150812064965197 0.00608695652173913
1 0.3800754060324826 0.07402173913043478 0.006670533642691415 0.005434782608695652
1 0.34208236658932717 0.09989130434782609 0.007250580046403712 0.005
9 0.6463167053364269 0.19391304347826088 0.007250580046403712 0.006521739130434782
1 0.69127030162413 0.0983695652173913 0.008990719257540603 0.005869565217391304
1 0.7807424593967517 0.1309782608695652 0.0063805104408352666 0.004130434782608695
1 0.33019141531322505 0.13652173913043478 0.006670533642691415 0.004347826086956522
1 0.4069025522041763 0.12228260869565218 0.0063805104408352666 0.004565217391304348
4 0.3404872389791183 0.8217391304347826 0.009280742459396751 0.009130434782608696
1 0.11064385150812064 0.4966304347826087 0.004350348027842227 0.004130434782608695
1 0.07743619489559164 0.5479347826086957 0.005220417633410673 0.005
0 0.5478538283062645 0.15217391304347827 0.010440835266821345 0.009130434782608696
0 0.5857018561484919 0.10293478260869565 0.015951276102088168 0.007608695652173913
8 0.7587006960556845 0.16695652173913045 0.0075406032482598605 0.00608695652173913
2 0.7584106728538283 0.21858695652173912 0.008700696055684454 0.007608695652173913
6 0.23187354988399073 0.6193478260869565 0.006090487238979118 0.004347826086956522
1 0.25 0.6133695652173913 0.0069605568445475635 0.005
1 0.552639211136891 0.9041304347826087 0.004350348027842227 0.0034782608695652175
1 0.6187645011600929 0.8766304347826087 0.006670533642691415 0.004565217391304348
0 0.6608178654292344 0.6207608695652174 0.01131090487238979 0.008043478260869565
0 0.7307134570765661 0.6475 0.02117169373549884 0.011521739130434782
9 0.9055974477958236 0.5744565217391304 0.007830626450116009 0.007173913043478261
0 0.5571345707656613 0.17326086956521738 0.015081206496519721 0.01
1 0.45229118329466356 0.04554347826086957 0.006670533642691415 0.004565217391304348
8 0.8013341067285383 0.11326086956521739 0.010440835266821345 0.009130434782608696
8 0.888631090487239 0.14206521739130434 0.0069605568445475635 0.008043478260869565
8 0.8996519721577726 0.21021739130434783 0.009280742459396751 0.010869565217391304
1 0.5324825986078886 0.3658695652173913 0.009280742459396751 0.00608695652173913
1 0.07671113689095127 0.5014130434782609 0.0095707656612529 0.007173913043478261
0 0.21519721577726217 0.6144565217391305 0.0069605568445475635 0.007608695652173913
0 0.21693735498839908 0.6236956521739131 0.011020881670533642 0.00608695652173913
8 0.7025812064965197 0.8734782608695653 0.010730858468677494 0.009565217391304347
6 0.7354988399071926 0.6631521739130435 0.0069605568445475635 0.006304347826086957
6 0.7514501160092807 0.6507608695652174 0.0075406032482598605 0.005869565217391304
1 0.3626740139211137 0.11967391304347826 0.0037703016241299302 0.003260869565217391
1 0.3677494199535963 0.10902173913043478 0.004060324825986079 0.0036956521739130435
1 0.37775522041763343 0.10423913043478261 0.004930394431554524 0.0036956521739130435
1 0.3739849187935035 0.1075 0.004350348027842227 0.003260869565217391
1 0.3522331786542923 0.11054347826086956 0.004930394431554524 0.003260869565217391
1 0.27566705336426917 0.125 0.007250580046403712 0.00608695652173913
1 0.40153712296983757 0.11369565217391304 0.006090487238979118 0.004347826086956522
1 0.47375290023201855 0.08978260869565217 0.006670533642691415 0.004347826086956522
1 0.5015951276102089 0.08369565217391305 0.007830626450116009 0.005652173913043478
1 0.5536542923433875 0.12304347826086956 0.00580046403712297 0.004782608695652174
1 0.5633700696055685 0.11576086956521739 0.006670533642691415 0.005869565217391304
6 0.23390371229698376 0.6476086956521739 0.010150812064965197 0.00608695652173913
6 0.24144431554524362 0.6310869565217392 0.007830626450116009 0.0052173913043478265
9 0.3877610208816705 0.08043478260869565 0.010440835266821345 0.00782608695652174
9 0.32004060324825984 0.09228260869565218 0.010730858468677494 0.007173913043478261
9 0.16299303944315546 0.16141304347826088 0.011020881670533642 0.010652173913043479
1 0.28001740139211134 0.14347826086956522 0.004930394431554524 0.004782608695652174
9 0.392546403712297 0.11184782608695652 0.008990719257540603 0.005434782608695652
9 0.6345707656612529 0.08989130434782609 0.008120649651972157 0.005434782608695652
9 0.6261600928074246 0.11902173913043479 0.009860788863109048 0.006304347826086957
0 0.7194025522041764 0.6535869565217391 0.010730858468677494 0.009347826086956522
8 0.6178944315545244 0.8980434782608696 0.008990719257540603 0.007391304347826087
9 0.5559744779582366 0.9434782608695652 0.0069605568445475635 0.00608695652173913
8 0.402407192575406 0.8956521739130435 0.02697215777262181 0.016956521739130436
1 0.35571345707656615 0.8755434782608695 0.006090487238979118 0.005434782608695652
1 0.3609338747099768 0.8439130434782609 0.010150812064965197 0.00782608695652174
8 0.246084686774942 0.8652173913043478 0.008410672853828306 0.008695652173913044
9 0.19359048723897912 0.6968478260869565 0.004930394431554524 0.004130434782608695
9 0.3033642691415313 0.678695652173913 0.01160092807424594 0.008695652173913044
9 0.32627610208816704 0.6933695652173913 0.011020881670533642 0.009782608695652175
