4 0.2337962962962963 0.29658564814814814 0.012152777777777778 0.008680555555555556
6 0.2864583333333333 0.12818287037037038 0.01099537037037037 0.008294753086419753
1 0.3091724537037037 0.1476658950617284 0.01244212962962963 0.008294753086419753
1 0.30078125 0.11506558641975309 0.010127314814814815 0.005208333333333333
6 0.4583333333333333 0.1736111111111111 0.00636574074074074 0.003472222222222222
6 0.5041956018518519 0.20264274691358025 0.006076388888888889 0.005208333333333333
4 0.6490162037037037 0.1918402777777778 0.010416666666666666 0.008294753086419753
8 0.7740162037037037 0.1566358024691358 0.010416666666666666 0.006944444444444444
8 0.7721354166666666 0.15162037037037038 0.010127314814814815 0.006558641975308642
1 0.5081018518518519 0.19560185185185186 0.006944444444444444 0.004629629629629629
0 0.5342881944444444 0.20013503086419754 0.006076388888888889 0.00636574074074074
0 0.5102719907407407 0.08063271604938271 0.01880787037037037 0.006172839506172839
6 0.3532986111111111 0.09442515432098765 0.010416666666666666 0.007908950617283951
8 0.11762152777777778 0.1722608024691358 0.02459490740740741 0.019675925925925927
0 0.12977430555555555 0.49508101851851855 0.009548611111111112 0.01253858024691358
6 0.14525462962962962 0.48813657407407407 0.009837962962962963 0.00636574074074074
0 0.18663194444444445 0.5872878086419753 0.02141203703703704 0.017939814814814815
0 0.15162037037037038 0.5402199074074074 0.013310185185185185 0.016396604938271605
0 0.13541666666666666 0.5397376543209876 0.023148148148148147 0.014660493827160493
0 0.17259837962962962 0.5426311728395061 0.007233796296296296 0.0073302469135802465
0 0.1293402777777778 0.5621141975308642 0.010416666666666666 0.009259259259259259
0 0.16869212962962962 0.6392746913580247 0.010416666666666666 0.01427469135802469
0 0.12471064814814815 0.5877700617283951 0.005787037037037037 0.007716049382716049
0 0.23799189814814814 0.5666473765432098 0.011284722222222222 0.010223765432098766
0 0.234375 0.5822723765432098 0.014467592592592593 0.010609567901234568
0 0.26750578703703703 0.5574845679012346 0.013020833333333334 0.009259259259259259
6 0.3142361111111111 0.5288387345679012 0.00636574074074074 0.004050925925925926
0 0.27879050925925924 0.5780285493827161 0.010127314814814815 0.011766975308641976
0 0.2065972222222222 0.6306905864197531 0.017361111111111112 0.022183641975308643
4 0.7550636574074074 0.6377314814814815 0.014756944444444444 0.01427469135802469
0 0.8544560185185185 0.5959683641975309 0.009837962962962963 0.011766975308641976
0 0.8368055555555556 0.6064814814814815 0.01678240740740741 0.015432098765432098
0 0.7423321759259259 0.5172646604938271 0.021701388888888888 0.013310185185185185
0 0.8684895833333334 0.5658757716049383 0.016493055555555556 0.014853395061728395
0 0.8800636574074074 0.5549768518518519 0.01244212962962963 0.01273148148148148
0 0.9324363425925926 0.582079475308642 0.021122685185185185 0.02488425925925926
0 0.8265335648148148 0.5475501543209876 0.01244212962962963 0.01253858024691358
0 0.8825231481481481 0.5847800925925926 0.028356481481481483 0.01716820987654321
0 0.9159432870370371 0.5114776234567902 0.020543981481481483 0.02179783950617284
6 0.6982060185185185 0.10368441358024691 0.007523148148148148 0.004822530864197531
8 0.1840277777777778 0.5187114197530864 0.008101851851851851 0.006558641975308642
8 0.5907118055555556 0.6059027777777778 0.015914351851851853 0.013888888888888888
0 0.8071469907407407 0.5688657407407407 0.008969907407407407 0.013503086419753086
0 0.5769675925925926 0.12885802469135801 0.01678240740740741 0.006172839506172839
0 0.5396412037037037 0.15393518518518517 0.020833333333333332 0.006172839506172839
1 0.4609375 0.3511766975308642 0.009837962962962963 0.007523148148148148
0 0.2097800925925926 0.5697337962962963 0.02141203703703704 0.02797067901234568
0 0.2009548611111111 0.6160300925925926 0.008391203703703705 0.008680555555555556
0 0.1896701388888889 0.6051311728395061 0.019386574074074073 0.020061728395061727
0 0.2248263888888889 0.6212384259259259 0.017939814814814815 0.012152777777777778
0 0.21354166666666666 0.6554783950617284 0.015625 0.011574074074074073
8 0.203125 0.7377507716049383 0.010416666666666666 0.009066358024691358
3 0.9059606481481481 0.4261188271604938 0.007523148148148148 0.006172839506172839
7 0.8858506944444444 0.41705246913580246 0.005497685185185185 0.004243827160493827
3 0.8379629629629629 0.4270833333333333 0.01678240740740741 0.0073302469135802465
0 0.5455729166666666 0.29465663580246915 0.010127314814814815 0.01253858024691358
0 0.5201099537037037 0.32021604938271603 0.006076388888888889 0.008101851851851851
8 0.484375 0.28510802469135804 0.010416666666666666 0.006558641975308642
1 0.4675925925925926 0.3428819444444444 0.01099537037037037 0.007137345679012345
6 0.6141493055555556 0.4669174382716049 0.005497685185185185 0.004050925925925926
6 0.61328125 0.4554398148148148 0.004918981481481482 0.004243827160493827
6 0.35923032407407407 0.5160108024691358 0.008969907407407407 0.006172839506172839
0 0.4976851851851852 0.5240162037037037 0.016203703703703703 0.01099537037037037
6 0.4994212962962963 0.49710648148148145 0.005208333333333333 0.004629629629629629
6 0.6995081018518519 0.5245949074074074 0.006655092592592593 0.004050925925925926
0 0.10127314814814815 0.6065779320987654 0.015046296296296295 0.01832561728395062
0 0.13541666666666666 0.6064814814814815 0.007523148148148148 0.008487654320987654
0 0.15523726851851852 0.6381172839506173 0.010127314814814815 0.008487654320987654
0 0.08550347222222222 0.5399305555555556 0.011863425925925927 0.016975308641975308
0 0.09403935185185185 0.5625 0.008101851851851851 0.013888888888888888
0 0.10517939814814815 0.6456404320987654 0.01244212962962963 0.025848765432098766
0 0.13093171296296297 0.6646412037037037 0.013020833333333334 0.02141203703703704
6 0.45211226851851855 0.14515817901234568 0.005497685185185185 0.003279320987654321
6 0.6656539351851852 0.2244405864197531 0.006076388888888889 0.004436728395061728
6 0.7445023148148148 0.21566358024691357 0.005787037037037037 0.0038580246913580245
1 0.7975983796296297 0.19917052469135801 0.009548611111111112 0.0055941358024691355
8 0.44950810185185186 0.26340663580246915 0.019965277777777776 0.014467592592592593
0 0.28920717592592593 0.6157407407407407 0.006076388888888889 0.0073302469135802465
0 0.2455150462962963 0.6149691358024691 0.01244212962962963 0.008873456790123456
0 0.2113715277777778 0.6090856481481481 0.004918981481481482 0.00636574074074074
0 0.19733796296296297 0.5576774691358025 0.012152777777777778 0.008873456790123456
0 0.1880787037037037 0.5599922839506173 0.00636574074074074 0.007716049382716049
0 0.16304976851851852 0.5516010802469136 0.0078125 0.00945216049382716
0 0.15943287037037038 0.5270061728395061 0.00636574074074074 0.005401234567901234
6 0.3094618055555556 0.7348572530864198 0.007233796296296296 0.004822530864197531
2 0.4401041666666667 0.8560956790123457 0.06018518518518518 0.02507716049382716
2 0.5285011574074074 0.822241512345679 0.02922453703703704 0.01253858024691358
2 0.5675636574074074 0.8207947530864198 0.01765046296296296 0.011574074074074073
8 0.8579282407407407 0.7372685185185185 0.015046296296296295 0.015432098765432098
0 0.8913483796296297 0.6291473765432098 0.008391203703703705 0.007523148148148148
0 0.8783275462962963 0.5044367283950617 0.007233796296296296 0.006944444444444444
0 0.6239872685185185 0.1869212962962963 0.022858796296296297 0.021604938271604937
0 0.10083912037037036 0.22858796296296297 0.0078125 0.010802469135802469
0 0.1451099537037037 0.21084104938271606 0.009548611111111112 0.010802469135802469
6 0.7074652777777778 0.2208719135802469 0.005787037037037037 0.003472222222222222
8 0.6495949074074074 0.5086805555555556 0.019097222222222224 0.01273148148148148
0 0.7245370370370371 0.5787037037037037 0.02141203703703704 0.01273148148148148
0 0.8057002314814815 0.6003086419753086 0.009548611111111112 0.011188271604938271
0 0.8366608796296297 0.5950038580246914 0.008391203703703705 0.01408179012345679
8 0.21788194444444445 0.7092978395061729 0.011574074074074073 0.007716049382716049
0 0.12340856481481481 0.6825810185185185 0.009548611111111112 0.01099537037037037
0 0.2800925925925926 0.5466820987654321 0.008101851851851851 0.005015432098765432
0 0.5706018518518519 0.5212191358024691 0.010416666666666666 0.006558641975308642
1 0.3961226851851852 0.13686342592592593 0.00636574074074074 0.004436728395061728
0 0.5609085648148148 0.12075617283950617 0.027488425925925927 0.01427469135802469
0 0.5791377314814815 0.1878858024691358 0.013020833333333334 0.008873456790123456
0 0.5609085648148148 0.16927083333333334 0.015335648148148149 0.010609567901234568
0 0.5478877314814815 0.2033179012345679 0.008391203703703705 0.006558641975308642
0 0.5640914351851852 0.2095871913580247 0.008969907407407407 0.008680555555555556
0 0.5366030092592593 0.18460648148148148 0.009548611111111112 0.006558641975308642
8 0.6922743055555556 0.21354166666666666 0.006655092592592593 0.004243827160493827
8 0.9466145833333334 0.2917631172839506 0.006655092592592593 0.01099537037037037
0 0.9030671296296297 0.5325038580246914 0.01099537037037037 0.009066358024691358
0 0.8875868055555556 0.5392554012345679 0.006076388888888889 0.00636574074074074
0 0.7845775462962963 0.5505401234567902 0.01244212962962963 0.008873456790123456
0 0.7481192129629629 0.5691550925925926 0.015335648148148149 0.013310185185185185
0 0.7909432870370371 0.5919174382716049 0.01070601851851852 0.01099537037037037
0 0.7770543981481481 0.6176697530864198 0.008391203703703705 0.006172839506172839
0 0.7596932870370371 0.6135223765432098 0.011284722222222222 0.007137345679012345
0 0.9338831018518519 0.6237461419753086 0.02228009259259259 0.04610339506172839
0 0.9116030092592593 0.6544174382716049 0.011284722222222222 0.017939814814814815
0 0.8544560185185185 0.5738811728395061 0.00636574074074074 0.010416666666666666
1 0.35141782407407407 0.7648533950617284 0.006076388888888889 0.0038580246913580245
0 0.17173032407407407 0.6886574074074074 0.008391203703703705 0.006944444444444444
0 0.2109375 0.6983024691358025 0.006944444444444444 0.005787037037037037
0 0.23640046296296297 0.6238425925925926 0.005787037037037037 0.005401234567901234
0 0.14655671296296297 0.597704475308642 0.004918981481481482 0.007137345679012345
0 0.14048032407407407 0.5841049382716049 0.008969907407407407 0.008487654320987654
0 0.16941550925925927 0.6059992283950617 0.005497685185185185 0.0055941358024691355
0 0.1629050925925926 0.5876736111111112 0.019675925925925927 0.013695987654320988
9 0.21629050925925927 0.5104166666666666 0.01070601851851852 0.006944444444444444
0 0.49508101851851855 0.6701388888888888 0.008101851851851851 0.0073302469135802465