5 0.615139211136891 0.8822826086956522 0.06206496519721578 0.058043478260869565
4 0.22781322505800464 0.678695652173913 0.010730858468677494 0.006956521739130435
4 0.1851798143851508 0.8283695652173914 0.007830626450116009 0.006739130434782609
4 0.05060904872389791 0.7141304347826087 0.007250580046403712 0.010434782608695653
4 0.45258120649651973 0.39260869565217393 0.007250580046403712 0.00782608695652174
4 0.3642691415313225 0.20956521739130435 0.024361948955916472 0.022608695652173914
9 0.412122969837587 0.8289130434782609 0.015081206496519721 0.008695652173913044
9 0.4013921113689095 0.8960869565217391 0.009860788863109048 0.00782608695652174
9 0.18561484918793503 0.886195652173913 0.00580046403712297 0.005
9 0.1925754060324826 0.8803260869565217 0.0075406032482598605 0.006304347826086957
9 0.20055104408352667 0.9043478260869565 0.004930394431554524 0.003043478260869565
9 0.9689675174013921 0.33869565217391306 0.011020881670533642 0.010434782608695653
1 0.8196055684454756 0.3130434782608696 0.009280742459396751 0.006521739130434782
8 0.8370069605568445 0.35304347826086957 0.0063805104408352666 0.0052173913043478265
9 0.7389791183294664 0.858804347826087 0.009860788863109048 0.007608695652173913
9 0.19852088167053364 0.7472826086956522 0.006670533642691415 0.005
6 0.2517401392111369 0.6096739130434783 0.00580046403712297 0.004130434782608695
4 0.3705046403712297 0.5384782608695652 0.005510440835266821 0.00782608695652174
8 0.2555104408352668 0.06728260869565217 0.008120649651972157 0.008043478260869565
8 0.4673723897911833 0.023369565217391305 0.007250580046403712 0.004130434782608695
4 0.4625870069605568 0.8380434782608696 0.01334106728538283 0.015217391304347827
8 0.3586136890951276 0.895 0.007250580046403712 0.00608695652173913
9 0.46882250580046403 0.8870652173913044 0.006670533642691415 0.004565217391304348
9 0.4931844547563805 0.826195652173913 0.006090487238979118 0.004565217391304348
9 0.7381090487238979 0.7953260869565217 0.0063805104408352666 0.005
1 0.728538283062645 0.8301086956521739 0.00580046403712297 0.005434782608695652
1 0.6789443155452436 0.7953260869565217 0.004640371229698376 0.0036956521739130435
0 0.4970997679814385 0.6148913043478261 0.008120649651972157 0.009347826086956522
6 0.4244489559164733 0.2723913043478261 0.004350348027842227 0.004347826086956522
0 0.4508410672853828 0.28608695652173916 0.0031902552204176333 0.00608695652173913
0 0.445330626450116 0.2856521739130435 0.004350348027842227 0.00391304347826087
6 0.16821345707656613 0.7192391304347826 0.004640371229698376 0.0036956521739130435
1 0.19243039443155452 0.4258695652173913 0.004350348027842227 0.0026086956521739132
6 0.2365139211136891 0.6235869565217391 0.006090487238979118 0.005869565217391304
3 0.17589907192575405 0.16434782608695653 0.007830626450116009 0.004782608695652174
6 0.37906032482598606 0.025 0.0063805104408352666 0.00391304347826087
8 0.6922853828306265 0.8576086956521739 0.014501160092807424 0.010434782608695653
8 0.7038863109048724 0.8498913043478261 0.012761020881670533 0.011521739130434782
9 0.2743619489559165 0.7964130434782609 0.00580046403712297 0.005434782608695652
8 0.7236078886310905 0.7220652173913044 0.009280742459396751 0.008913043478260869
0 0.3503480278422274 0.6596739130434782 0.00580046403712297 0.005
8 0.3059744779582367 0.5707608695652174 0.01740139211136891 0.010652173913043479
4 0.18837006960556846 0.6490217391304348 0.006090487238979118 0.005869565217391304
8 0.3564385150812065 0.9147826086956522 0.008120649651972157 0.0052173913043478265
3 0.10716357308584687 0.4255434782608696 0.010150812064965197 0.006739130434782609
1 0.28958816705336426 0.3083695652173913 0.005510440835266821 0.004565217391304348
8 0.3909512761020882 0.8826086956521739 0.013921113689095127 0.009565217391304347
1 0.22114269141531323 0.7623913043478261 0.005510440835266821 0.004347826086956522
0 0.2732018561484919 0.6678260869565218 0.012180974477958236 0.011739130434782608
0 0.21635730858468677 0.6323913043478261 0.012180974477958236 0.009565217391304347
0 0.2234628770301624 0.6328260869565218 0.0037703016241299302 0.00782608695652174
0 0.570185614849188 0.2984782608695652 0.011020881670533642 0.010434782608695653
8 0.6081786542923434 0.06065217391304348 0.009860788863109048 0.00608695652173913
4 0.7826276102088167 0.1532608695652174 0.004930394431554524 0.002173913043478261
9 0.6096287703016241 0.7116304347826087 0.009280742459396751 0.008913043478260869
9 0.634715777262181 0.7305434782608695 0.008990719257540603 0.006739130434782609
0 0.42647911832946633 0.2933695652173913 0.014211136890951276 0.01847826086956522
0 0.9467807424593968 0.6185869565217391 0.022331786542923435 0.027608695652173915
0 0.8372969837587007 0.1582608695652174 0.02262180974477958 0.016956521739130436
0 0.42691415313225056 0.0967391304347826 0.03306264501160093 0.02826086956521739
0 0.4353248259860789 0.19152173913043477 0.009280742459396751 0.006521739130434782
8 0.4537412993039443 0.8972826086956521 0.010150812064965197 0.007173913043478261
0 0.5443735498839907 0.34130434782608693 0.0075406032482598605 0.00391304347826087
0 0.47665313225058004 0.17369565217391306 0.013631090487238979 0.011304347826086957
5 0.4515661252900232 0.9244565217391304 0.0765661252900232 0.042391304347826085
2 0.5413283062645011 0.8859782608695652 0.03451276102088167 0.014565217391304348
2 0.49854988399071926 0.9029347826086956 0.029582366589327145 0.03065217391304348
2 0.49521461716937354 0.8656521739130435 0.026392111368909513 0.02
2 0.5426334106728539 0.8717391304347826 0.04060324825986079 0.016956521739130436
2 0.4186484918793503 0.8777173913043478 0.03973317865429234 0.025434782608695652
2 0.4456206496519722 0.8559782608695652 0.01769141531322506 0.013695652173913043
2 0.38587587006960555 0.8406521739130435 0.01943155452436195 0.012608695652173913
0 0.8805104408352669 0.7286956521739131 0.01160092807424594 0.019130434782608695
0 0.8896461716937355 0.7572826086956522 0.016531322505800465 0.024130434782608696
0 0.9348897911832946 0.6655434782608696 0.03625290023201856 0.04804347826086956
7 0.919953596287703 0.4342391304347826 0.031322505800464036 0.018043478260869564
5 0.9736078886310905 0.34391304347826085 0.04814385150812065 0.08043478260869565
0 0.13834106728538284 0.6890217391304347 0.07134570765661252 0.09630434782608696
0 0.058294663573085846 0.6378260869565218 0.060324825986078884 0.09739130434782609
0 0.09208236658932714 0.7815217391304348 0.04089327146171694 0.12217391304347826
6 0.5681554524361949 0.5009782608695652 0.0075406032482598605 0.004565217391304348
6 0.5493039443155452 0.4876086956521739 0.00580046403712297 0.004782608695652174
6 0.47389791183294666 0.5103260869565217 0.00580046403712297 0.005434782608695652
6 0.3551334106728538 0.5242391304347827 0.008410672853828306 0.005434782608695652
2 0.4869489559164733 0.4743478260869565 0.04524361948955916 0.03173913043478261
2 0.5349477958236659 0.4925 0.05133410672853828 0.030217391304347824
2 0.4244489559164733 0.4945652173913043 0.04727378190255221 0.03434782608695652
2 0.6399361948955916 0.5242391304347827 0.043793503480278426 0.0558695652173913
0 0.15661252900232017 0.11902173913043479 0.0968677494199536 0.09108695652173913
0 0.22549303944315546 0.08739130434782609 0.08381670533642692 0.06695652173913043
0 0.28117749419953597 0.09130434782608696 0.06525522041763342 0.02826086956521739
0 0.21592227378190254 0.14152173913043478 0.043213457076566125 0.023043478260869565
0 0.2707366589327146 0.07217391304347825 0.061194895591647334 0.041304347826086954
0 0.1031032482598608 0.21510869565217391 0.07975638051044083 0.10934782608695652
0 0.030887470997679814 0.2975 0.036832946635730855 0.06717391304347826
0 0.06467517401392112 0.21804347826086956 0.07482598607888631 0.09521739130434782
0 0.025522041763341066 0.3565217391304348 0.04814385150812065 0.04739130434782609
0 0.34295243619489557 0.06489130434782608 0.06409512761020882 0.025869565217391303
0 0.4892691415313225 0.03391304347826087 0.1357308584686775 0.018695652173913044
0 0.636600928074246 0.06771739130434783 0.10150812064965198 0.03978260869565217
0 0.752030162412993 0.09369565217391304 0.12645011600928074 0.07304347826086957
0 0.11049883990719257 0.6002173913043478 0.037122969837587005 0.03695652173913044
0 0.018706496519721578 0.5838043478260869 0.03509280742459397 0.051521739130434785
0 0.015081206496519721 0.6482608695652174 0.02668213457076566 0.05434782608695652
0 0.44968097447795824 0.06456521739130434 0.036832946635730855 0.016956521739130436
0 0.5523491879350348 0.1793478260869565 0.025812064965197216 0.02
0 0.898491879350348 0.2041304347826087 0.07888631090487239 0.1117391304347826
0 0.9631670533642691 0.40141304347826084 0.020301624129930394 0.025
0 0.9749129930394431 0.6445652173913043 0.02117169373549884 0.02826086956521739
6 0.8599187935034803 0.6282608695652174 0.008120649651972157 0.006956521739130435
8 0.8133700696055685 0.7214130434782609 0.011890951276102088 0.007173913043478261
2 0.5252320185614849 0.913695652173913 0.029582366589327145 0.01391304347826087
8 0.19866589327146172 0.8066304347826087 0.012761020881670533 0.012391304347826086
0 0.23912412993039442 0.6371739130434783 0.0287122969837587 0.018260869565217393
6 0.47897331786542924 0.45793478260869563 0.006090487238979118 0.004130434782608695
6 0.46534222737819025 0.48293478260869566 0.006090487238979118 0.004130434782608695
0 0.43271461716937354 0.3375 0.009280742459396751 0.009782608695652175
6 0.33541183294663574 0.11065217391304348 0.004930394431554524 0.0034782608695652175
8 0.8751450116009281 0.13706521739130434 0.014211136890951276 0.009347826086956522
8 0.9112529002320185 0.22804347826086957 0.017981438515081206 0.018695652173913044
0 0.9183584686774942 0.43293478260869567 0.03103248259860789 0.02108695652173913
0 0.8209106728538283 0.6832608695652174 0.020591647331786544 0.021739130434782608
0 0.441415313225058 0.6598913043478261 0.012761020881670533 0.010652173913043479
2 0.5017401392111369 0.8418478260869565 0.024361948955916472 0.015
2 0.45185614849187933 0.8390217391304348 0.01334106728538283 0.008478260869565218
9 0.14109628770301624 0.8757608695652174 0.018271461716937356 0.012826086956521739
5 0.04089327146171694 0.7823913043478261 0.025522041763341066 0.03
8 0.0843967517401392 0.8452173913043478 0.02320185614849188 0.026956521739130435
0 0.08744199535962877 0.6992391304347826 0.013051044083526682 0.01891304347826087
6 0.277407192575406 0.581195652173913 0.007250580046403712 0.005434782608695652
8 0.31525522041763343 0.34554347826086956 0.0075406032482598605 0.006304347826086957
6 0.5437935034802784 0.3758695652173913 0.0069605568445475635 0.004347826086956522
6 0.6194895591647331 0.5170652173913044 0.004060324825986079 0.004130434782608695
6 0.6332656612529002 0.5304347826086957 0.0037703016241299302 0.004347826086956522
6 0.6279002320185615 0.5315217391304348 0.004060324825986079 0.004347826086956522
6 0.6186194895591647 0.5219565217391304 0.0034802784222737818 0.00391304347826087
6 0.584106728538283 0.4826086956521739 0.004640371229698376 0.00391304347826087
0 0.4408352668213457 0.17195652173913042 0.011020881670533642 0.010434782608695653
0 0.4364849187935035 0.18456521739130435 0.010440835266821345 0.010434782608695653
0 0.5374129930394431 0.18945652173913044 0.010440835266821345 0.010652173913043479
0 0.5913573085846868 0.2926086956521739 0.008700696055684454 0.007391304347826087
0 0.03103248259860789 0.4058695652173913 0.009860788863109048 0.01
1 0.3213457076566125 0.43673913043478263 0.004640371229698376 0.0034782608695652175
0 0.2230278422273782 0.6179347826086956 0.016821345707656612 0.012391304347826086
2 0.5562645011600929 0.8510869565217392 0.012180974477958236 0.011304347826086957
5 0.8303364269141531 0.8821739130434783 0.04988399071925754 0.0408695652173913
5 0.921838747099768 0.8158695652173913 0.025812064965197216 0.030869565217391304
5 0.9156032482598608 0.8039130434782609 0.029582366589327145 0.029565217391304348
0 0.8557134570765661 0.6128260869565217 0.007250580046403712 0.009130434782608696
0 0.8413573085846868 0.6630434782608695 0.018561484918793503 0.012608695652173913
0 0.6189095127610209 0.2843478260869565 0.009860788863109048 0.007391304347826087
8 0.1384860788863109 0.17978260869565219 0.01537122969837587 0.01608695652173913
0 0.9702726218097448 0.6176086956521739 0.01537122969837587 0.022608695652173914
8 0.34367749419953597 0.9123913043478261 0.008700696055684454 0.00782608695652174