0 0.5208816705336426 0.4727173913043478 0.017981438515081206 0.024565217391304347
0 0.9045823665893271 0.3535869565217391 0.011020881670533642 0.03847826086956522
4 0.8204756380510441 0.48934782608695654 0.0069605568445475635 0.005652173913043478
0 0.9260440835266821 0.6036956521739131 0.009860788863109048 0.023478260869565216
0 0.7652262180974478 0.703695652173913 0.008410672853828306 0.01
0 0.7900232018561485 0.6707608695652174 0.009280742459396751 0.010652173913043479
0 0.7562354988399071 0.6772826086956522 0.014211136890951276 0.014130434782608696
0 0.7572505800464037 0.6293478260869565 0.014501160092807424 0.011304347826086957
4 0.6345707656612529 0.6407608695652174 0.0069605568445475635 0.005434782608695652
0 0.8819605568445475 0.6825 0.012761020881670533 0.02108695652173913
0 0.8951566125290024 0.6680434782608695 0.010150812064965197 0.01956521739130435
8 0.7388341067285383 0.5369565217391304 0.010150812064965197 0.006956521739130435
6 0.5285672853828306 0.8914130434782609 0.006090487238979118 0.005
8 0.45243619489559167 0.9042391304347827 0.01334106728538283 0.006304347826086957
6 0.3760150812064965 0.9123913043478261 0.006090487238979118 0.004782608695652174
5 0.37862529002320183 0.9346739130434782 0.0287122969837587 0.02673913043478261
8 0.427784222737819 0.9268478260869565 0.016821345707656612 0.008478260869565218
4 0.3406322505800464 0.6967391304347826 0.007250580046403712 0.004782608695652174
0 0.4186484918793503 0.6972826086956522 0.007830626450116009 0.006739130434782609
6 0.42140371229698376 0.5947826086956521 0.0034802784222737818 0.0026086956521739132
0 0.6801044083526682 0.6181521739130434 0.008700696055684454 0.008043478260869565
0 0.728393271461717 0.5894565217391304 0.01131090487238979 0.008478260869565218
0 0.6373259860788864 0.5888043478260869 0.014211136890951276 0.009782608695652175
0 0.7463747099767981 0.6990217391304347 0.013051044083526682 0.014130434782608696
0 0.7298433874709976 0.701304347826087 0.010150812064965197 0.011739130434782608
0 0.7903132250580046 0.641195652173913 0.011020881670533642 0.009782608695652175
0 0.7740719257540604 0.6739130434782609 0.012180974477958236 0.010434782608695653
0 0.7231728538283063 0.5685869565217392 0.014211136890951276 0.013260869565217392
0 0.7041763341067285 0.6366304347826087 0.012180974477958236 0.012826086956521739
0 0.718677494199536 0.6472826086956521 0.01160092807424594 0.015
0 0.6748839907192575 0.5451086956521739 0.009280742459396751 0.008913043478260869
0 0.6579176334106729 0.5406521739130434 0.010150812064965197 0.00826086956521739
3 0.8890661252900232 0.4926086956521739 0.0095707656612529 0.013478260869565217
3 0.8689095127610209 0.5226086956521739 0.01160092807424594 0.008695652173913044
3 0.826131090487239 0.6102173913043478 0.02291183294663573 0.019130434782608695
1 0.1785092807424594 0.47206521739130436 0.004350348027842227 0.003260869565217391
0 0.2810324825986079 0.6205434782608695 0.011020881670533642 0.007608695652173913
0 0.19083526682134572 0.5981521739130434 0.008120649651972157 0.008913043478260869
0 0.15284222737819025 0.6016304347826087 0.017981438515081206 0.02326086956521739
0 0.1458816705336427 0.5835869565217391 0.011020881670533642 0.01934782608695652
0 0.16154292343387472 0.6364130434782609 0.018561484918793503 0.015
0 0.13196055684454758 0.6378260869565218 0.008120649651972157 0.011739130434782608
0 0.11963457076566125 0.5964130434782609 0.010730858468677494 0.01108695652173913
0 0.18111948955916474 0.67 0.02349187935034803 0.013043478260869565
0 0.18779002320185614 0.636195652173913 0.01537122969837587 0.014565217391304348
0 0.12703016241299303 0.6258695652173913 0.004060324825986079 0.005652173913043478
0 0.13529582366589327 0.7172826086956522 0.014211136890951276 0.01847826086956522
0 0.1915603248259861 0.715 0.010730858468677494 0.009130434782608696
0 0.21432714617169374 0.7430434782608696 0.008120649651972157 0.006956521739130435
0 0.1745939675174014 0.611304347826087 0.01740139211136891 0.016956521739130436
4 0.3977668213457077 0.6078260869565217 0.006090487238979118 0.004782608695652174
6 0.3919663573085847 0.6710869565217391 0.007250580046403712 0.0052173913043478265
0 0.10179814385150812 0.6693478260869565 0.01740139211136891 0.016956521739130436
0 0.11919953596287702 0.6539130434782608 0.01740139211136891 0.020869565217391306
0 0.04176334106728538 0.66 0.0075406032482598605 0.022608695652173914
0 0.05365429234338747 0.6620652173913043 0.0075406032482598605 0.019782608695652175
0 0.06743039443155452 0.678695652173913 0.011890951276102088 0.015217391304347827
0 0.040458236658932716 0.7169565217391304 0.006670533642691415 0.026521739130434784
0 0.1875 0.6858695652173913 0.010730858468677494 0.011739130434782608
0 0.314385150812065 0.5282608695652173 0.02088167053364269 0.017826086956521738
0 0.20562645011600927 0.5515217391304348 0.01740139211136891 0.00826086956521739
0 0.2066415313225058 0.638804347826087 0.007250580046403712 0.008043478260869565
0 0.11310904872389792 0.5722826086956522 0.0069605568445475635 0.008478260869565218
0 0.031322505800464036 0.6048913043478261 0.004640371229698376 0.008478260869565218
0 0.013631090487238979 0.4473913043478261 0.00580046403712297 0.01565217391304348
0 0.0242169373549884 0.35956521739130437 0.010730858468677494 0.03391304347826087
0 0.010150812064965197 0.38130434782608696 0.0069605568445475635 0.02826086956521739
0 0.03944315545243619 0.3982608695652174 0.010440835266821345 0.01391304347826087
0 0.8146751740139211 0.6558695652173913 0.01334106728538283 0.01217391304347826
0 0.2588457076566125 0.6467391304347826 0.013631090487238979 0.01
0 0.8185904872389791 0.7133695652173913 0.004350348027842227 0.004565217391304348
9 0.5411832946635731 0.24684782608695652 0.015081206496519721 0.008478260869565218
1 0.2878480278422274 0.7158695652173913 0.008410672853828306 0.005652173913043478
0 0.20069605568445475 0.6245652173913043 0.008120649651972157 0.005652173913043478
0 0.17749419953596288 0.6525 0.010440835266821345 0.009782608695652175
0 0.45200116009280744 0.8967391304347826 0.006670533642691415 0.004347826086956522
0 0.40965777262180975 0.9031521739130435 0.008410672853828306 0.007173913043478261
8 0.39153132250580047 0.8907608695652174 0.010440835266821345 0.008913043478260869
0 0.4364849187935035 0.8814130434782609 0.005220417633410673 0.003260869565217391
0 0.3993619489559165 0.9234782608695652 0.0075406032482598605 0.0052173913043478265
0 0.39443155452436196 0.9145652173913044 0.008120649651972157 0.00608695652173913
0 0.3883410672853828 0.9059782608695652 0.009860788863109048 0.005869565217391304
0 0.49129930394431554 0.8982608695652174 0.009280742459396751 0.005652173913043478
0 0.5129060324825986 0.9243478260869565 0.008410672853828306 0.00608695652173913
0 0.5162412993039444 0.9095652173913044 0.0075406032482598605 0.005652173913043478
0 0.5237819025522041 0.899891304347826 0.00580046403712297 0.004130434782608695
0 0.45925174013921116 0.9 0.005510440835266821 0.0052173913043478265
3 0.11658932714617169 0.5319565217391304 0.0191415313225058 0.015217391304347827
3 0.09947795823665893 0.5435869565217392 0.010440835266821345 0.006304347826086957
0 0.20417633410672853 0.6890217391304347 0.01160092807424594 0.012826086956521739
0 0.3715197215777262 0.17119565217391305 0.016241299303944315 0.006739130434782609
0 0.4654872389791183 0.2941304347826087 0.010440835266821345 0.0052173913043478265
0 0.507830626450116 0.5502173913043479 0.0063805104408352666 0.00391304347826087
8 0.8017691415313225 0.6978260869565217 0.006670533642691415 0.005652173913043478
8 0.7839327146171694 0.7457608695652174 0.012180974477958236 0.011956521739130435
6 0.6454466357308585 0.6595652173913044 0.007830626450116009 0.00608695652173913
0 0.4736078886310905 0.7059782608695652 0.0063805104408352666 0.0036956521739130435
0 0.1683584686774942 0.6883695652173913 0.007830626450116009 0.006739130434782609
1 0.3113399071925754 0.2217391304347826 0.007830626450116009 0.00782608695652174
1 0.8310614849187935 0.24489130434782608 0.012470997679814385 0.007608695652173913
0 0.8779002320185615 0.717391304347826 0.013921113689095127 0.01652173913043478
1 0.6322505800464037 0.7317391304347826 0.0075406032482598605 0.005652173913043478
1 0.6648781902552204 0.751195652173913 0.004350348027842227 0.002826086956521739
0 0.08236658932714618 0.7270652173913044 0.0069605568445475635 0.008913043478260869
0 0.09454756380510441 0.7447826086956522 0.0069605568445475635 0.009565217391304347
0 0.14675174013921113 0.6868478260869565 0.03248259860788863 0.02673913043478261
0 0.060759860788863106 0.41304347826086957 0.008990719257540603 0.011304347826086957
