8 0.7146171693735499 0.8097826086956522 0.04524361948955916 0.03434782608695652
9 0.6241299303944315 0.878695652173913 0.01740139211136891 0.015217391304347827
0 0.2476798143851508 0.7168478260869565 0.025522041763341066 0.01717391304347826
0 0.20287122969837587 0.6581521739130435 0.014211136890951276 0.010652173913043479
0 0.1993909512761021 0.6794565217391304 0.0095707656612529 0.005434782608695652
0 0.20026102088167053 0.6983695652173914 0.013631090487238979 0.009347826086956522
0 0.19794083526682135 0.7215217391304348 0.010730858468677494 0.00826086956521739
0 0.17430394431554525 0.7147826086956521 0.013921113689095127 0.008695652173913044
0 0.16864849187935035 0.7025 0.01131090487238979 0.010217391304347826
0 0.15559744779582366 0.6578260869565218 0.007830626450116009 0.009130434782608696
0 0.14573665893271462 0.7004347826086956 0.007830626450116009 0.007391304347826087
0 0.12021461716937355 0.6248913043478261 0.014791183294663572 0.01934782608695652
0 0.1661832946635731 0.6452173913043479 0.0069605568445475635 0.007391304347826087
0 0.1502320185614849 0.6190217391304348 0.01160092807424594 0.009782608695652175
0 0.11006380510440836 0.696304347826087 0.006090487238979118 0.009130434782608696
0 0.10034802784222738 0.7085869565217391 0.008120649651972157 0.013260869565217392
0 0.06424013921113689 0.6933695652173913 0.011890951276102088 0.016304347826086956
0 0.08367169373549883 0.7045652173913044 0.007830626450116009 0.012608695652173913
0 0.06598027842227379 0.6079347826086956 0.008990719257540603 0.008478260869565218
0 0.03610788863109049 0.5857608695652174 0.007830626450116009 0.008043478260869565
0 0.014066125290023202 0.605108695652174 0.008410672853828306 0.009782608695652175
0 0.031467517401392114 0.6408695652173914 0.015951276102088168 0.018695652173913044
0 0.09715777262180975 0.6031521739130434 0.00580046403712297 0.006304347826086957
0 0.45330626450116007 0.3552173913043478 0.01334106728538283 0.01608695652173913
0 0.6622679814385151 0.2298913043478261 0.014211136890951276 0.006739130434782609
0 0.8639791183294664 0.6032608695652174 0.018561484918793503 0.00782608695652174
0 0.9040023201856149 0.6605434782608696 0.0075406032482598605 0.011521739130434782
0 0.8916763341067285 0.665 0.007250580046403712 0.009130434782608696
0 0.91415313225058 0.6468478260869566 0.0063805104408352666 0.012826086956521739
0 0.8526682134570766 0.6155434782608695 0.015661252900232018 0.015
0 0.8654292343387471 0.6156521739130435 0.009280742459396751 0.00608695652173913
0 0.7776972157772621 0.7166304347826087 0.020011600928074247 0.011956521739130435
0 0.7924883990719258 0.7354347826086957 0.008990719257540603 0.00782608695652174
0 0.8155452436194895 0.7265217391304348 0.0191415313225058 0.00826086956521739
0 0.8565835266821346 0.7202173913043478 0.013051044083526682 0.00826086956521739
0 0.8310614849187935 0.676304347826087 0.0095707656612529 0.00826086956521739
0 0.8526682134570766 0.6870652173913043 0.0075406032482598605 0.006304347826086957
0 0.9405452436194895 0.7008695652173913 0.013921113689095127 0.01956521739130435
0 0.9013921113689095 0.7541304347826087 0.015081206496519721 0.017391304347826087
0 0.8497679814385151 0.7814130434782609 0.017981438515081206 0.012826086956521739
0 0.9248839907192575 0.7381521739130434 0.010440835266821345 0.015434782608695652
1 0.5443735498839907 0.4782608695652174 0.0069605568445475635 0.004782608695652174
1 0.5610498839907193 0.3051086956521739 0.013051044083526682 0.009347826086956522
0 0.669808584686775 0.18934782608695652 0.01131090487238979 0.007391304347826087
0 0.6106438515081206 0.12815217391304348 0.01769141531322506 0.012391304347826086
0 0.5906322505800464 0.19358695652173913 0.01943155452436195 0.010217391304347826
0 0.5008700696055685 0.1934782608695652 0.011020881670533642 0.008695652173913044
0 0.5321925754060325 0.32032608695652176 0.012761020881670533 0.008043478260869565
0 0.5961426914153132 0.2808695652173913 0.011890951276102088 0.005652173913043478
0 0.5182714617169374 0.3501086956521739 0.011020881670533642 0.008913043478260869
0 0.5648201856148491 0.3508695652173913 0.008410672853828306 0.00826086956521739
0 0.5935324825986079 0.35934782608695653 0.0037703016241299302 0.00826086956521739
0 0.404292343387471 0.3278260869565217 0.008120649651972157 0.007391304347826087
0 0.4318445475638051 0.33065217391304347 0.009860788863109048 0.009130434782608696
0 0.3771751740139211 0.20304347826086958 0.017111368909512762 0.010434782608695653
0 0.05437935034802784 0.6342391304347826 0.007830626450116009 0.011956521739130435
8 0.10049303944315545 0.5791304347826087 0.01537122969837587 0.012608695652173913
0 0.630800464037123 0.30543478260869567 0.011020881670533642 0.00826086956521739
0 0.9266241299303944 0.6445652173913043 0.00580046403712297 0.013478260869565217
0 0.9322795823665894 0.6246739130434783 0.008410672853828306 0.011521739130434782
0 0.9127030162412993 0.6053260869565218 0.008120649651972157 0.01108695652173913
0 0.9222737819025522 0.761195652173913 0.012761020881670533 0.01847826086956522
0 0.9575116009280742 0.7034782608695652 0.008990719257540603 0.021304347826086957
0 0.9196635730858469 0.6828260869565217 0.0075406032482598605 0.01217391304347826
0 0.23462877030162413 0.18467391304347827 0.01740139211136891 0.006304347826086957
0 0.513631090487239 0.7360869565217392 0.01740139211136891 0.014782608695652174
7 0.36281902552204176 0.2107608695652174 0.12238979118329467 0.005869565217391304
7 0.5696055684454756 0.1875 0.16531322505800464 0.008478260869565218
0 0.7212877030162413 0.8442391304347826 0.015081206496519721 0.01108695652173913
1 0.8307714617169374 0.5475 0.004930394431554524 0.0036956521739130435
0 0.0568445475638051 0.3875 0.01334106728538283 0.01108695652173913
0 0.1316705336426914 0.32554347826086955 0.031902552204176336 0.09760869565217391
0 0.10034802784222738 0.3684782608695652 0.020301624129930394 0.017391304347826087
0 0.07076566125290024 0.40619565217391307 0.03944315545243619 0.07326086956521739
0 0.35049303944315546 0.16217391304347825 0.022331786542923435 0.026956521739130435
8 0.28045243619489557 0.3882608695652174 0.013921113689095127 0.010869565217391304
8 0.22505800464037123 0.4256521739130435 0.008120649651972157 0.00608695652173913
0 0.21476218097447797 0.7447826086956522 0.020011600928074247 0.007391304347826087
8 0.3570185614849188 0.8056521739130434 0.014501160092807424 0.010434782608695653
6 0.5535092807424594 0.8872826086956521 0.005510440835266821 0.0036956521739130435
0 0.5875870069605569 0.9220652173913043 0.01160092807424594 0.006739130434782609
2 0.6123839907192575 0.5847826086956521 0.010730858468677494 0.007391304347826087
6 0.48839907192575405 0.621195652173913 0.008700696055684454 0.005
6 0.5439385150812065 0.6192391304347826 0.010730858468677494 0.006304347826086957
0 0.3383120649651972 0.24489130434782608 0.012470997679814385 0.008478260869565218
1 0.18735498839907191 0.2816304347826087 0.0075406032482598605 0.005
0 0.45200116009280744 0.36771739130434783 0.006670533642691415 0.006739130434782609
0 0.15646751740139211 0.6047826086956521 0.018851508120649653 0.010434782608695653
0 0.17981438515081208 0.6102173913043478 0.009280742459396751 0.00608695652173913
0 0.24289443155452436 0.6540217391304348 0.01537122969837587 0.009347826086956522
0 0.15791763341067286 0.6380434782608696 0.006670533642691415 0.00608695652173913
0 0.15675754060324826 0.6453260869565217 0.006670533642691415 0.006304347826086957
0 0.13892111368909513 0.6383695652173913 0.008700696055684454 0.01108695652173913
0 0.7940835266821346 0.7020652173913043 0.009280742459396751 0.007173913043478261
0 0.814530162412993 0.7020652173913043 0.014211136890951276 0.005869565217391304
0 0.5922273781902552 0.37184782608695655 0.00580046403712297 0.008478260869565218
1 0.6830046403712297 0.44315217391304346 0.005220417633410673 0.005434782608695652
0 0.03596287703016241 0.6628260869565218 0.009280742459396751 0.013478260869565217
8 0.2990139211136891 0.8505434782608695 0.019721577726218097 0.01717391304347826
