8 0.4231770833333333 0.3194444444444444 0.018229166666666668 0.015432098765432098
8 0.5470196759259259 0.3481867283950617 0.010127314814814815 0.008101851851851851
8 0.7065972222222222 0.7419945987654321 0.01099537037037037 0.009066358024691358
8 0.21629050925925927 0.8195408950617284 0.014178240740740741 0.008680555555555556
8 0.8926504629629629 0.33564814814814814 0.01099537037037037 0.013117283950617283
8 0.32494212962962965 0.8776041666666666 0.015046296296296295 0.00945216049382716
4 0.8224826388888888 0.7389081790123457 0.006076388888888889 0.005979938271604938
0 0.8394097222222222 0.6739969135802469 0.015046296296296295 0.009645061728395061
0 0.9223090277777778 0.6668595679012346 0.006076388888888889 0.0073302469135802465
0 0.9301215277777778 0.6309799382716049 0.0078125 0.008101851851851851
0 0.49797453703703703 0.6038773148148148 0.012152777777777778 0.008680555555555556
3 0.16319444444444445 0.49932484567901236 0.005787037037037037 0.005979938271604938
4 0.9131944444444444 0.7107445987654321 0.005208333333333333 0.004050925925925926
8 0.26142939814814814 0.7887731481481481 0.01765046296296296 0.008101851851851851
8 0.8023726851851852 0.6065779320987654 0.009259259259259259 0.007137345679012345
0 0.2634548611111111 0.5437885802469136 0.010127314814814815 0.006172839506172839
9 0.24406828703703703 0.7336998456790124 0.006076388888888889 0.0036651234567901233
1 0.3745659722222222 0.40846836419753085 0.003761574074074074 0.0028935185185185184
1 0.6545138888888888 0.4269868827160494 0.003472222222222222 0.0021219135802469135
8 0.2466724537037037 0.7622492283950617 0.015335648148148149 0.010223765432098766
8 0.04398148148148148 0.5883487654320988 0.005787037037037037 0.008487654320987654
8 0.0646701388888889 0.6221064814814815 0.006076388888888889 0.008101851851851851