4 0.6144141531322506 0.09402173913043478 0.02697215777262181 0.013695652173913043
4 0.611368909512761 0.4808695652173913 0.02088167053364269 0.021304347826086957
4 0.10571345707656613 0.4404347826086957 0.010730858468677494 0.010434782608695653
3 0.06409512761020882 0.4160869565217391 0.012761020881670533 0.009565217391304347
9 0.14341647331786542 0.8328260869565217 0.025812064965197216 0.02434782608695652
9 0.22897331786542924 0.8676086956521739 0.008410672853828306 0.007391304347826087
8 0.2523201856148492 0.8655434782608695 0.012180974477958236 0.008913043478260869
8 0.7376740139211136 0.1790217391304348 0.014211136890951276 0.010652173913043479
8 0.7932134570765661 0.17391304347826086 0.017981438515081206 0.013478260869565217
1 0.7801624129930395 0.16260869565217392 0.009280742459396751 0.005652173913043478
8 0.8388921113689095 0.21239130434782608 0.010730858468677494 0.009565217391304347
1 0.679814385150812 0.1807608695652174 0.008120649651972157 0.006304347826086957
6 0.3844257540603248 0.16043478260869565 0.004930394431554524 0.0026086956521739132
6 0.35759860788863107 0.1783695652173913 0.005220417633410673 0.004130434782608695
8 0.1294953596287703 0.1426086956521739 0.008990719257540603 0.00826086956521739
4 0.05597447795823666 0.2984782608695652 0.005220417633410673 0.00782608695652174
8 0.6516821345707656 0.0782608695652174 0.011020881670533642 0.006521739130434782
0 0.2325986078886311 0.6532608695652173 0.013921113689095127 0.009130434782608696
9 0.39327146171693733 0.35195652173913045 0.015081206496519721 0.011739130434782608
8 0.37587006960556846 0.30826086956521737 0.012761020881670533 0.01
9 0.45301624129930396 0.27065217391304347 0.012761020881670533 0.009565217391304347
8 0.6067285382830626 0.24282608695652175 0.012761020881670533 0.00782608695652174
0 0.5011600928074246 0.4771739130434783 0.015661252900232018 0.006521739130434782
0 0.4752030162412993 0.5095652173913043 0.01537122969837587 0.008695652173913044
0 0.47273781902552203 0.5191304347826087 0.011020881670533642 0.00608695652173913
0 0.4944895591647332 0.5225 0.012761020881670533 0.007173913043478261
0 0.4830336426914153 0.5385869565217392 0.008410672853828306 0.005434782608695652
0 0.5124709976798144 0.5444565217391304 0.01334106728538283 0.013695652173913043
0 0.4657772621809745 0.5052173913043478 0.008700696055684454 0.00826086956521739
0 0.4654872389791183 0.49445652173913046 0.0075406032482598605 0.005869565217391304
0 0.21186194895591648 0.6625 0.007830626450116009 0.010652173913043479
0 0.21026682134570765 0.675 0.009860788863109048 0.00608695652173913
0 0.17923433874709976 0.7106521739130435 0.014501160092807424 0.014347826086956521
9 0.38094547563805103 0.6971739130434783 0.014211136890951276 0.009130434782608696
1 0.5930974477958236 0.07282608695652174 0.008120649651972157 0.0052173913043478265
1 0.7134570765661253 0.16728260869565217 0.0069605568445475635 0.003260869565217391
0 0.8696345707656613 0.6331521739130435 0.008990719257540603 0.008043478260869565
8 0.833961716937355 0.7731521739130435 0.011890951276102088 0.008043478260869565
8 0.8622389791183295 0.7355434782608695 0.004640371229698376 0.003260869565217391
2 0.537122969837587 0.8481521739130434 0.027842227378190254 0.011521739130434782
2 0.4345997679814385 0.8517391304347826 0.014211136890951276 0.00782608695652174
0 0.14196635730858467 0.6780434782608695 0.013051044083526682 0.009130434782608696
0 0.4537412993039443 0.5348913043478261 0.011890951276102088 0.009782608695652175
0 0.47447795823665895 0.5859782608695652 0.01740139211136891 0.010652173913043479
0 0.488254060324826 0.5956521739130435 0.010150812064965197 0.009565217391304347
1 0.6383410672853829 0.07347826086956522 0.008700696055684454 0.004782608695652174
1 0.5706206496519721 0.3775 0.008410672853828306 0.005869565217391304
8 0.6616879350348028 0.5691304347826087 0.008990719257540603 0.006956521739130435
0 0.7808874709976799 0.5561956521739131 0.01131090487238979 0.007608695652173913
0 0.8694895591647331 0.6697826086956522 0.013921113689095127 0.011304347826086957
2 0.43720997679814383 0.8766304347826087 0.010730858468677494 0.007608695652173913
0 0.23723897911832947 0.9146739130434782 0.010440835266821345 0.008913043478260869
0 0.24361948955916474 0.5782608695652174 0.015081206496519721 0.011739130434782608
0 0.3954466357308585 0.5945652173913043 0.01131090487238979 0.01
9 0.5886020881670534 0.5816304347826087 0.008410672853828306 0.005869565217391304
0 0.29321345707656615 0.6018478260869565 0.008700696055684454 0.007173913043478261
0 0.13645591647331787 0.5626086956521739 0.007830626450116009 0.0052173913043478265
0 0.12688515081206497 0.6409782608695652 0.007830626450116009 0.006739130434782609
8 0.11948955916473318 0.8345652173913043 0.012180974477958236 0.008695652173913044
0 0.3755800464037123 0.0616304347826087 0.01160092807424594 0.010652173913043479
0 0.8455626450116009 0.6943478260869566 0.004350348027842227 0.00782608695652174
0 0.3024941995359629 0.5556521739130434 0.01160092807424594 0.006956521739130435
6 0.47824825986078884 0.1515217391304348 0.004060324825986079 0.003043478260869565
6 0.4147331786542923 0.15347826086956523 0.005220417633410673 0.0026086956521739132
