7 0.07076566125290024 0.40369565217391307 0.037703016241299306 0.03304347826086956
4 0.8410672853828306 0.20076086956521738 0.008700696055684454 0.008478260869565218
8 0.8056844547563805 0.6343478260869565 0.011020881670533642 0.01
1 0.33352668213457076 0.4756521739130435 0.008120649651972157 0.00608695652173913
1 0.574100928074246 0.5591304347826087 0.008410672853828306 0.005652173913043478
6 0.615284222737819 0.10423913043478261 0.005510440835266821 0.0036956521739130435
2 0.043068445475638054 0.5933695652173913 0.01769141531322506 0.03065217391304348
8 0.3011890951276102 0.5542391304347826 0.014211136890951276 0.011956521739130435
4 0.002465197215777262 0.5406521739130434 0.004930394431554524 0.007391304347826087
0 0.14298143851508122 0.6214130434782609 0.010440835266821345 0.014565217391304348
0 0.02798723897911833 0.6325 0.02117169373549884 0.055
8 0.28958816705336426 0.10858695652173914 0.016531322505800465 0.013695652173913043
8 0.5772911832946636 0.48228260869565215 0.01537122969837587 0.013695652173913043
8 0.40791763341067283 0.1334782608695652 0.04263341067285383 0.01652173913043478
8 0.7573955916473318 0.08771739130434783 0.020591647331786544 0.014565217391304348
4 0.8390371229698376 0.5431521739130435 0.008700696055684454 0.008043478260869565
8 0.4602668213457077 0.5095652173913043 0.01334106728538283 0.01
6 0.44678074245939675 0.5327173913043478 0.004350348027842227 0.002826086956521739
0 0.05017401392111369 0.2773913043478261 0.03074245939675174 0.0391304347826087
0 0.04814385150812065 0.621304347826087 0.02320185614849188 0.02391304347826087
4 0.347592807424594 0.8514130434782609 0.010150812064965197 0.006739130434782609
8 0.31322505800464034 0.9318478260869565 0.030162412993039442 0.025434782608695652
8 0.3158352668213457 0.9602173913043478 0.02088167053364269 0.01608695652173913
4 0.12761020881670534 0.04673913043478261 0.0069605568445475635 0.0052173913043478265
0 0.6422563805104409 0.11815217391304347 0.01537122969837587 0.014565217391304348
0 0.6083236658932715 0.13271739130434781 0.030452436194895592 0.011956521739130435
0 0.6711136890951276 0.1768478260869565 0.027842227378190254 0.014565217391304348
9 0.27001160092807425 0.6327173913043478 0.01160092807424594 0.008043478260869565
0 0.06989559164733179 0.6321739130434783 0.01740139211136891 0.029130434782608697
0 0.7819025522041764 0.7842391304347827 0.019721577726218097 0.022391304347826088
0 0.0810614849187935 0.5960869565217392 0.01131090487238979 0.016956521739130436
0 0.07018561484918794 0.5866304347826087 0.0063805104408352666 0.007173913043478261
0 0.055249419953596286 0.654891304347826 0.007830626450116009 0.010652173913043479
8 0.6612529002320185 0.7252173913043478 0.009280742459396751 0.007391304347826087
0 0.4937645011600928 0.15358695652173912 0.01131090487238979 0.008913043478260869
0 0.1339907192575406 0.6351086956521739 0.014501160092807424 0.012826086956521739
0 0.1329756380510441 0.6128260869565217 0.013631090487238979 0.01608695652173913
4 0.4650522041763341 0.4439130434782609 0.006090487238979118 0.007391304347826087
0 0.7159222737819025 0.10782608695652174 0.01537122969837587 0.007391304347826087
0 0.8428074245939675 0.595108695652174 0.014501160092807424 0.009782608695652175
0 0.15240719257540603 0.5796739130434783 0.01131090487238979 0.010217391304347826
0 0.1351508120649652 0.5697826086956522 0.012180974477958236 0.009130434782608696
0 0.13500580046403712 0.5988043478260869 0.008990719257540603 0.006739130434782609
0 0.15617749419953597 0.6244565217391305 0.01131090487238979 0.01108695652173913
1 0.564385150812065 0.1591304347826087 0.0075406032482598605 0.005652173913043478
8 0.5417633410672854 0.5006521739130435 0.022041763341067284 0.014347826086956521
6 0.45925174013921116 0.10532608695652174 0.005510440835266821 0.005
6 0.38645591647331784 0.12260869565217392 0.007250580046403712 0.005652173913043478
4 0.8316415313225058 0.5983695652173913 0.0031902552204176333 0.004130434782608695
4 0.7707366589327146 0.6601086956521739 0.004350348027842227 0.002391304347826087
4 0.7972737819025522 0.1408695652173913 0.0034802784222737818 0.0034782608695652175
1 0.4144431554524362 0.55 0.0075406032482598605 0.004782608695652174
1 0.5482888631090487 0.5603260869565218 0.007250580046403712 0.005434782608695652
8 0.7099767981438515 0.5779347826086957 0.013921113689095127 0.011521739130434782
4 0.578161252900232 0.4701086956521739 0.0031902552204176333 0.003260869565217391
4 0.3513631090487239 0.582391304347826 0.0037703016241299302 0.004347826086956522
8 0.28726798143851506 0.6115217391304347 0.006670533642691415 0.0052173913043478265
1 0.7105568445475638 0.09097826086956522 0.0063805104408352666 0.004565217391304348
1 0.6772041763341067 0.7152173913043478 0.005220417633410673 0.00391304347826087
1 0.6841647331786543 0.7069565217391305 0.004060324825986079 0.0034782608695652175
1 0.6715487238979119 0.6840217391304347 0.004930394431554524 0.004130434782608695
1 0.6245649651972158 0.6811956521739131 0.0026102088167053363 0.002826086956521739
1 0.621084686774942 0.6814130434782608 0.0031902552204176333 0.002391304347826087
1 0.7215777262180975 0.7230434782608696 0.0069605568445475635 0.005652173913043478
0 0.9054524361948956 0.6177173913043478 0.009860788863109048 0.008043478260869565
0 0.8680394431554525 0.5952173913043478 0.01740139211136891 0.021739130434782608
0 0.11064385150812064 0.6239130434782608 0.01943155452436195 0.023043478260869565
0 0.05901972157772622 0.5840217391304348 0.02523201856148492 0.03847826086956522
0 0.012906032482598608 0.41934782608695653 0.01537122969837587 0.023043478260869565
6 0.43474477958236657 0.20597826086956522 0.004060324825986079 0.004130434782608695
6 0.44968097447795824 0.18891304347826088 0.005510440835266821 0.004347826086956522
0 0.024651972157772623 0.27445652173913043 0.02320185614849188 0.036304347826086956
0 0.5872969837587007 0.19891304347826086 0.01740139211136891 0.01652173913043478
0 0.9459106728538283 0.43228260869565216 0.008410672853828306 0.04021739130434782
0 0.8470127610208816 0.5784782608695652 0.007250580046403712 0.007391304347826087
1 0.605568445475638 0.4701086956521739 0.009860788863109048 0.005434782608695652
0 0.5243619489559165 0.5671739130434783 0.013921113689095127 0.01
8 0.5120359628770301 0.4834782608695652 0.011890951276102088 0.010434782608695653
8 0.4759280742459397 0.47108695652173915 0.009860788863109048 0.00826086956521739
8 0.48564385150812067 0.483695652173913 0.01537122969837587 0.008695652173913044
9 0.4322795823665893 0.4691304347826087 0.004930394431554524 0.00391304347826087
8 0.8284512761020881 0.10152173913043479 0.010150812064965197 0.009565217391304347
1 0.7671113689095128 0.47 0.0063805104408352666 0.005652173913043478
1 0.7942285382830626 0.518695652173913 0.007250580046403712 0.0052173913043478265
1 0.7898781902552204 0.4941304347826087 0.004930394431554524 0.0034782608695652175
8 0.933584686774942 0.5439130434782609 0.016241299303944315 0.02217391304347826
0 0.8122099767981439 0.5885869565217391 0.013631090487238979 0.008043478260869565
0 0.9000870069605569 0.644891304347826 0.018851508120649653 0.02673913043478261
0 0.7874129930394431 0.5818478260869565 0.015081206496519721 0.008043478260869565
8 0.030597447795823667 0.769891304347826 0.006090487238979118 0.006739130434782609
1 0.5445185614849188 0.40858695652173915 0.006090487238979118 0.004130434782608695
6 0.5182714617169374 0.38032608695652176 0.0069605568445475635 0.005
