4 0.45591647331786544 0.5668478260869565 0.05162412993039443 0.03804347826086957
4 0.35208816705336426 0.5796739130434783 0.015081206496519721 0.009782608695652175
4 0.3293213457076566 0.5740217391304347 0.017111368909512762 0.012391304347826086
3 0.2020011600928074 0.49380434782608695 0.033932714617169374 0.008043478260869565
3 0.22926334106728538 0.4901086956521739 0.011890951276102088 0.008043478260869565
3 0.2078016241299304 0.5157608695652174 0.012470997679814385 0.008913043478260869
3 0.17328886310904873 0.528695652173913 0.015951276102088168 0.00826086956521739
3 0.20113109048723898 0.5263043478260869 0.04089327146171694 0.013478260869565217
3 0.21345707656612528 0.5356521739130434 0.016821345707656612 0.013043478260869565
3 0.07700116009280743 0.4517391304347826 0.0095707656612529 0.012608695652173913
3 0.13471577726218098 0.43043478260869567 0.010150812064965197 0.01217391304347826
3 0.1267401392111369 0.4414130434782609 0.005220417633410673 0.006739130434782609
3 0.07758120649651973 0.4022826086956522 0.006090487238979118 0.012826086956521739
3 0.0777262180974478 0.416195652173913 0.0063805104408352666 0.007608695652173913
3 0.06496519721577726 0.41141304347826085 0.00580046403712297 0.015434782608695652
3 0.10179814385150812 0.41304347826086957 0.01334106728538283 0.013478260869565217
3 0.11702436194895592 0.4281521739130435 0.0095707656612529 0.01108695652173913
3 0.10919373549883991 0.4276086956521739 0.0031902552204176333 0.003043478260869565
3 0.13442575406032484 0.4207608695652174 0.013051044083526682 0.010217391304347826
3 0.10208816705336426 0.4310869565217391 0.005220417633410673 0.007391304347826087
3 0.03654292343387471 0.48097826086956524 0.008120649651972157 0.005869565217391304
3 0.06540023201856149 0.44608695652173913 0.007250580046403712 0.00608695652173913
3 0.11963457076566125 0.4951086956521739 0.02117169373549884 0.016304347826086956
3 0.16734338747099767 0.4890217391304348 0.011020881670533642 0.005434782608695652
3 0.15443735498839908 0.49467391304347824 0.010730858468677494 0.005869565217391304
3 0.16734338747099767 0.506195652173913 0.008700696055684454 0.005
3 0.41023781902552203 0.48282608695652174 0.0095707656612529 0.00826086956521739
3 0.41908352668213456 0.4860869565217391 0.0075406032482598605 0.008695652173913044
3 0.45185614849187933 0.478695652173913 0.010440835266821345 0.00608695652173913
3 0.4521461716937355 0.48434782608695653 0.0034802784222737818 0.003043478260869565
3 0.4560614849187935 0.48869565217391303 0.0031902552204176333 0.00391304347826087
3 0.44127030162412995 0.4966304347826087 0.010150812064965197 0.005434782608695652
3 0.47143271461716935 0.5153260869565217 0.008990719257540603 0.007608695652173913
3 0.49622969837587005 0.5008695652173913 0.016241299303944315 0.009565217391304347
3 0.43895011600928074 0.4810869565217391 0.008990719257540603 0.00826086956521739
3 0.410092807424594 0.5140217391304348 0.00580046403712297 0.006739130434782609
3 0.43111948955916474 0.5201086956521739 0.005510440835266821 0.005
3 0.5089907192575406 0.4915217391304348 0.004640371229698376 0.0034782608695652175
3 0.5419083526682135 0.503804347826087 0.008410672853828306 0.004130434782608695
3 0.570185614849188 0.4857608695652174 0.009280742459396751 0.006739130434782609
3 0.5288573085846868 0.46793478260869564 0.010150812064965197 0.005
3 0.6091937354988399 0.5090217391304348 0.017111368909512762 0.012826086956521739
3 0.6439965197215777 0.5255434782608696 0.021751740139211138 0.013260869565217392
3 0.6789443155452436 0.518804347826087 0.013921113689095127 0.009782608695652175
3 0.662122969837587 0.48891304347826087 0.008700696055684454 0.00826086956521739
3 0.8844257540603249 0.49119565217391303 0.008990719257540603 0.009347826086956522
3 0.9287993039443155 0.46445652173913043 0.014211136890951276 0.013260869565217392
3 0.9425754060324826 0.4696739130434783 0.009280742459396751 0.012826086956521739
3 0.9164733178654292 0.48630434782608695 0.0069605568445475635 0.0034782608695652175
3 0.9273491879350348 0.4967391304347826 0.011890951276102088 0.013043478260869565
3 0.9151682134570766 0.5023913043478261 0.006670533642691415 0.0052173913043478265
3 0.9128480278422274 0.5182608695652174 0.008410672853828306 0.006521739130434782
3 0.8509280742459396 0.5281521739130435 0.016241299303944315 0.012826086956521739
3 0.8375870069605569 0.4956521739130435 0.016821345707656612 0.00782608695652174
3 0.857308584686775 0.4865217391304348 0.008700696055684454 0.006521739130434782
3 0.8433874709976799 0.48434782608695653 0.01334106728538283 0.00826086956521739
3 0.85165313225058 0.49293478260869567 0.007830626450116009 0.009782608695652175
3 0.8446925754060325 0.5077173913043478 0.03103248259860789 0.014130434782608696
3 0.8641241299303944 0.5073913043478261 0.010730858468677494 0.009130434782608696
3 0.8703596287703016 0.5271739130434783 0.01160092807424594 0.006956521739130435
3 0.8628190255220418 0.5214130434782609 0.010440835266821345 0.005869565217391304
3 0.8284512761020881 0.5232608695652174 0.02523201856148492 0.01652173913043478
3 0.8135150812064965 0.5676086956521739 0.024361948955916472 0.02043478260869565
3 0.8519431554524362 0.563695652173913 0.0478538283062645 0.029130434782608697
3 0.8834106728538283 0.5645652173913044 0.008700696055684454 0.01
3 0.7865429234338747 0.5443478260869565 0.011020881670533642 0.007391304347826087
3 0.80872969837587 0.5430434782608695 0.020011600928074247 0.011304347826086957
3 0.7946635730858469 0.5334782608695652 0.011020881670533642 0.006956521739130435
3 0.6818445475638051 0.5585869565217392 0.015661252900232018 0.010652173913043479
3 0.6988109048723898 0.5604347826086956 0.01537122969837587 0.009130434782608696
3 0.6967807424593968 0.5425 0.012470997679814385 0.009347826086956522
3 0.6487819025522041 0.5530434782608695 0.011020881670533642 0.010434782608695653
3 0.75377030162413 0.5652173913043478 0.011020881670533642 0.00826086956521739
3 0.7726218097447796 0.5669565217391305 0.013921113689095127 0.00826086956521739
3 0.785237819025522 0.5839130434782609 0.020591647331786544 0.01217391304347826
6 0.718822505800464 0.615 0.007250580046403712 0.0052173913043478265
6 0.7321635730858469 0.6106521739130435 0.006670533642691415 0.005652173913043478
6 0.7504350348027842 0.6144565217391305 0.005510440835266821 0.004130434782608695
6 0.8406322505800464 0.5983695652173913 0.006090487238979118 0.005
6 0.26058584686774944 0.5810869565217391 0.007830626450116009 0.006956521739130435
6 0.22317285382830626 0.5740217391304347 0.006090487238979118 0.005434782608695652
6 0.212877030162413 0.5851086956521739 0.0063805104408352666 0.005434782608695652
3 0.1525522041763341 0.5342391304347827 0.01334106728538283 0.008478260869565218
3 0.16792343387470998 0.5464130434782609 0.010440835266821345 0.012826086956521739
3 0.10136310904872389 0.5242391304347827 0.02523201856148492 0.012826086956521739
3 0.0574245939675174 0.525 0.010440835266821345 0.009130434782608696
3 0.051769141531322505 0.537608695652174 0.006090487238979118 0.00826086956521739
3 0.05843967517401392 0.5351086956521739 0.007830626450116009 0.008913043478260869
3 0.21374709976798145 0.6459782608695652 0.00580046403712297 0.004130434782608695
3 0.2325986078886311 0.6492391304347827 0.004640371229698376 0.0036956521739130435
8 0.195330626450116 0.6655434782608696 0.006670533642691415 0.006304347826086957
8 0.15443735498839908 0.7005434782608696 0.010150812064965197 0.008913043478260869
8 0.10803364269141531 0.6739130434782609 0.010730858468677494 0.011304347826086957
6 0.10063805104408352 0.6510869565217391 0.005220417633410673 0.004782608695652174
3 0.5916473317865429 0.6080434782608696 0.01160092807424594 0.008695652173913044
3 0.6772041763341067 0.5006521739130435 0.019721577726218097 0.01608695652173913
3 0.6918503480278422 0.5139130434782608 0.007830626450116009 0.0052173913043478265
6 0.5891821345707656 0.2593478260869565 0.006670533642691415 0.0052173913043478265
6 0.6743039443155452 0.1490217391304348 0.008120649651972157 0.006304347826086957
6 0.6673433874709976 0.11902173913043479 0.009860788863109048 0.006739130434782609
6 0.6625580046403712 0.10532608695652174 0.006090487238979118 0.004130434782608695
6 0.6882250580046404 0.10510869565217391 0.005220417633410673 0.004130434782608695
6 0.6538573085846868 0.08565217391304347 0.005510440835266821 0.00391304347826087
1 0.6834396751740139 0.10010869565217391 0.010150812064965197 0.007173913043478261
6 0.5519141531322506 0.09021739130434783 0.009280742459396751 0.004347826086956522
1 0.5690255220417634 0.1275 0.011020881670533642 0.007608695652173913
3 0.9177784222737819 0.38880434782608697 0.007250580046403712 0.015
3 0.9322795823665894 0.41456521739130436 0.016531322505800465 0.018260869565217393
3 0.9189385150812065 0.42934782608695654 0.004930394431554524 0.006521739130434782
3 0.9447505800464037 0.4365217391304348 0.005510440835266821 0.009130434782608696
3 0.9076276102088167 0.4295652173913043 0.007830626450116009 0.007391304347826087
3 0.8462877030162413 0.41282608695652173 0.009860788863109048 0.010869565217391304
3 0.8738399071925754 0.45793478260869563 0.005220417633410673 0.004565217391304348
3 0.8210556844547564 0.41641304347826086 0.0075406032482598605 0.007173913043478261
8 0.8309164733178654 0.696304347826087 0.0191415313225058 0.012608695652173913
8 0.8158352668213457 0.6873913043478261 0.017981438515081206 0.009565217391304347
8 0.75377030162413 0.6730434782608695 0.015081206496519721 0.01
8 0.7581206496519721 0.6833695652173913 0.008120649651972157 0.006304347826086957
0 0.8155452436194895 0.6434782608695652 0.014501160092807424 0.01608695652173913
3 0.2994489559164733 0.5353260869565217 0.01537122969837587 0.010217391304347826
4 0.3473027842227378 0.7435869565217391 0.01131090487238979 0.009782608695652175
4 0.3023491879350348 0.8216304347826087 0.010730858468677494 0.008913043478260869
8 0.15081206496519722 0.7713043478260869 0.008120649651972157 0.005652173913043478
6 0.07439095127610208 0.6189130434782608 0.004350348027842227 0.0034782608695652175
4 0.06627030162412993 0.6272826086956522 0.007830626450116009 0.010652173913043479
6 0.1290603248259861 0.5515217391304348 0.004640371229698376 0.003043478260869565
3 0.24463457076566125 0.5281521739130435 0.03219257540603248 0.020652173913043477
3 0.34266241299303946 0.5290217391304348 0.029292343387470998 0.025
3 0.3198955916473318 0.4958695652173913 0.01160092807424594 0.011304347826086957
3 0.5700406032482599 0.5133695652173913 0.0287122969837587 0.01847826086956522
6 0.19518561484918792 0.7170652173913044 0.008120649651972157 0.005869565217391304
1 0.19344547563805103 0.7265217391304348 0.008700696055684454 0.006956521739130435
9 0.511600928074246 0.8658695652173913 0.021461716937354988 0.011304347826086957
1 0.5597447795823666 0.886195652173913 0.008120649651972157 0.005869565217391304
8 0.6867749419953596 0.8756521739130435 0.01740139211136891 0.010869565217391304
4 0.8722447795823666 0.7728260869565218 0.004930394431554524 0.004347826086956522
6 0.7977088167053364 0.7159782608695652 0.007250580046403712 0.005
4 0.7199825986078886 0.7155434782608696 0.010150812064965197 0.006304347826086957
0 0.8314965197215777 0.6670652173913043 0.009280742459396751 0.007173913043478261
4 0.9051624129930395 0.6244565217391305 0.00580046403712297 0.007173913043478261
0 0.9182134570765661 0.6715217391304348 0.0075406032482598605 0.01217391304347826
0 0.9253190255220418 0.6716304347826086 0.010730858468677494 0.015434782608695652
0 0.9064675174013921 0.6935869565217392 0.010150812064965197 0.016739130434782607
3 0.9485208816705336 0.51 0.013631090487238979 0.01391304347826087
3 0.9098027842227379 0.5272826086956521 0.0063805104408352666 0.005434782608695652
3 0.9520011600928074 0.5516304347826086 0.007830626450116009 0.016304347826086956
3 0.9418503480278422 0.5696739130434783 0.004350348027842227 0.006304347826086957
6 0.5530742459396751 0.3690217391304348 0.0075406032482598605 0.005
6 0.5207366589327146 0.3630434782608696 0.006090487238979118 0.0052173913043478265
6 0.685614849187935 0.2852173913043478 0.005220417633410673 0.00391304347826087
3 0.2787122969837587 0.39 0.011020881670533642 0.01
3 0.2848027842227378 0.41347826086956524 0.01160092807424594 0.006956521739130435
3 0.20809164733178653 0.40652173913043477 0.022331786542923435 0.011739130434782608
3 0.16705336426914152 0.42467391304347823 0.012180974477958236 0.013695652173913043
3 0.1925754060324826 0.4031521739130435 0.009280742459396751 0.006739130434782609
3 0.2624709976798144 0.40597826086956523 0.016821345707656612 0.005
3 0.6821345707656613 0.41141304347826085 0.012761020881670533 0.005869565217391304
3 0.8499129930394431 0.40304347826086956 0.0095707656612529 0.008695652173913044
3 0.9228538283062645 0.5168478260869566 0.010440835266821345 0.008043478260869565
3 0.9032772621809745 0.4692391304347826 0.005510440835266821 0.005
3 0.8937064965197216 0.4895652173913044 0.006670533642691415 0.004347826086956522
8 0.7946635730858469 0.7476086956521739 0.012180974477958236 0.009565217391304347
8 0.7961136890951276 0.7578260869565218 0.0069605568445475635 0.004782608695652174
6 0.7932134570765661 0.6905434782608696 0.009860788863109048 0.007173913043478261
6 0.7742169373549884 0.6996739130434783 0.005510440835266821 0.0036956521739130435
6 0.20736658932714616 0.6402173913043478 0.0069605568445475635 0.004782608695652174
0 0.1982308584686775 0.6028260869565217 0.0095707656612529 0.009130434782608696
6 0.12630510440835266 0.5865217391304348 0.005510440835266821 0.004347826086956522
6 0.1261600928074246 0.6027173913043479 0.004060324825986079 0.0036956521739130435
6 0.13210556844547564 0.6153260869565217 0.004930394431554524 0.004130434782608695
6 0.15240719257540603 0.6072826086956522 0.006090487238979118 0.005
6 0.1290603248259861 0.6297826086956522 0.00580046403712297 0.004782608695652174
6 0.15690255220417634 0.6016304347826087 0.005220417633410673 0.003260869565217391
6 0.08483178654292343 0.6097826086956522 0.005510440835266821 0.00608695652173913
1 0.09991299303944315 0.6216304347826087 0.007830626450116009 0.005869565217391304
8 0.07352088167053364 0.6464130434782609 0.008990719257540603 0.01108695652173913
1 0.17227378190255221 0.6458695652173913 0.009280742459396751 0.006956521739130435
8 0.16922853828306264 0.8064130434782608 0.013051044083526682 0.010652173913043479
1 0.7684164733178654 0.6643478260869565 0.007830626450116009 0.00608695652173913
1 0.7668213457076566 0.6727173913043478 0.008120649651972157 0.005869565217391304
0 0.824100928074246 0.6584782608695652 0.008990719257540603 0.013043478260869565
0 0.8285962877030162 0.6852173913043478 0.008700696055684454 0.009565217391304347
0 0.8022041763341067 0.6451086956521739 0.009280742459396751 0.010217391304347826
6 0.7935034802784223 0.649891304347826 0.005220417633410673 0.004130434782608695
6 0.8156902552204176 0.6533695652173913 0.004930394431554524 0.003260869565217391
0 0.8109048723897911 0.6683695652173913 0.01160092807424594 0.013695652173913043
0 0.8010440835266821 0.6631521739130435 0.0034802784222737818 0.005
0 0.8033642691415314 0.6692391304347826 0.005220417633410673 0.005869565217391304
0 0.8039443155452436 0.6741304347826087 0.0075406032482598605 0.005652173913043478
6 0.7778422273781903 0.6226086956521739 0.00580046403712297 0.00391304347826087
1 0.6497969837587007 0.16695652173913045 0.008990719257540603 0.005652173913043478
1 0.7556554524361949 0.1457608695652174 0.008990719257540603 0.005434782608695652
6 0.20910672853828308 0.6680434782608695 0.0063805104408352666 0.0052173913043478265
6 0.1497969837587007 0.7140217391304348 0.005510440835266821 0.004130434782608695
7 0.07395591647331787 0.6575 0.04698375870069606 0.03369565217391304
0 0.8896461716937355 0.6996739130434783 0.008410672853828306 0.015434782608695652
0 0.8763051044083526 0.7171739130434782 0.007830626450116009 0.01217391304347826
8 0.880945475638051 0.7259782608695652 0.006090487238979118 0.007608695652173913
6 0.8313515081206496 0.7298913043478261 0.006090487238979118 0.005869565217391304
8 0.8486078886310905 0.7559782608695652 0.0063805104408352666 0.004130434782608695
0 0.8409222737819025 0.6528260869565218 0.006090487238979118 0.0052173913043478265
3 0.7189675174013921 0.5518478260869565 0.012180974477958236 0.009347826086956522
3 0.734483758700696 0.5365217391304348 0.01131090487238979 0.00782608695652174
1 0.5263921113689095 0.11304347826086956 0.013921113689095127 0.007391304347826087
1 0.5539443155452436 0.09565217391304348 0.011020881670533642 0.004782608695652174
1 0.388631090487239 0.9045652173913044 0.0075406032482598605 0.006521739130434782
3 0.5491589327146171 0.5241304347826087 0.005510440835266821 0.0034782608695652175
3 0.5245069605568445 0.5164130434782609 0.010730858468677494 0.009782608695652175
3 0.46693735498839906 0.4941304347826087 0.014501160092807424 0.009565217391304347
3 0.5738109048723898 0.4806521739130435 0.006670533642691415 0.0052173913043478265
3 0.593677494199536 0.5269565217391304 0.00580046403712297 0.005652173913043478
3 0.5929524361948956 0.508695652173913 0.006670533642691415 0.00608695652173913
3 0.5456786542923434 0.4917391304347826 0.005510440835266821 0.00608695652173913
3 0.09150232018561485 0.4981521739130435 0.015951276102088168 0.015
3 0.07584106728538283 0.47141304347826085 0.012470997679814385 0.005434782608695652
3 0.07990139211136892 0.4643478260869565 0.0095707656612529 0.0052173913043478265
4 0.10745359628770301 0.35456521739130437 0.01537122969837587 0.014782608695652174
0 0.1683584686774942 0.6841304347826087 0.01537122969837587 0.014347826086956521
0 0.19054524361948955 0.6766304347826086 0.01160092807424594 0.010652173913043479
0 0.14704176334106728 0.6657608695652174 0.01740139211136891 0.011521739130434782
0 0.15762761020881672 0.6755434782608696 0.018271461716937356 0.013695652173913043
0 0.14428654292343387 0.6465217391304348 0.007250580046403712 0.007391304347826087
0 0.14095127610208816 0.6555434782608696 0.010440835266821345 0.008043478260869565
0 0.11658932714617169 0.6367391304347826 0.012180974477958236 0.011739130434782608
0 0.0968677494199536 0.6081521739130434 0.011020881670533642 0.021521739130434783
1 0.8116299303944315 0.5995652173913043 0.006090487238979118 0.00608695652173913
1 0.6513921113689095 0.10521739130434783 0.0075406032482598605 0.0052173913043478265
6 0.6818445475638051 0.1223913043478261 0.0069605568445475635 0.004347826086956522
8 0.5024651972157773 0.3165217391304348 0.0095707656612529 0.009130434782608696
8 0.1779292343387471 0.5932608695652174 0.013631090487238979 0.015217391304347827
8 0.9535962877030162 0.595 0.009280742459396751 0.009565217391304347
6 0.408207656612529 0.3446739130434783 0.005510440835266821 0.004130434782608695
6 0.5623549883990719 0.40554347826086956 0.005220417633410673 0.005
6 0.5271171693735499 0.4133695652173913 0.008410672853828306 0.006739130434782609
6 0.6273201856148491 0.09260869565217392 0.0069605568445475635 0.0052173913043478265
1 0.8974767981438515 0.38271739130434784 0.010150812064965197 0.007173913043478261
7 0.8461426914153132 0.7225 0.007250580046403712 0.004130434782608695
8 0.8913863109048724 0.7795652173913044 0.010730858468677494 0.013478260869565217
8 0.07961136890951276 0.756195652173913 0.010150812064965197 0.013695652173913043
0 0.0804814385150812 0.7156521739130435 0.020011600928074247 0.028695652173913042
8 0.12079466357308585 0.6878260869565217 0.006090487238979118 0.006521739130434782
8 0.1998259860788863 0.6320652173913044 0.008700696055684454 0.007173913043478261
6 0.11252900232018562 0.5808695652173913 0.00580046403712297 0.004782608695652174
6 0.11107888631090487 0.5408695652173913 0.0063805104408352666 0.004347826086956522
6 0.15487238979118328 0.5494565217391304 0.00580046403712297 0.005434782608695652
8 0.7966937354988399 0.6369565217391304 0.009860788863109048 0.007391304347826087
1 0.48897911832946633 0.351195652173913 0.0069605568445475635 0.005869565217391304
