1 0.8591937354988399 0.5521739130434783 0.004350348027842227 0.00391304347826087
8 0.9641821345707656 0.4518478260869565 0.008410672853828306 0.008478260869565218
1 0.7527552204176334 0.20152173913043478 0.008990719257540603 0.005652173913043478
1 0.7560904872389791 0.18706521739130436 0.0063805104408352666 0.004565217391304348
1 0.7523201856148491 0.17967391304347827 0.0063805104408352666 0.004130434782608695
9 0.691415313225058 0.21532608695652175 0.009280742459396751 0.005
1 0.6674883990719258 0.11771739130434783 0.0095707656612529 0.005869565217391304
1 0.7066415313225058 0.13141304347826088 0.006670533642691415 0.004565217391304348
1 0.7163573085846868 0.13065217391304348 0.004640371229698376 0.003043478260869565
1 0.6721287703016241 0.13195652173913044 0.010150812064965197 0.00608695652173913
6 0.4595417633410673 0.17717391304347826 0.006090487238979118 0.004347826086956522
6 0.3603538283062645 0.11706521739130435 0.007250580046403712 0.005434782608695652
1 0.32337587006960555 0.1257608695652174 0.00580046403712297 0.004565217391304348
1 0.32729118329466356 0.11597826086956521 0.008990719257540603 0.005
1 0.291038283062645 0.11804347826086957 0.006670533642691415 0.0034782608695652175
1 0.2843677494199536 0.11554347826086957 0.008990719257540603 0.004130434782608695
1 0.3154002320185615 0.09815217391304348 0.007250580046403712 0.004565217391304348
1 0.3844257540603248 0.12097826086956522 0.007830626450116009 0.006739130434782609
6 0.40226218097447797 0.11521739130434783 0.005220417633410673 0.0034782608695652175
6 0.3642691415313225 0.0933695652173913 0.009280742459396751 0.005434782608695652
1 0.24057424593967516 0.13880434782608694 0.005510440835266821 0.004130434782608695
8 0.24245939675174014 0.11978260869565217 0.00580046403712297 0.004347826086956522
1 0.19736078886310904 0.1792391304347826 0.008990719257540603 0.007608695652173913
8 0.27218677494199534 0.2615217391304348 0.010730858468677494 0.009130434782608696
1 0.28335266821345706 0.18880434782608696 0.011020881670533642 0.008043478260869565
1 0.22230278422273783 0.2048913043478261 0.008990719257540603 0.005869565217391304
4 0.2162122969837587 0.8353260869565218 0.012470997679814385 0.008478260869565218
8 0.7819025522041764 0.8843478260869565 0.0191415313225058 0.01391304347826087
9 0.9344547563805105 0.5361956521739131 0.0075406032482598605 0.005869565217391304
4 0.8148201856148491 0.17815217391304347 0.006670533642691415 0.005434782608695652
1 0.6708236658932715 0.10043478260869565 0.005220417633410673 0.00391304347826087
4 0.47041763341067283 0.5679347826086957 0.011020881670533642 0.008478260869565218
0 0.5055104408352669 0.6790217391304347 0.01334106728538283 0.013260869565217392
0 0.6985208816705336 0.6271739130434782 0.05191415313225058 0.050434782608695654
0 0.8249709976798144 0.6333695652173913 0.017111368909512762 0.009347826086956522
0 0.5783062645011601 0.2559782608695652 0.02262180974477958 0.01934782608695652
1 0.33860208816705334 0.21510869565217391 0.008410672853828306 0.005
1 0.3707946635730858 0.19467391304347825 0.007250580046403712 0.004565217391304348
1 0.40284222737819025 0.9028260869565218 0.009280742459396751 0.00608695652173913
8 0.8784802784222738 0.26021739130434784 0.010440835266821345 0.008695652173913044
1 0.8019141531322506 0.2216304347826087 0.009860788863109048 0.006739130434782609
1 0.7903132250580046 0.20945652173913043 0.0075406032482598605 0.005869565217391304
8 0.48506380510440833 0.545 0.0095707656612529 0.007391304347826087
1 0.22781322505800464 0.16967391304347826 0.007830626450116009 0.004565217391304348
1 0.4944895591647332 0.0466304347826087 0.008120649651972157 0.003260869565217391
6 0.6350058004640371 0.1925 0.006670533642691415 0.004130434782608695
1 0.6489269141531323 0.23423913043478262 0.004930394431554524 0.004130434782608695
1 0.2312935034802784 0.6582608695652173 0.007830626450116009 0.007391304347826087
8 0.5926624129930395 0.9341304347826087 0.01131090487238979 0.007391304347826087
1 0.7385440835266821 0.5727173913043478 0.005510440835266821 0.005434782608695652
6 0.52334686774942 0.49934782608695655 0.006090487238979118 0.00391304347826087
1 0.2978538283062645 0.1491304347826087 0.0069605568445475635 0.00608695652173913
1 0.6515371229698376 0.19771739130434782 0.007250580046403712 0.004565217391304348
1 0.7571055684454756 0.15782608695652173 0.004350348027842227 0.003043478260869565
1 0.7407192575406032 0.13032608695652173 0.008700696055684454 0.005434782608695652
1 0.8020591647331786 0.20141304347826086 0.006670533642691415 0.006304347826086957
1 0.28306264501160094 0.15445652173913044 0.00580046403712297 0.004565217391304348
1 0.2623259860788863 0.1316304347826087 0.005510440835266821 0.004565217391304348
0 0.9260440835266821 0.6596739130434782 0.012180974477958236 0.008478260869565218
