4 0.4950696055684455 0.6916304347826087 0.02088167053364269 0.014130434782608696
4 0.443300464037123 0.7188043478260869 0.010150812064965197 0.008913043478260869
4 0.7872679814385151 0.7505434782608695 0.01131090487238979 0.012391304347826086
4 0.8309164733178654 0.7546739130434783 0.01160092807424594 0.012826086956521739
4 0.8470127610208816 0.672608695652174 0.013631090487238979 0.017826086956521738
7 0.09222737819025523 0.5365217391304348 0.008120649651972157 0.006956521739130435
8 0.617169373549884 0.13402173913043477 0.03944315545243619 0.02282608695652174
6 0.5503190255220418 0.14597826086956522 0.006670533642691415 0.0036956521739130435
6 0.5556844547563805 0.16543478260869565 0.0069605568445475635 0.004782608695652174
8 0.6714037122969838 0.11663043478260869 0.02320185614849188 0.015434782608695652
1 0.43387470997679817 0.2457608695652174 0.005220417633410673 0.005
8 0.568300464037123 0.08 0.013051044083526682 0.00782608695652174
4 0.06322505800464037 0.3134782608695652 0.0069605568445475635 0.018260869565217393
3 0.1148491879350348 0.3868478260869565 0.0063805104408352666 0.006739130434782609
0 0.08091647331786543 0.40793478260869565 0.0063805104408352666 0.004565217391304348
1 0.14153132250580047 0.45652173913043476 0.005220417633410673 0.003043478260869565
1 0.3684744779582367 0.5383695652173913 0.007830626450116009 0.008043478260869565
1 0.27856728538283065 0.5738043478260869 0.006670533642691415 0.004130434782608695
0 0.17937935034802785 0.6201086956521739 0.017111368909512762 0.012391304347826086
3 0.10484338747099768 0.6139130434782609 0.014211136890951276 0.01565217391304348
4 0.07004060324825986 0.7117391304347827 0.006090487238979118 0.009565217391304347
1 0.06728538283062645 0.6997826086956521 0.004060324825986079 0.00391304347826087
4 0.13892111368909513 0.7975 0.0063805104408352666 0.005434782608695652
1 0.304669373549884 0.7276086956521739 0.008990719257540603 0.00608695652173913
1 0.30945475638051045 0.7965217391304348 0.008120649651972157 0.006521739130434782
1 0.3806554524361949 0.9278260869565217 0.008990719257540603 0.006956521739130435
0 0.2550754060324826 0.7591304347826087 0.011890951276102088 0.013478260869565217
1 0.1424013921113689 0.7147826086956521 0.004060324825986079 0.003043478260869565
1 0.27001160092807425 0.5623913043478261 0.004060324825986079 0.0034782608695652175
1 0.1785092807424594 0.4841304347826087 0.004930394431554524 0.003043478260869565
0 0.23172853828306264 0.5325 0.008700696055684454 0.006304347826086957
0 0.22650812064965198 0.5197826086956522 0.008120649651972157 0.006521739130434782
1 0.14501160092807425 0.5332608695652173 0.0075406032482598605 0.00608695652173913
8 0.5991879350348028 0.5529347826086957 0.01334106728538283 0.008043478260869565
1 0.37819025522041766 0.6696739130434782 0.00580046403712297 0.004130434782608695
8 0.4241589327146172 0.7496739130434783 0.007830626450116009 0.005
1 0.3564385150812065 0.8793478260869565 0.011020881670533642 0.00608695652173913
8 0.791038283062645 0.8368478260869565 0.012470997679814385 0.013695652173913043
1 0.7137470997679815 0.49130434782608695 0.0063805104408352666 0.004782608695652174
1 0.7504350348027842 0.5321739130434783 0.004930394431554524 0.0034782608695652175
7 0.7133120649651972 0.5133695652173913 0.020011600928074247 0.01108695652173913
8 0.8019141531322506 0.4976086956521739 0.009280742459396751 0.00782608695652174
1 0.6824245939675174 0.5455434782608696 0.0034802784222737818 0.0036956521739130435
0 0.7729118329466357 0.5717391304347826 0.009860788863109048 0.00826086956521739
0 0.7952436194895591 0.6126086956521739 0.01160092807424594 0.012608695652173913
1 0.6242749419953596 0.5733695652173914 0.005510440835266821 0.005434782608695652
4 0.9077726218097448 0.4355434782608696 0.0069605568445475635 0.010652173913043479
8 0.9318445475638051 0.5416304347826087 0.008120649651972157 0.013695652173913043
1 0.8755800464037123 0.5734782608695652 0.005220417633410673 0.004782608695652174
8 0.9077726218097448 0.5888043478260869 0.008120649651972157 0.008478260869565218
8 0.5642401392111369 0.5584782608695652 0.007250580046403712 0.00826086956521739
1 0.7346287703016241 0.4998913043478261 0.004060324825986079 0.0036956521739130435
3 0.5320475638051044 0.15456521739130435 0.010150812064965197 0.007391304347826087
1 0.6022331786542924 0.095 0.006670533642691415 0.003043478260869565
9 0.7571055684454756 0.10304347826086957 0.008990719257540603 0.006521739130434782
8 0.8325116009280742 0.1633695652173913 0.007250580046403712 0.006739130434782609
8 0.8198955916473318 0.18532608695652175 0.004060324825986079 0.0036956521739130435
8 0.8837006960556845 0.30684782608695654 0.004060324825986079 0.005869565217391304
1 0.3822505800464037 0.06282608695652174 0.004060324825986079 0.002173913043478261
1 0.3135150812064965 0.1441304347826087 0.00580046403712297 0.003043478260869565
1 0.6160092807424594 0.30978260869565216 0.005220417633410673 0.004347826086956522
1 0.5223317865429234 0.32510869565217393 0.00580046403712297 0.004130434782608695
6 0.5046403712296984 0.36434782608695654 0.00580046403712297 0.00391304347826087
1 0.49927494199535966 0.15804347826086956 0.006670533642691415 0.004347826086956522
8 0.34817285382830626 0.08847826086956521 0.008990719257540603 0.004782608695652174
8 0.4212587006960557 0.09913043478260869 0.008410672853828306 0.006521739130434782
2 0.5226218097447796 0.888804347826087 0.03654292343387471 0.009782608695652175
2 0.44069025522041766 0.8897826086956522 0.013051044083526682 0.005652173913043478
2 0.41792343387471 0.8875 0.015081206496519721 0.004565217391304348
2 0.42169373549883993 0.8928260869565218 0.015661252900232018 0.00608695652173913
2 0.3883410672853828 0.9020652173913043 0.016821345707656612 0.007608695652173913
2 0.45490139211136893 0.8966304347826087 0.031612529002320186 0.011521739130434782
2 0.509860788863109 0.8995652173913044 0.02320185614849188 0.00782608695652174
6 0.503915313225058 0.5514130434782609 0.008990719257540603 0.006304347826086957
6 0.44852088167053367 0.5489130434782609 0.008410672853828306 0.0052173913043478265
0 0.1453016241299304 0.5870652173913044 0.015081206496519721 0.009782608695652175
3 0.06612529002320186 0.41847826086956524 0.0063805104408352666 0.007391304347826087
3 0.7688515081206496 0.4625 0.019721577726218097 0.013260869565217392
8 0.6743039443155452 0.17391304347826086 0.0191415313225058 0.015217391304347827
9 0.7800174013921114 0.5710869565217391 0.007250580046403712 0.006521739130434782
7 0.8090197215777262 0.7138043478260869 0.043213457076566125 0.028043478260869566
4 0.4989849187935035 0.6711956521739131 0.011890951276102088 0.008913043478260869
2 0.09831786542923433 0.15293478260869564 0.02262180974477958 0.022391304347826088
0 0.12035962877030162 0.6029347826086957 0.01160092807424594 0.017608695652173913
2 0.30104408352668216 0.8476086956521739 0.017981438515081206 0.01391304347826087
2 0.31162993039443154 0.8680434782608696 0.01943155452436195 0.014782608695652174
2 0.30263921113689096 0.9359782608695653 0.011890951276102088 0.011521739130434782
2 0.2913283062645012 0.9518478260869565 0.022331786542923435 0.013260869565217392
2 0.2730568445475638 0.9291304347826087 0.03277262180974478 0.00782608695652174
2 0.6587877030162413 0.8721739130434782 0.014211136890951276 0.014347826086956521
2 0.7449245939675174 0.8226086956521739 0.025812064965197216 0.018695652173913044
2 0.736223897911833 0.9045652173913044 0.01943155452436195 0.016956521739130436
2 0.7602958236658933 0.8627173913043479 0.01537122969837587 0.014565217391304348
8 0.8948665893271461 0.3065217391304348 0.008410672853828306 0.010434782608695653
1 0.6818445475638051 0.8523913043478261 0.0069605568445475635 0.005652173913043478
6 0.6545823665893271 0.8552173913043478 0.0034802784222737818 0.0026086956521739132
2 0.5421983758700696 0.9352173913043478 0.018271461716937356 0.007391304347826087
8 0.5677204176334106 0.9347826086956522 0.006670533642691415 0.004782608695652174
0 0.11803944315545244 0.6860869565217391 0.015081206496519721 0.011739130434782608
6 0.5079756380510441 0.5652173913043478 0.011890951276102088 0.006956521739130435
6 0.48448375870069604 0.5131521739130435 0.007250580046403712 0.005434782608695652
8 0.1644431554524362 0.1934782608695652 0.0063805104408352666 0.007391304347826087
8 0.8078596287703016 0.18434782608695652 0.013051044083526682 0.009130434782608696
9 0.2787122969837587 0.5059782608695652 0.0069605568445475635 0.004565217391304348
0 0.20258120649651973 0.6069565217391304 0.011890951276102088 0.008695652173913044
0 0.8107598607888631 0.7166304347826087 0.0484338747099768 0.029347826086956522
7 0.8876160092807425 0.6264130434782609 0.004930394431554524 0.005
0 0.8655742459396751 0.6490217391304348 0.0095707656612529 0.016739130434782607
1 0.5665603248259861 0.27456521739130435 0.006090487238979118 0.004347826086956522
0 0.8909512761020881 0.3858695652173913 0.013921113689095127 0.03434782608695652
1 0.7220127610208816 0.09141304347826087 0.007830626450116009 0.006739130434782609
8 0.031322505800464036 0.3791304347826087 0.009860788863109048 0.01956521739130435
0 0.06438515081206496 0.5983695652173913 0.020301624129930394 0.028043478260869566
0 0.37877030162412995 0.5945652173913043 0.02262180974477958 0.026956521739130435
2 0.5572795823665894 0.8814130434782609 0.013051044083526682 0.004130434782608695
1 0.6693735498839907 0.6269565217391304 0.012180974477958236 0.008695652173913044
0 0.5646751740139211 0.5864130434782608 0.048723897911832945 0.030217391304347824
1 0.3271461716937355 0.2093478260869565 0.0069605568445475635 0.0052173913043478265
