4 0.18445475638051045 0.15717391304347825 0.016241299303944315 0.017826086956521738
4 0.48288863109048724 0.31478260869565217 0.02494199535962877 0.01565217391304348
4 0.822215777262181 0.3273913043478261 0.016821345707656612 0.018260869565217393
4 0.8410672853828306 0.3358695652173913 0.009280742459396751 0.00826086956521739
5 0.8741299303944315 0.7841304347826087 0.037703016241299306 0.06347826086956522
5 0.8198955916473318 0.8592391304347826 0.05394431554524362 0.042391304347826085
0 0.09454756380510441 0.7785869565217391 0.034222737819025524 0.034565217391304345
0 0.11832946635730858 0.8384782608695652 0.029002320185614848 0.03391304347826087
0 0.1480568445475638 0.8528260869565217 0.022331786542923435 0.025652173913043478
0 0.9057424593967517 0.7109782608695652 0.013921113689095127 0.035869565217391305
3 0.419953596287703 0.5745652173913044 0.00580046403712297 0.005652173913043478
8 0.22505800464037123 0.7072826086956522 0.03538283062645012 0.02282608695652174
0 0.24840487238979117 0.7290217391304348 0.020591647331786544 0.011956521739130435
0 0.21418213457076565 0.7309782608695652 0.008410672853828306 0.009782608695652175
0 0.23970417633410673 0.7396739130434783 0.013631090487238979 0.008913043478260869
0 0.13935614849187936 0.7392391304347826 0.008990719257540603 0.014130434782608696
6 0.6628480278422274 0.1817391304347826 0.007830626450116009 0.00608695652173913
0 0.7137470997679815 0.7048913043478261 0.012180974477958236 0.009782608695652175
6 0.7613109048723898 0.7240217391304348 0.008700696055684454 0.007608695652173913
6 0.806554524361949 0.7332608695652174 0.008120649651972157 0.006521739130434782
8 0.7624709976798144 0.765 0.015081206496519721 0.010869565217391304
0 0.7117169373549884 0.7525 0.008120649651972157 0.006304347826086957
0 0.7997389791183295 0.7070652173913043 0.008410672853828306 0.007608695652173913
0 0.552784222737819 0.7764130434782609 0.01160092807424594 0.011521739130434782
0 0.4718677494199536 0.7635869565217391 0.0063805104408352666 0.007608695652173913
0 0.47549303944315546 0.7739130434782608 0.0095707656612529 0.01217391304347826
6 0.5655452436194895 0.8172826086956522 0.009860788863109048 0.007173913043478261
0 0.5382830626450116 0.7935869565217392 0.009280742459396751 0.009347826086956522
0 0.4572215777262181 0.7790217391304348 0.010150812064965197 0.007173913043478261
0 0.3954466357308585 0.8126086956521739 0.0095707656612529 0.009130434782608696
0 0.38268561484918795 0.8110869565217391 0.0095707656612529 0.010869565217391304
0 0.4328596287703016 0.8046739130434782 0.01131090487238979 0.01108695652173913
0 0.43546983758700697 0.7891304347826087 0.013051044083526682 0.00826086956521739
6 0.3645591647331787 0.8108695652173913 0.005220417633410673 0.00608695652173913
0 0.4939095127610209 0.7808695652173913 0.009280742459396751 0.009130434782608696
0 0.5030452436194895 0.7948913043478261 0.006670533642691415 0.007173913043478261
0 0.47607308584686775 0.7514130434782609 0.0095707656612529 0.014130434782608696
0 0.4380800464037123 0.6027173913043479 0.006670533642691415 0.008478260869565218
0 0.5 0.5995652173913043 0.02088167053364269 0.011304347826086957
0 0.472592807424594 0.6276086956521739 0.01131090487238979 0.011739130434782608
0 0.4720127610208817 0.6377173913043478 0.010150812064965197 0.006739130434782609
0 0.4459106728538283 0.6079347826086956 0.006090487238979118 0.008913043478260869
0 0.4430104408352668 0.6207608695652174 0.008990719257540603 0.008913043478260869
0 0.14544663573085848 0.7659782608695652 0.004350348027842227 0.01108695652173913
3 0.07294083526682135 0.5978260869565217 0.010730858468677494 0.010434782608695653
3 0.07511600928074245 0.5415217391304348 0.012180974477958236 0.011739130434782608
3 0.06569025522041763 0.5173913043478261 0.008410672853828306 0.00608695652173913
6 0.683584686774942 0.29293478260869565 0.012180974477958236 0.006304347826086957
0 0.7911832946635731 0.653804347826087 0.015081206496519721 0.007173913043478261
0 0.8426624129930395 0.7573913043478261 0.010730858468677494 0.01217391304347826
8 0.857308584686775 0.6760869565217391 0.016241299303944315 0.013478260869565217
9 0.6203596287703016 0.8543478260869565 0.017981438515081206 0.011739130434782608
9 0.6397911832946636 0.886195652173913 0.014501160092807424 0.008913043478260869
9 0.5475638051044084 0.9034782608695652 0.011020881670533642 0.006956521739130435
9 0.6673433874709976 0.8946739130434782 0.009860788863109048 0.007608695652173913
9 0.6976508120649652 0.8683695652173913 0.013051044083526682 0.008913043478260869
9 0.5381380510440835 0.9290217391304347 0.008990719257540603 0.005869565217391304
9 0.5397331786542924 0.9329347826086957 0.009280742459396751 0.005
9 0.36513921113689096 0.9032608695652173 0.012180974477958236 0.006956521739130435
2 0.43271461716937354 0.9144565217391304 0.013921113689095127 0.008913043478260869
9 0.238254060324826 0.9081521739130435 0.013051044083526682 0.009347826086956522
1 0.44968097447795824 0.13717391304347826 0.010150812064965197 0.0052173913043478265
9 0.25145011600928074 0.8109782608695653 0.029582366589327145 0.025
2 0.34106728538283065 0.9145652173913044 0.029582366589327145 0.021304347826086957
2 0.4053074245939675 0.9095652173913044 0.02291183294663573 0.01217391304347826
0 0.47433294663573083 0.7879347826086956 0.014211136890951276 0.010652173913043479
2 0.14994199535962877 0.796304347826087 0.02842227378190255 0.021739130434782608
0 0.19127030162412992 0.8452173913043478 0.02697215777262181 0.020869565217391306
0 0.23201856148491878 0.9234782608695652 0.03248259860788863 0.01608695652173913
0 0.18024941995359628 0.8759782608695652 0.037412993039443156 0.026304347826086958
0 0.28204756380510443 0.8776086956521739 0.08033642691415313 0.04521739130434783
0 0.701131090487239 0.8992391304347827 0.02697215777262181 0.029782608695652173
0 0.7195475638051044 0.9178260869565218 0.029582366589327145 0.017826086956521738
0 0.6772041763341067 0.9108695652173913 0.029582366589327145 0.023478260869565216
0 0.6410962877030162 0.899891304347826 0.037412993039443156 0.01891304347826087
0 0.6218097447795824 0.8813043478260869 0.0574245939675174 0.03173913043478261
0 0.6722737819025522 0.8767391304347826 0.03944315545243619 0.02826086956521739
0 0.808584686774942 0.8103260869565218 0.015081206496519721 0.02108695652173913
0 0.8330916473317865 0.8143478260869565 0.020011600928074247 0.02391304347826087
0 0.8188805104408353 0.7218478260869565 0.013631090487238979 0.011521739130434782
4 0.35281322505800466 0.5595652173913044 0.01537122969837587 0.009130434782608696
4 0.29828886310904873 0.5770652173913043 0.01537122969837587 0.011521739130434782
8 0.6351508120649652 0.8066304347826087 0.01334106728538283 0.010652173913043479
4 0.8552784222737819 0.5373913043478261 0.015661252900232018 0.00826086956521739
9 0.4250290023201856 0.09532608695652174 0.010150812064965197 0.006304347826086957
8 0.8568735498839907 0.7389130434782609 0.006670533642691415 0.006521739130434782
8 0.7157772621809745 0.8119565217391305 0.011020881670533642 0.008695652173913044
8 0.7529002320185615 0.8193478260869566 0.016821345707656612 0.01
0 0.7627610208816705 0.7933695652173913 0.010440835266821345 0.007608695652173913
8 0.6567575406032483 0.7980434782608695 0.012470997679814385 0.008695652173913044
2 0.6453016241299304 0.9133695652173913 0.02320185614849188 0.022391304347826088
8 0.31206496519721577 0.9193478260869565 0.015081206496519721 0.010434782608695653
5 0.27914733178654294 0.9204347826086956 0.03509280742459397 0.02826086956521739
1 0.17082366589327147 0.7138043478260869 0.0069605568445475635 0.004565217391304348
1 0.5374129930394431 0.605108695652174 0.0063805104408352666 0.004130434782608695
0 0.18010440835266822 0.7809782608695652 0.012180974477958236 0.005434782608695652
9 0.22534802784222738 0.7909782608695652 0.00580046403712297 0.004565217391304348
8 0.6342807424593968 0.7088043478260869 0.0069605568445475635 0.005
8 0.6200696055684455 0.7346739130434783 0.008120649651972157 0.006739130434782609
1 0.6801044083526682 0.7639130434782608 0.004640371229698376 0.00391304347826087
1 0.6857598607888631 0.7932608695652174 0.004930394431554524 0.0034782608695652175
0 0.9241589327146171 0.7064130434782608 0.018851508120649653 0.02282608695652174
0 0.8478828306264501 0.7205434782608696 0.010150812064965197 0.011521739130434782
8 0.7874129930394431 0.858804347826087 0.016241299303944315 0.022391304347826088
8 0.8061194895591647 0.8416304347826087 0.011890951276102088 0.009782608695652175
6 0.6814095127610209 0.6833695652173913 0.007830626450116009 0.005434782608695652
1 0.42763921113689096 0.7479347826086956 0.004930394431554524 0.003260869565217391
0 0.7415893271461717 0.7775 0.011020881670533642 0.010217391304347826
0 0.861368909512761 0.6765217391304348 0.008700696055684454 0.009130434782608696
0 0.9508410672853829 0.37130434782608696 0.006670533642691415 0.011304347826086957
0 0.5733758700696056 0.1325 0.02320185614849188 0.012826086956521739
1 0.4950696055684455 0.15804347826086956 0.00580046403712297 0.00391304347826087
1 0.28465777262180975 0.16858695652173913 0.0037703016241299302 0.002826086956521739
1 0.30089907192575405 0.16782608695652174 0.0031902552204176333 0.0026086956521739132
1 0.2736368909512761 0.18445652173913044 0.0031902552204176333 0.002391304347826087
1 0.23970417633410673 0.32532608695652177 0.004930394431554524 0.003260869565217391
0 0.4053074245939675 0.42641304347826087 0.008410672853828306 0.012391304347826086