8 0.5065255220417634 0.6281521739130435 0.02349187935034803 0.012826086956521739
4 0.5616299303944315 0.5921739130434782 0.010730858468677494 0.011739130434782608
4 0.1279002320185615 0.5273913043478261 0.0069605568445475635 0.005652173913043478
1 0.12659512761020883 0.601195652173913 0.007250580046403712 0.004565217391304348
1 0.21490719257540603 0.5815217391304348 0.0075406032482598605 0.005652173913043478
1 0.33816705336426917 0.5835869565217391 0.0075406032482598605 0.004565217391304348
6 0.10919373549883991 0.662608695652174 0.006670533642691415 0.0052173913043478265
1 0.35266821345707655 0.8376086956521739 0.005220417633410673 0.00391304347826087
1 0.36861948955916474 0.9046739130434782 0.004640371229698376 0.004130434782608695
4 0.8597737819025522 0.7283695652173913 0.008410672853828306 0.006304347826086957
4 0.8428074245939675 0.4756521739130435 0.0069605568445475635 0.004347826086956522
4 0.39008120649651973 0.4364130434782609 0.009860788863109048 0.010217391304347826
4 0.5954176334106729 0.3620652173913044 0.004060324825986079 0.004130434782608695
4 0.25014501160092806 0.3140217391304348 0.029872389791183295 0.015
3 0.6062935034802784 0.5996739130434783 0.02117169373549884 0.015869565217391305
3 0.5814965197215777 0.5618478260869565 0.0191415313225058 0.015434782608695652
3 0.517691415313225 0.5293478260869565 0.00580046403712297 0.009130434782608696
1 0.5189965197215777 0.5807608695652174 0.006090487238979118 0.004130434782608695
1 0.4156032482598608 0.6339130434782608 0.0063805104408352666 0.00391304347826087
1 0.40835266821345706 0.6165217391304347 0.004640371229698376 0.003043478260869565
1 0.5812064965197216 0.8386956521739131 0.004640371229698376 0.003043478260869565
1 0.6216647331786543 0.8327173913043479 0.0037703016241299302 0.0036956521739130435
1 0.6244199535962877 0.8325 0.0034802784222737818 0.003260869565217391
1 0.4048723897911833 0.6233695652173913 0.004060324825986079 0.003260869565217391
6 0.5047853828306265 0.22065217391304348 0.006090487238979118 0.003043478260869565
0 0.7114269141531323 0.38380434782608697 0.016821345707656612 0.006304347826086957
2 0.4314095127610209 0.8867391304347826 0.013631090487238979 0.005652173913043478
2 0.4680974477958237 0.8771739130434782 0.008700696055684454 0.006521739130434782
1 0.25319025522041766 0.7084782608695652 0.0034802784222737818 0.0026086956521739132
1 0.384715777262181 0.25 0.004930394431554524 0.003043478260869565
8 0.42560904872389793 0.5946739130434783 0.016531322505800465 0.009782608695652175
0 0.7034512761020881 0.5994565217391304 0.016531322505800465 0.01847826086956522
4 0.06540023201856149 0.39760869565217394 0.005510440835266821 0.00826086956521739
0 0.43604988399071926 0.3648913043478261 0.016531322505800465 0.006304347826086957
8 0.8970417633410673 0.36717391304347824 0.01334106728538283 0.019130434782608695
1 0.24956496519721577 0.5483695652173913 0.006670533642691415 0.006304347826086957
0 0.8156902552204176 0.645 0.006090487238979118 0.004347826086956522
8 0.839762180974478 0.7557608695652174 0.006090487238979118 0.005434782608695652
1 0.19069025522041763 0.5954347826086956 0.005510440835266821 0.004347826086956522
1 0.18111948955916474 0.6102173913043478 0.0031902552204176333 0.0026086956521739132
8 0.07294083526682135 0.5916304347826087 0.0037703016241299302 0.0036956521739130435