5 0.11934454756380511 0.4905434782608696 0.043793503480278426 0.04065217391304348
0 0.15806264501160092 0.5591304347826087 0.04988399071925754 0.020869565217391306
0 0.18561484918793503 0.5671739130434783 0.008120649651972157 0.007391304347826087
0 0.1638631090487239 0.6006521739130435 0.029582366589327145 0.03130434782608696
0 0.17357888631090487 0.5795652173913044 0.01769141531322506 0.006956521739130435
0 0.17763921113689096 0.6045652173913043 0.0037703016241299302 0.0034782608695652175
0 0.15588747099767983 0.6260869565217392 0.01769141531322506 0.01956521739130435
0 0.17386890951276102 0.6217391304347826 0.011890951276102088 0.008695652173913044
0 0.21186194895591648 0.5754347826086956 0.05597447795823666 0.034782608695652174
0 0.2208526682134571 0.5722826086956522 0.006670533642691415 0.0036956521739130435
0 0.228538283062645 0.5688043478260869 0.013921113689095127 0.006739130434782609
0 0.21606728538283063 0.6028260869565217 0.021461716937354988 0.015217391304347827
0 0.19069025522041763 0.613804347826087 0.024071925754060326 0.015
2 0.11832946635730858 0.6446739130434782 0.030162412993039442 0.035434782608695654
2 0.1525522041763341 0.5926086956521739 0.009860788863109048 0.007391304347826087
2 0.15762761020881672 0.6196739130434783 0.006670533642691415 0.008043478260869565
2 0.22230278422273783 0.5797826086956521 0.008410672853828306 0.005652173913043478
2 0.14834686774941996 0.5493478260869565 0.010150812064965197 0.00782608695652174
0 0.19736078886310904 0.5327173913043478 0.011890951276102088 0.013260869565217392
8 0.12645011600928074 0.6935869565217392 0.013921113689095127 0.011521739130434782
8 0.1025232018561485 0.6980434782608695 0.014211136890951276 0.011304347826086957
8 0.15777262180974477 0.7521739130434782 0.016241299303944315 0.018260869565217393
0 0.820330626450116 0.5728260869565217 0.027552204176334107 0.024782608695652172
0 0.7972737819025522 0.5890217391304348 0.02494199535962877 0.03369565217391304
0 0.8238109048723898 0.5915217391304348 0.025812064965197216 0.018260869565217393
0 0.808584686774942 0.6145652173913043 0.02668213457076566 0.023043478260869565
2 0.8051044083526682 0.6 0.008700696055684454 0.006956521739130435
2 0.7917633410672854 0.5994565217391304 0.01160092807424594 0.006304347826086957
2 0.7805974477958236 0.6142391304347826 0.006670533642691415 0.006304347826086957
0 0.7588457076566125 0.6110869565217392 0.03973317865429234 0.021739130434782608
0 0.7821925754060325 0.6156521739130435 0.0191415313225058 0.024782608695652172
2 0.22607308584686775 0.7857608695652174 0.008410672853828306 0.009347826086956522
8 0.34135730858468677 0.03108695652173913 0.01740139211136891 0.013043478260869565
8 0.21316705336426914 0.07619565217391304 0.012180974477958236 0.011521739130434782
2 0.8590487238979119 0.11043478260869566 0.05046403712296984 0.05608695652173913
2 0.17038863109048724 0.029347826086956522 0.04669373549883991 0.05521739130434783
2 0.13109048723897912 0.10282608695652173 0.02668213457076566 0.04391304347826087
1 0.1300754060324826 0.4282608695652174 0.008990719257540603 0.005652173913043478
2 0.1571925754060325 0.6741304347826087 0.008700696055684454 0.008695652173913044
2 0.2584106728538283 0.7942391304347826 0.025522041763341066 0.018043478260869564
7 0.2861078886310905 0.40891304347826085 0.0095707656612529 0.008695652173913044
5 0.03262761020881671 0.4548913043478261 0.02523201856148492 0.03717391304347826
1 0.8329466357308585 0.4528260869565217 0.0069605568445475635 0.005652173913043478
4 0.24405452436194897 0.8427173913043479 0.014211136890951276 0.011956521739130435
2 0.17502900232018562 0.7603260869565217 0.010150812064965197 0.010217391304347826
2 0.1373259860788863 0.7609782608695652 0.010730858468677494 0.012826086956521739
8 0.154292343387471 0.7369565217391304 0.012180974477958236 0.010434782608695653
0 0.08135150812064965 0.5860869565217391 0.01769141531322506 0.02826086956521739
0 0.08367169373549883 0.6476086956521739 0.029872389791183295 0.025217391304347827
0 0.07482598607888631 0.6181521739130434 0.019721577726218097 0.03282608695652174
0 0.08918213457076567 0.6190217391304348 0.0095707656612529 0.008913043478260869
0 0.07526102088167054 0.5571739130434783 0.03277262180974478 0.02391304347826087
2 0.08149651972157773 0.5639130434782609 0.009860788863109048 0.00826086956521739
0 0.0427784222737819 0.542608695652174 0.018851508120649653 0.011739130434782608
0 0.11267401392111369 0.5528260869565217 0.0287122969837587 0.02782608695652174
0 0.12122969837587007 0.5946739130434783 0.058584686774941996 0.042391304347826085
0 0.10440835266821345 0.6169565217391304 0.021461716937354988 0.03304347826086956
0 0.11905452436194895 0.6654347826086957 0.05249419953596288 0.042608695652173914
0 0.16009280742459397 0.6426086956521739 0.07018561484918794 0.05434782608695652
0 0.13935614849187936 0.7094565217391304 0.04031322505800464 0.04804347826086956
0 0.17879930394431554 0.735 0.03799303944315545 0.030869565217391304
0 0.20185614849187936 0.7107608695652174 0.03074245939675174 0.042826086956521736
0 0.17270881670533642 0.6931521739130435 0.049593967517401395 0.049782608695652174
0 0.8636890951276102 0.5671739130434783 0.023781902552204175 0.019130434782608695
0 0.8581786542923434 0.6083695652173913 0.017981438515081206 0.012391304347826086
0 0.8326566125290024 0.6340217391304348 0.04756380510440835 0.03195652173913043
0 0.8259860788863109 0.6167391304347826 0.024361948955916472 0.010869565217391304
5 0.9040023201856149 0.518804347826087 0.02494199535962877 0.02326086956521739
4 0.890661252900232 0.3098913043478261 0.019721577726218097 0.01891304347826087
0 0.746084686774942 0.14097826086956522 0.0658352668213457 0.016304347826086956
8 0.4560614849187935 0.09402173913043478 0.007830626450116009 0.006739130434782609
1 0.888631090487239 0.4404347826086957 0.0075406032482598605 0.005652173913043478
5 0.7614559164733179 0.7198913043478261 0.031612529002320186 0.04543478260869565
0 0.27450696055684454 0.5457608695652174 0.01131090487238979 0.007608695652173913
9 0.040168213457076565 0.5128260869565218 0.007250580046403712 0.005652173913043478
8 0.18039443155452436 0.44217391304347825 0.009280742459396751 0.0052173913043478265
8 0.5713457076566125 0.2283695652173913 0.005220417633410673 0.002826086956521739
8 0.46142691415313225 0.40108695652173915 0.005220417633410673 0.004782608695652174
1 0.470707656612529 0.3730434782608696 0.005220417633410673 0.004782608695652174
6 0.5304524361948956 0.43771739130434784 0.008120649651972157 0.005
6 0.5224767981438515 0.5033695652173913 0.007830626450116009 0.006304347826086957
6 0.47868329466357307 0.47097826086956524 0.007250580046403712 0.005869565217391304
8 0.2060614849187935 0.513804347826087 0.008990719257540603 0.007608695652173913
0 0.4055974477958237 0.8375 0.013051044083526682 0.007608695652173913
8 0.6632830626450116 0.7248913043478261 0.02088167053364269 0.023695652173913045
6 0.8805104408352669 0.5294565217391304 0.0069605568445475635 0.005434782608695652
0 0.7279582366589327 0.5164130434782609 0.029582366589327145 0.026304347826086958
0 0.4563515081206497 0.4692391304347826 0.006670533642691415 0.008043478260869565
0 0.44968097447795824 0.4792391304347826 0.011890951276102088 0.013260869565217392
