6 0.7009860788863109 0.21032608695652175 0.0063805104408352666 0.005434782608695652
9 0.6727088167053364 0.5570652173913043 0.006090487238979118 0.005434782608695652
6 0.3835556844547564 0.6408695652173914 0.004350348027842227 0.003043478260869565
8 0.474622969837587 0.49869565217391304 0.010150812064965197 0.00608695652173913
8 0.513631090487239 0.48619565217391303 0.01160092807424594 0.009782608695652175
4 0.1025232018561485 0.7291304347826087 0.004350348027842227 0.004782608695652174
1 0.8916763341067285 0.11652173913043479 0.0020301624129930394 0.0013043478260869566
6 0.5316125290023201 0.5477173913043478 0.0063805104408352666 0.004130434782608695
6 0.5047853828306265 0.5316304347826087 0.005510440835266821 0.0036956521739130435
6 0.521461716937355 0.5297826086956522 0.00580046403712297 0.004347826086956522
0 0.5537993039443155 0.5208695652173913 0.008990719257540603 0.005652173913043478
0 0.5923723897911833 0.513804347826087 0.007830626450116009 0.006304347826086957
1 0.7687064965197216 0.7041304347826087 0.0031902552204176333 0.0026086956521739132
1 0.7560904872389791 0.7193478260869566 0.002900232018561485 0.0026086956521739132
1 0.7582656612529002 0.7259782608695652 0.0037703016241299302 0.001956521739130435
6 0.5174013921113689 0.3339130434782609 0.0063805104408352666 0.004347826086956522
6 0.40806264501160094 0.23989130434782607 0.0063805104408352666 0.004565217391304348
1 0.23462877030162413 0.37956521739130433 0.0075406032482598605 0.0052173913043478265
1 0.16139791183294663 0.3790217391304348 0.006090487238979118 0.005
6 0.47549303944315546 0.23358695652173914 0.006670533642691415 0.004565217391304348
6 0.6499419953596288 0.2457608695652174 0.0063805104408352666 0.005
6 0.6564675174013921 0.21717391304347827 0.006090487238979118 0.004347826086956522
1 0.5867169373549884 0.3492391304347826 0.0069605568445475635 0.005434782608695652
6 0.611223897911833 0.5330434782608696 0.006090487238979118 0.004347826086956522
6 0.4892691415313225 0.5323913043478261 0.00580046403712297 0.004347826086956522
6 0.5466937354988399 0.529891304347826 0.00580046403712297 0.004565217391304348
1 0.4131380510440835 0.31293478260869567 0.010150812064965197 0.005869565217391304
1 0.351508120649652 0.4935869565217391 0.008700696055684454 0.006739130434782609
1 0.35991879350348027 0.4785869565217391 0.009280742459396751 0.006739130434782609
1 0.9038573085846868 0.5659782608695653 0.006670533642691415 0.005
1 0.9025522041763341 0.5443478260869565 0.008120649651972157 0.00608695652173913
1 0.9037122969837587 0.5596739130434782 0.0069605568445475635 0.005
8 0.9614269141531323 0.58 0.0075406032482598605 0.00826086956521739
1 0.19359048723897912 0.16032608695652173 0.007250580046403712 0.005434782608695652
6 0.665893271461717 0.1041304347826087 0.009860788863109048 0.006956521739130435
1 0.7995939675174014 0.19 0.0075406032482598605 0.005652173913043478
0 0.8139501160092807 0.6251086956521739 0.007250580046403712 0.01108695652173913
1 0.5287122969837587 0.5646739130434782 0.0069605568445475635 0.004130434782608695
7 0.41806844547563804 0.35793478260869566 0.018271461716937356 0.010652173913043479
0 0.9243039443155452 0.42032608695652174 0.037703016241299306 0.035434782608695654
1 0.6888051044083526 0.11282608695652174 0.0063805104408352666 0.004782608695652174
6 0.6673433874709976 0.1751086956521739 0.005220417633410673 0.003260869565217391
8 0.8119199535962877 0.5470652173913043 0.008410672853828306 0.006304347826086957
8 0.6890951276102089 0.688695652173913 0.013921113689095127 0.01217391304347826
9 0.5213167053364269 0.6021739130434782 0.010730858468677494 0.008695652173913044
1 0.1570475638051044 0.08923913043478261 0.004350348027842227 0.002826086956521739
1 0.22897331786542924 0.15021739130434783 0.004930394431554524 0.004347826086956522
1 0.2613109048723898 0.17021739130434782 0.0063805104408352666 0.004782608695652174
1 0.4167633410672854 0.12108695652173913 0.002900232018561485 0.003043478260869565
6 0.5843967517401392 0.16358695652173913 0.005220417633410673 0.005
1 0.509860788863109 0.5027173913043478 0.004060324825986079 0.002826086956521739
0 0.5068155452436195 0.5207608695652174 0.004930394431554524 0.004565217391304348
1 0.6946055684454756 0.5858695652173913 0.004640371229698376 0.0034782608695652175
1 0.300754060324826 0.8571739130434782 0.0034802784222737818 0.002173913043478261
1 0.2730568445475638 0.7422826086956522 0.0037703016241299302 0.0036956521739130435
6 0.505800464037123 0.27358695652173914 0.004640371229698376 0.004565217391304348
1 0.8117749419953596 0.16065217391304348 0.0063805104408352666 0.004782608695652174