6 0.4702726218097448 0.3272826086956522 0.007250580046403712 0.005869565217391304
8 0.8055394431554525 0.6358695652173914 0.015951276102088168 0.015217391304347827
8 0.8784802784222738 0.5915217391304348 0.009860788863109048 0.008695652173913044
1 0.8159802784222738 0.5909782608695652 0.005510440835266821 0.005869565217391304
1 0.8161252900232019 0.6621739130434783 0.009280742459396751 0.00782608695652174
1 0.8606438515081206 0.6277173913043478 0.010150812064965197 0.007608695652173913
1 0.8903712296983759 0.49967391304347825 0.0069605568445475635 0.005
1 0.9708526682134571 0.5675 0.004350348027842227 0.005869565217391304
1 0.7563805104408353 0.6248913043478261 0.008120649651972157 0.005869565217391304
0 0.7914733178654292 0.6114130434782609 0.010440835266821345 0.008478260869565218
0 0.8043793503480279 0.6227173913043478 0.010150812064965197 0.007173913043478261
8 0.7059164733178654 0.7677173913043478 0.01334106728538283 0.012391304347826086
6 0.584106728538283 0.8915217391304348 0.0069605568445475635 0.004782608695652174
8 0.49854988399071926 0.9093478260869565 0.01160092807424594 0.01
1 0.24071925754060325 0.8532608695652174 0.0069605568445475635 0.00608695652173913
1 0.24854988399071926 0.8478260869565217 0.00580046403712297 0.0052173913043478265
4 0.13036542923433875 0.8125 0.006090487238979118 0.005434782608695652
8 0.1785092807424594 0.7110869565217391 0.013631090487238979 0.01
1 0.2737819025522042 0.7454347826086957 0.0063805104408352666 0.0052173913043478265
1 0.275377030162413 0.7314130434782609 0.005510440835266821 0.0036956521739130435
1 0.2066415313225058 0.6380434782608696 0.006670533642691415 0.0052173913043478265
8 0.09280742459396751 0.5492391304347826 0.0063805104408352666 0.005
1 0.49405452436194897 0.45521739130434785 0.005510440835266821 0.0034782608695652175
3 0.5626450116009281 0.4266304347826087 0.012180974477958236 0.012826086956521739
6 0.6060034802784223 0.3759782608695652 0.008410672853828306 0.006304347826086957
7 0.12601508120649652 0.4210869565217391 0.0095707656612529 0.0052173913043478265
3 0.28857308584686775 0.4892391304347826 0.012761020881670533 0.008043478260869565
0 0.06424013921113689 0.5748913043478261 0.01131090487238979 0.011521739130434782
1 0.2917633410672854 0.855 0.014501160092807424 0.010869565217391304
3 0.36122389791183296 0.21021739130434783 0.018271461716937356 0.010434782608695653
1 0.902262180974478 0.5590217391304347 0.0075406032482598605 0.007608695652173913
3 0.8125 0.4851086956521739 0.006670533642691415 0.004130434782608695
3 0.8638341067285383 0.503804347826087 0.029872389791183295 0.011956521739130435
1 0.8480278422273781 0.4781521739130435 0.004060324825986079 0.002826086956521739
1 0.9245939675174014 0.5780434782608695 0.0063805104408352666 0.006956521739130435
1 0.9682424593967517 0.5955434782608696 0.0037703016241299302 0.005434782608695652
1 0.8968967517401392 0.6472826086956521 0.007830626450116009 0.008478260869565218
0 0.5334976798143851 0.5317391304347826 0.010150812064965197 0.006956521739130435
7 0.07700116009280743 0.4185869565217391 0.007830626450116009 0.005
3 0.07555104408352668 0.41282608695652173 0.007250580046403712 0.00391304347826087
3 0.0529292343387471 0.42684782608695654 0.005510440835266821 0.005869565217391304
7 0.11731438515081206 0.6739130434782609 0.04669373549883991 0.05304347826086957
7 0.14167633410672853 0.731195652173913 0.03277262180974478 0.026304347826086958
7 0.18401972157772623 0.7472826086956522 0.03625290023201856 0.055
7 0.8980568445475638 0.6684782608695652 0.012470997679814385 0.03391304347826087
6 0.6329756380510441 0.12304347826086956 0.005510440835266821 0.00391304347826087
0 0.24115429234338748 0.5491304347826087 0.0095707656612529 0.006521739130434782
0 0.8188805104408353 0.5672826086956522 0.007830626450116009 0.005869565217391304
0 0.8428074245939675 0.572391304347826 0.008120649651972157 0.006521739130434782
0 0.7311484918793504 0.6569565217391304 0.0063805104408352666 0.00608695652173913
1 0.7533352668213457 0.6495652173913044 0.006670533642691415 0.004782608695652174
1 0.9028422273781903 0.27793478260869564 0.004060324825986079 0.0036956521739130435
2 0.5697505800464037 0.898695652173913 0.013051044083526682 0.010869565217391304
0 0.1729988399071926 0.6079347826086956 0.010150812064965197 0.007608695652173913
0 0.7540603248259861 0.7032608695652174 0.014501160092807424 0.01217391304347826
