4 0.789844 0.253125 0.073438 0.090625
0 0.639062 0.778125 0.118750 0.068750
0 0.321875 0.756250 0.093750 0.137500
0 0.283594 0.633594 0.064063 0.076563
0 0.355469 0.628906 0.057813 0.057813
0 0.549219 0.581250 0.151562 0.206250
0 0.686719 0.345313 0.082812 0.078125
0 0.140625 0.803125 0.053125 0.162500
0 0.678906 0.490625 0.107813 0.087500
0 0.652344 0.862500 0.054688 0.050000
0 0.628125 0.687500 0.034375 0.059375
0 0.457031 0.725781 0.064062 0.089063
0 0.901563 0.243750 0.143750 0.093750
0 0.506250 0.246094 0.087500 0.048438
0 0.591406 0.235156 0.060937 0.042188
0 0.468750 0.456250 0.106250 0.053125
