0 0.594531 0.845313 0.098437 0.103125
0 0.639062 0.278125 0.118750 0.068750
0 0.783594 0.679688 0.082812 0.075000
0 0.321875 0.256250 0.093750 0.137500
0 0.283594 0.133594 0.064063 0.076563
0 0.355469 0.128906 0.057813 0.057813
0 0.392188 0.849219 0.071875 0.057813
0 0.140625 0.303125 0.053125 0.162500
0 0.944531 0.513281 0.070312 0.035937
0 0.715625 0.774219 0.062500 0.057813
0 0.652344 0.362500 0.054688 0.050000
0 0.744531 0.914062 0.048438 0.043750
0 0.628125 0.187500 0.034375 0.059375
0 0.457031 0.225781 0.064062 0.089063
0 0.166406 0.885156 0.079687 0.179688
0 0.537500 0.570312 0.190625 0.093750
0 0.213281 0.430469 0.085938 0.151562
