0 0.888281 0.237500 0.054688 0.062500
0 0.944531 0.453125 0.067187 0.096875
0 0.878906 0.493750 0.042188 0.043750
0 0.826562 0.696094 0.059375 0.089063
3 0.703125 0.850781 0.065625 0.092188
0 0.457031 0.160938 0.098437 0.184375
0 0.823438 0.837500 0.037500 0.053125
0 0.561719 0.176563 0.089063 0.187500
0 0.721875 0.287500 0.059375 0.100000
1 0.569531 0.835937 0.035937 0.071875
0 0.912500 0.836719 0.028125 0.060937
0 0.659375 0.489844 0.081250 0.076563
0 0.463281 0.607812 0.082812 0.159375
0 0.389062 0.274219 0.046875 0.210938
0 0.869531 0.394531 0.029687 0.045312
0 0.808594 0.439063 0.070312 0.106250
0 0.921875 0.334375 0.043750 0.053125
