7 0.041406 0.192188 0.042188 0.059375
0 0.127344 0.369531 0.092188 0.101562
7 0.094531 0.614844 0.060937 0.064062
4 0.927344 0.854687 0.045312 0.043750
0 0.065625 0.488281 0.043750 0.076563
0 0.499219 0.478906 0.057813 0.070312
0 0.303125 0.435937 0.056250 0.087500
0 0.148438 0.095312 0.059375 0.065625
0 0.614062 0.282813 0.081250 0.059375
0 0.221094 0.395313 0.035937 0.043750
0 0.028125 0.736719 0.040625 0.057813
0 0.122656 0.742188 0.092188 0.131250
0 0.160156 0.511719 0.054688 0.057813
0 0.465625 0.786719 0.056250 0.035937
0 0.186719 0.292187 0.042188 0.059375
