0 0.627344 0.369531 0.092188 0.101562
7 0.594531 0.614844 0.060937 0.064062
0 0.400000 0.710938 0.143750 0.156250
0 0.565625 0.488281 0.043750 0.076563
0 0.803125 0.435937 0.056250 0.087500
0 0.648438 0.095312 0.059375 0.065625
0 0.328125 0.319531 0.071875 0.189062
0 0.152344 0.577344 0.157812 0.173437
0 0.491406 0.382812 0.085938 0.103125
7 0.264062 0.075000 0.046875 0.046875
0 0.721094 0.395313 0.035937 0.043750
0 0.528125 0.736719 0.040625 0.057813
0 0.622656 0.742188 0.092188 0.131250
0 0.660156 0.511719 0.054688 0.057813
0 0.965625 0.786719 0.056250 0.035937
0 0.686719 0.292187 0.042188 0.059375
7 0.446094 0.146875 0.060937 0.068750
