1 0.728906 0.023438 0.026562 0.043750
1 0.485156 0.210156 0.023438 0.032813
1 0.641406 0.377344 0.026562 0.039062
1 0.654687 0.415625 0.018750 0.025000
1 0.537500 0.853906 0.025000 0.039062
1 0.378125 0.707812 0.018750 0.025000
1 0.538281 0.650000 0.026562 0.031250
1 0.226562 0.703906 0.025000 0.032813
1 0.124219 0.688281 0.020313 0.023438
1 0.382031 0.892969 0.023438 0.032813
1 0.447656 0.867969 0.026562 0.029687
1 0.268750 0.875000 0.028125 0.034375
1 0.208594 0.782813 0.026562 0.031250
1 0.498437 0.457031 0.031250 0.042188
1 0.415625 0.476563 0.028125 0.034375
1 0.726562 0.693750 0.034375 0.040625
1 0.759375 0.463281 0.021875 0.035937
1 0.789844 0.456250 0.017188 0.034375
1 0.442969 0.741406 0.026562 0.026562
7 0.658594 0.689844 0.067187 0.117188
7 0.829688 0.150781 0.046875 0.064062
7 0.777344 0.738281 0.035937 0.073438
7 0.358594 0.608594 0.048438 0.051562
0 0.061719 0.713281 0.067187 0.076563
0 0.238281 0.610938 0.089063 0.071875
