1 0.853906 0.822656 0.029687 0.032813
1 0.775781 0.728125 0.029687 0.028125
1 0.770312 0.644531 0.031250 0.039062
1 0.671094 0.667188 0.039062 0.034375
1 0.604688 0.633594 0.031250 0.032813
1 0.585938 0.939063 0.034375 0.040625
1 0.546094 0.834375 0.039062 0.034375
1 0.414844 0.807031 0.029687 0.029687
1 0.433594 0.702344 0.042188 0.029687
1 0.282031 0.790625 0.023438 0.028125
1 0.409375 0.285156 0.040625 0.042188
1 0.432812 0.221094 0.028125 0.029687
1 0.303125 0.209375 0.053125 0.050000
3 0.580469 0.082031 0.051562 0.057813
7 0.495312 0.935937 0.053125 0.071875
7 0.366406 0.407031 0.048438 0.067187
1 0.367188 0.577344 0.031250 0.039062
7 0.268750 0.649219 0.040625 0.067187
7 0.220312 0.419531 0.034375 0.060937
