1 0.373437 0.892188 0.034375 0.034375
1 0.161719 0.947656 0.029687 0.026562
1 0.550781 0.644531 0.039062 0.045312
1 0.928906 0.498437 0.029687 0.034375
1 0.625781 0.542187 0.039062 0.031250
1 0.544531 0.546094 0.035937 0.035937
1 0.399219 0.598437 0.029687 0.028125
1 0.353906 0.322656 0.029687 0.032813
1 0.275781 0.228125 0.029687 0.028125
1 0.270313 0.144531 0.031250 0.039062
1 0.171094 0.167187 0.039062 0.034375
1 0.104688 0.133594 0.031250 0.032813
1 0.085938 0.439063 0.034375 0.040625
1 0.046094 0.334375 0.039062 0.034375
1 0.121875 0.934375 0.031250 0.034375
0 0.738281 0.837500 0.076563 0.056250
0 0.580469 0.790625 0.048438 0.065625
0 0.353906 0.519531 0.032813 0.042188
