1 0.725000 0.060937 0.025000 0.037500
1 0.900000 0.025781 0.021875 0.023438
1 0.374219 0.441406 0.023438 0.029687
1 0.221875 0.600000 0.031250 0.031250
1 0.404687 0.397656 0.021875 0.026562
1 0.503906 0.531250 0.026562 0.025000
1 0.249219 0.896094 0.023438 0.029687
1 0.867188 0.021094 0.021875 0.026562
7 0.756250 0.533594 0.059375 0.110937
7 0.787500 0.782031 0.053125 0.067187
7 0.897656 0.557813 0.039062 0.075000
0 0.408594 0.088281 0.045312 0.070312
0 0.932031 0.400000 0.082812 0.156250
0 0.623437 0.203125 0.087500 0.090625
7 0.055469 0.051562 0.054688 0.056250
