1 0.355469 0.671875 0.051562 0.050000
1 0.834375 0.192969 0.040625 0.029687
1 0.512500 0.346094 0.018750 0.023438
1 0.610156 0.181250 0.032813 0.021875
1 0.599219 0.157031 0.029687 0.023438
1 0.446094 0.115625 0.035937 0.031250
1 0.195312 0.225781 0.034375 0.032813
0 0.525000 0.060937 0.062500 0.065625
0 0.627344 0.125000 0.039062 0.043750
0 0.556250 0.305469 0.028125 0.032813
0 0.560156 0.242188 0.035937 0.043750
0 0.418750 0.935156 0.062500 0.126562
0 0.603125 0.041406 0.043750 0.048438
0 0.454688 0.274219 0.037500 0.070312
7 0.300000 0.225781 0.078125 0.092188
1 0.950781 0.098437 0.029687 0.025000
7 0.158594 0.492969 0.089063 0.123438
0 0.145313 0.300781 0.046875 0.114062
