1 0.873437 0.892188 0.034375 0.034375
1 0.661719 0.947656 0.029687 0.026562
1 0.899219 0.598437 0.029687 0.028125
1 0.853906 0.322656 0.029687 0.032813
1 0.775781 0.228125 0.029687 0.028125
1 0.770312 0.144531 0.031250 0.039062
1 0.671094 0.167187 0.039062 0.034375
1 0.604688 0.133594 0.031250 0.032813
1 0.585938 0.439063 0.034375 0.040625
1 0.546094 0.334375 0.039062 0.034375
1 0.414844 0.307031 0.029687 0.029687
1 0.433594 0.202344 0.042188 0.029687
1 0.282031 0.290625 0.023438 0.028125
1 0.621875 0.934375 0.031250 0.034375
7 0.377344 0.547656 0.039062 0.079687
0 0.853906 0.519531 0.032813 0.042188
7 0.495312 0.435937 0.053125 0.071875
1 0.367188 0.077344 0.031250 0.039062
7 0.268750 0.149219 0.040625 0.067187
