1 0.834375 0.692969 0.040625 0.029687
1 0.512500 0.846094 0.018750 0.023438
1 0.610156 0.681250 0.032813 0.021875
1 0.599219 0.657031 0.029687 0.023438
1 0.446094 0.615625 0.035937 0.031250
1 0.195312 0.725781 0.034375 0.032813
1 0.373437 0.392188 0.034375 0.034375
1 0.161719 0.447656 0.029687 0.026562
1 0.550781 0.144531 0.039062 0.045312
1 0.625781 0.042187 0.039062 0.031250
1 0.544531 0.046094 0.035937 0.035937
1 0.399219 0.098437 0.029687 0.028125
1 0.121875 0.434375 0.031250 0.034375
0 0.525000 0.560937 0.062500 0.065625
0 0.627344 0.625000 0.039062 0.043750
0 0.556250 0.805469 0.028125 0.032813
0 0.560156 0.742188 0.035937 0.043750
0 0.603125 0.541406 0.043750 0.048438
0 0.454688 0.774219 0.037500 0.070312
7 0.300000 0.725781 0.078125 0.092188
0 0.710938 0.507812 0.096875 0.106250
0 0.738281 0.337500 0.076563 0.056250
0 0.580469 0.290625 0.048438 0.065625
1 0.950781 0.598437 0.029687 0.025000
0 0.145313 0.800781 0.046875 0.114062
