1 0.537500 0.353906 0.025000 0.039062
1 0.378125 0.207813 0.018750 0.025000
1 0.538281 0.150000 0.026562 0.031250
1 0.226562 0.203906 0.025000 0.032813
1 0.124219 0.188281 0.020313 0.023438
1 0.382031 0.392969 0.023438 0.032813
1 0.325000 0.560937 0.025000 0.037500
1 0.500000 0.525781 0.021875 0.023438
1 0.447656 0.367969 0.026562 0.029687
1 0.268750 0.375000 0.028125 0.034375
1 0.208594 0.282813 0.026562 0.031250
1 0.726562 0.193750 0.034375 0.040625
1 0.442969 0.241406 0.026562 0.026562
1 0.467187 0.521094 0.021875 0.026562
7 0.658594 0.189844 0.067187 0.117188
0 0.269531 0.546875 0.139063 0.140625
0 0.532031 0.900000 0.082812 0.156250
0 0.223438 0.703125 0.087500 0.090625
7 0.777344 0.238281 0.035937 0.073438
7 0.358594 0.108594 0.048438 0.051562
0 0.061719 0.213281 0.067187 0.076563
0 0.238281 0.110937 0.089063 0.071875
