1 0.937500 0.353906 0.025000 0.039062
1 0.778125 0.207813 0.018750 0.025000
1 0.938281 0.150000 0.026562 0.031250
1 0.626563 0.203906 0.025000 0.032813
1 0.524219 0.188281 0.020313 0.023438
1 0.782031 0.392969 0.023438 0.032813
1 0.725000 0.560937 0.025000 0.037500
1 0.900000 0.525781 0.021875 0.023438
1 0.374219 0.941406 0.023438 0.029687
1 0.404687 0.897656 0.021875 0.026562
1 0.847656 0.367969 0.026562 0.029687
1 0.668750 0.375000 0.028125 0.034375
1 0.608594 0.282813 0.026562 0.031250
1 0.051562 0.216406 0.034375 0.039062
1 0.842969 0.241406 0.026562 0.026562
1 0.967969 0.638281 0.029687 0.035937
1 0.867188 0.521094 0.021875 0.026562
7 0.307812 0.396094 0.121875 0.123438
0 0.669531 0.546875 0.139063 0.140625
0 0.408594 0.588281 0.045312 0.070312
0 0.932031 0.900000 0.082812 0.156250
0 0.623437 0.703125 0.087500 0.090625
7 0.758594 0.108594 0.048438 0.051562
0 0.461719 0.213281 0.067187 0.076563
0 0.306250 0.511719 0.059375 0.057813
0 0.187500 0.141406 0.043750 0.048438
0 0.217188 0.485938 0.043750 0.034375
7 0.055469 0.551562 0.054688 0.056250
1 0.284375 0.246875 0.040625 0.040625
0 0.638281 0.110937 0.089063 0.071875
