1 0.334375 0.692969 0.040625 0.029687
1 0.012500 0.846094 0.018750 0.023438
1 0.110156 0.681250 0.032813 0.021875
1 0.099219 0.657031 0.029687 0.023438
1 0.050781 0.144531 0.039062 0.045312
1 0.125781 0.042187 0.039062 0.031250
1 0.044531 0.046094 0.035937 0.035937
0 0.127344 0.625000 0.039062 0.043750
0 0.056250 0.805469 0.028125 0.032813
0 0.060156 0.742188 0.035937 0.043750
0 0.103125 0.541406 0.043750 0.048438
0 0.210938 0.507812 0.096875 0.106250
0 0.238281 0.337500 0.076563 0.056250
0 0.080469 0.290625 0.048438 0.065625
1 0.450781 0.598437 0.029687 0.025000
