1 0.937500 0.853906 0.025000 0.039062
1 0.778125 0.707812 0.018750 0.025000
1 0.938281 0.650000 0.026562 0.031250
1 0.626563 0.703906 0.025000 0.032813
1 0.524219 0.688281 0.020313 0.023438
1 0.782031 0.892969 0.023438 0.032813
1 0.847656 0.867969 0.026562 0.029687
1 0.668750 0.875000 0.028125 0.034375
1 0.608594 0.782813 0.026562 0.031250
1 0.898438 0.457031 0.031250 0.042188
1 0.815625 0.476563 0.028125 0.034375
1 0.051562 0.716406 0.034375 0.039062
1 0.842969 0.741406 0.026562 0.026562
7 0.307812 0.896094 0.121875 0.123438
7 0.758594 0.608594 0.048438 0.051562
0 0.461719 0.713281 0.067187 0.076563
0 0.187500 0.641406 0.043750 0.048438
1 0.284375 0.746875 0.040625 0.040625
0 0.638281 0.610938 0.089063 0.071875
