0 0.171094 0.498437 0.101562 0.165625
0 0.300000 0.332031 0.146875 0.217188
0 0.425781 0.626563 0.085938 0.115625
0 0.447656 0.523438 0.095312 0.078125
0 0.425000 0.360156 0.093750 0.089063
0 0.598437 0.317969 0.043750 0.051562
0 0.532031 0.367188 0.051562 0.068750
0 0.808594 0.445312 0.035937 0.053125
0 0.523438 0.171875 0.059375 0.046875
0 0.639062 0.216406 0.096875 0.076563
0 0.573438 0.569531 0.087500 0.110937
0 0.672656 0.486719 0.085938 0.104688
0 0.792188 0.390625 0.071875 0.078125
0 0.273438 0.117969 0.053125 0.057813
