0 0.121094 0.129688 0.060937 0.103125
0 0.155469 0.053906 0.054688 0.082812
0 0.333594 0.392969 0.082812 0.098437
0 0.483594 0.256250 0.126562 0.168750
0 0.569531 0.220312 0.070312 0.084375
0 0.420312 0.167187 0.059375 0.106250
7 0.643750 0.371094 0.109375 0.151562
0 0.469531 0.692187 0.048438 0.143750
7 0.337500 0.910156 0.087500 0.110937
0 0.080469 0.248437 0.051562 0.050000
0 0.493750 0.580469 0.059375 0.070312
0 0.199219 0.773438 0.054688 0.062500
0 0.362500 0.490625 0.059375 0.065625
0 0.219531 0.500000 0.073438 0.078125
0 0.211719 0.553125 0.067187 0.071875
0 0.369531 0.571875 0.067187 0.087500
0 0.310156 0.561719 0.039062 0.048438
0 0.351562 0.651563 0.075000 0.068750
0 0.187500 0.716406 0.043750 0.057813
