0 0.266406 0.509375 0.123438 0.178125
0 0.054688 0.410156 0.106250 0.104688
0 0.121094 0.629687 0.060937 0.103125
0 0.155469 0.553906 0.054688 0.082812
0 0.333594 0.892969 0.082812 0.098437
0 0.483594 0.756250 0.126562 0.168750
0 0.569531 0.720313 0.070312 0.084375
0 0.420312 0.667188 0.059375 0.106250
7 0.643750 0.871094 0.109375 0.151562
0 0.741406 0.522656 0.182812 0.217188
0 0.080469 0.748437 0.051562 0.050000
7 0.668750 0.350000 0.100000 0.121875
0 0.863281 0.294531 0.057813 0.073438
0 0.967969 0.264062 0.048438 0.056250
0 0.911719 0.144531 0.076563 0.189062
