0 0.621094 0.129688 0.060937 0.103125
0 0.655469 0.053906 0.054688 0.082812
7 0.527344 0.400000 0.070312 0.078125
0 0.833594 0.392969 0.082812 0.098437
0 0.920312 0.167187 0.059375 0.106250
0 0.969531 0.692187 0.048438 0.143750
8 0.477344 0.745313 0.060937 0.071875
7 0.837500 0.910156 0.087500 0.110937
0 0.580469 0.248437 0.051562 0.050000
0 0.699219 0.773438 0.054688 0.062500
0 0.862500 0.490625 0.059375 0.065625
0 0.719531 0.500000 0.073438 0.078125
0 0.711719 0.553125 0.067187 0.071875
0 0.869531 0.571875 0.067187 0.087500
0 0.810156 0.561719 0.039062 0.048438
1 0.471094 0.038281 0.029687 0.032813
0 0.851562 0.651563 0.075000 0.068750
0 0.687500 0.716406 0.043750 0.057813
0 0.251563 0.093750 0.059375 0.043750
