1 0.287500 0.431250 0.046875 0.043750
0 0.212500 0.585938 0.040625 0.053125
0 0.394531 0.591406 0.185938 0.095312
0 0.556250 0.530469 0.065625 0.114062
5 0.630469 0.706250 0.220312 0.353125
1 0.131250 0.298438 0.021875 0.021875
4 0.650000 0.325781 0.046875 0.048438
0 0.499219 0.445312 0.042188 0.056250
0 0.422656 0.499219 0.039062 0.057813
0 0.803125 0.346094 0.062500 0.089063
0 0.369531 0.204687 0.082812 0.081250
0 0.577344 0.303125 0.057813 0.078125
0 0.671094 0.290625 0.054688 0.065625
0 0.648438 0.483594 0.053125 0.073438
0 0.700781 0.435156 0.104688 0.076563
0 0.478125 0.528906 0.046875 0.073438
0 0.581250 0.776563 0.056250 0.075000
