4 0.839844 0.836719 0.082812 0.092188
3 0.778125 0.407813 0.096875 0.065625
3 0.875000 0.439063 0.075000 0.062500
3 0.675781 0.303125 0.039062 0.056250
3 0.565625 0.368750 0.056250 0.059375
3 0.646094 0.403125 0.117188 0.065625
3 0.537500 0.520312 0.046875 0.065625
3 0.611719 0.611719 0.104688 0.204687
3 0.755469 0.666406 0.123438 0.085938
3 0.653125 0.698438 0.075000 0.125000
3 0.459375 0.731250 0.221875 0.221875
3 0.784375 0.791406 0.096875 0.092188
3 0.357812 0.571875 0.165625 0.234375
3 0.303125 0.777344 0.115625 0.082812
3 0.261719 0.888281 0.164062 0.120313
3 0.557813 0.227344 0.056250 0.076563
3 0.439063 0.413281 0.081250 0.073438
3 0.324219 0.358594 0.067187 0.123438
3 0.608594 0.153125 0.048438 0.050000
