3 0.290625 0.315625 0.065625 0.056250
3 0.703125 0.112500 0.065625 0.112500
3 0.491406 0.185156 0.076563 0.101562
3 0.325781 0.549219 0.257812 0.139063
3 0.407031 0.702344 0.107813 0.101562
3 0.494531 0.750000 0.070312 0.121875
3 0.422656 0.887500 0.264062 0.156250
3 0.598437 0.532031 0.053125 0.064062
3 0.753906 0.732031 0.039062 0.076563
3 0.690625 0.861719 0.068750 0.060937
3 0.585156 0.755469 0.095312 0.192188
3 0.633594 0.907813 0.098437 0.143750
3 0.774219 0.286719 0.042188 0.039062
3 0.864062 0.574219 0.046875 0.182812
3 0.611719 0.253906 0.057813 0.057813
3 0.704688 0.221875 0.034375 0.034375
