0 0.792969 0.161719 0.076563 0.085938
0 0.665625 0.513281 0.115625 0.107813
0 0.597656 0.863281 0.070312 0.098437
0 0.727344 0.621094 0.079687 0.101562
0 0.728906 0.348438 0.079687 0.078125
0 0.091406 0.134375 0.042188 0.056250
0 0.203906 0.292187 0.154688 0.193750
0 0.366406 0.139844 0.064062 0.107813
0 0.356250 0.471094 0.106250 0.151562
0 0.198437 0.137500 0.075000 0.075000
0 0.246094 0.802344 0.057813 0.060937
0 0.181250 0.767969 0.056250 0.051562
0 0.157031 0.844531 0.051562 0.095312
0 0.060937 0.825781 0.093750 0.235937
0 0.135156 0.616406 0.032813 0.054688
0 0.064062 0.611719 0.050000 0.092188
0 0.080469 0.218750 0.085938 0.090625
0 0.386719 0.708594 0.148438 0.089063
0 0.392188 0.791406 0.050000 0.073438
0 0.367969 0.867188 0.042188 0.068750
0 0.771094 0.534375 0.076563 0.065625
0 0.536719 0.075000 0.060937 0.103125
0 0.590625 0.089844 0.050000 0.057813
0 0.378906 0.057813 0.064062 0.037500
0 0.423438 0.240625 0.078125 0.121875
