0 0.267188 0.713281 0.106250 0.120313
0 0.576562 0.681250 0.118750 0.103125
0 0.451562 0.409375 0.075000 0.093750
0 0.050781 0.285938 0.073438 0.078125
0 0.099219 0.168750 0.101562 0.050000
0 0.357031 0.944531 0.064062 0.067187
0 0.639844 0.888281 0.048438 0.054688
0 0.365625 0.864062 0.056250 0.059375
0 0.432812 0.790625 0.053125 0.056250
0 0.674219 0.612500 0.154688 0.190625
0 0.272656 0.490625 0.107813 0.075000
0 0.116406 0.836719 0.095312 0.117188
0 0.543750 0.914844 0.062500 0.123438
0 0.303906 0.308594 0.067187 0.054688
0 0.721875 0.457813 0.059375 0.075000
0 0.571875 0.782031 0.046875 0.064062
0 0.760156 0.885156 0.035937 0.085938
0 0.773438 0.592187 0.034375 0.140625
0 0.360938 0.632031 0.050000 0.064062
0 0.745313 0.785156 0.059375 0.064062
0 0.416406 0.920312 0.079687 0.071875
0 0.404687 0.215625 0.053125 0.053125
0 0.045312 0.109375 0.050000 0.053125
0 0.485938 0.692187 0.043750 0.065625
0 0.771094 0.363281 0.060937 0.054688
