0 0.503125 0.160938 0.103125 0.125000
0 0.591406 0.134375 0.042188 0.056250
0 0.703906 0.292187 0.154688 0.193750
0 0.497656 0.346875 0.114062 0.296875
0 0.866406 0.139844 0.064062 0.107813
0 0.856250 0.471094 0.106250 0.151562
0 0.248438 0.264844 0.050000 0.085938
0 0.388281 0.382031 0.076563 0.101562
0 0.346875 0.546875 0.137500 0.243750
0 0.215625 0.099219 0.078125 0.179688
0 0.698438 0.137500 0.075000 0.075000
0 0.746094 0.802344 0.057813 0.060937
0 0.681250 0.767969 0.056250 0.051562
0 0.657031 0.844531 0.051562 0.095312
0 0.560937 0.825781 0.093750 0.235937
0 0.635156 0.616406 0.032813 0.054688
0 0.564063 0.611719 0.050000 0.092188
0 0.580469 0.218750 0.085938 0.090625
0 0.886719 0.708594 0.148438 0.089063
0 0.892188 0.791406 0.050000 0.073438
0 0.867969 0.867188 0.042188 0.068750
0 0.417969 0.089063 0.051562 0.078125
0 0.491406 0.041406 0.092188 0.076563
0 0.345313 0.123438 0.068750 0.118750
0 0.878906 0.057813 0.064062 0.037500
0 0.923438 0.240625 0.078125 0.121875
