0 0.450781 0.152344 0.039062 0.060937
0 0.535937 0.300781 0.034375 0.064062
7 0.487500 0.802344 0.137500 0.145313
6 0.157031 0.871094 0.295312 0.110937
0 0.603906 0.281250 0.032813 0.050000
0 0.036719 0.190625 0.048438 0.056250
0 0.060937 0.531250 0.065625 0.056250
0 0.329688 0.070312 0.121875 0.109375
0 0.747656 0.595313 0.064062 0.103125
7 0.709375 0.903906 0.068750 0.110937
0 0.122656 0.460156 0.054688 0.060937
0 0.112500 0.593750 0.062500 0.040625
0 0.284375 0.360938 0.059375 0.037500
0 0.378906 0.345313 0.035937 0.053125
0 0.358594 0.408594 0.057813 0.042188
