0 0.718750 0.265625 0.078125 0.168750
0 0.663281 0.100781 0.089063 0.095312
0 0.510938 0.050000 0.034375 0.068750
0 0.134375 0.108594 0.096875 0.179688
0 0.796875 0.149219 0.031250 0.042188
0 0.835156 0.290625 0.042188 0.050000
0 0.815625 0.508594 0.046875 0.226562
0 0.718750 0.396875 0.093750 0.106250
0 0.750781 0.521875 0.082812 0.137500
0 0.910156 0.816406 0.107813 0.098437
1 0.945312 0.875000 0.021875 0.025000
0 0.213281 0.865625 0.082812 0.200000
0 0.654687 0.742969 0.065625 0.085938
0 0.452344 0.700000 0.032813 0.046875
0 0.797656 0.789844 0.039062 0.051562
0 0.610156 0.552344 0.042188 0.042188
0 0.556250 0.773438 0.065625 0.081250
0 0.750000 0.817969 0.053125 0.089063
0 0.438281 0.921094 0.042188 0.132812
0 0.473438 0.845313 0.081250 0.112500
2 0.864844 0.474219 0.101562 0.110937
7 0.586719 0.879687 0.070312 0.075000
