1 0.061719 0.147656 0.032813 0.039062
0 0.642188 0.443750 0.040625 0.081250
0 0.299219 0.464844 0.045312 0.064062
0 0.276562 0.532031 0.043750 0.067187
0 0.229687 0.571094 0.046875 0.076563
1 0.056250 0.350000 0.043750 0.028125
0 0.213281 0.403125 0.032813 0.056250
0 0.208594 0.670312 0.051562 0.125000
0 0.156250 0.707812 0.059375 0.100000
0 0.172656 0.771875 0.035937 0.034375
0 0.430469 0.632812 0.032813 0.062500
0 0.656250 0.653906 0.081250 0.167187
0 0.634375 0.796094 0.071875 0.154688
0 0.129688 0.839844 0.106250 0.135937
0 0.116406 0.749219 0.045312 0.045312
7 0.460938 0.312500 0.075000 0.071875
