1 0.461719 0.147656 0.032813 0.039062
0 0.699219 0.464844 0.045312 0.064062
0 0.676562 0.532031 0.043750 0.067187
0 0.629687 0.571094 0.046875 0.076563
1 0.456250 0.350000 0.043750 0.028125
0 0.613281 0.403125 0.032813 0.056250
0 0.608594 0.670312 0.051562 0.125000
0 0.556250 0.707812 0.059375 0.100000
0 0.572656 0.771875 0.035937 0.034375
0 0.830469 0.632812 0.032813 0.062500
0 0.139844 0.839063 0.085938 0.168750
0 0.310156 0.767188 0.035937 0.075000
0 0.388281 0.803906 0.070312 0.076563
0 0.395313 0.655469 0.096875 0.110937
0 0.529687 0.839844 0.106250 0.135937
0 0.354687 0.861719 0.071875 0.117188
0 0.516406 0.749219 0.045312 0.045312
7 0.860938 0.312500 0.075000 0.071875
