0 0.629687 0.071094 0.046875 0.076563
0 0.608594 0.170313 0.051562 0.125000
0 0.556250 0.207813 0.059375 0.100000
0 0.572656 0.271875 0.035937 0.034375
0 0.830469 0.132812 0.032813 0.062500
0 0.139844 0.339062 0.085938 0.168750
0 0.310156 0.267188 0.035937 0.075000
0 0.388281 0.303906 0.070312 0.076563
0 0.395313 0.155469 0.096875 0.110937
0 0.529687 0.339844 0.106250 0.135937
0 0.110937 0.603906 0.065625 0.060937
0 0.044531 0.610156 0.045312 0.057813
0 0.354687 0.361719 0.071875 0.117188
0 0.538281 0.511719 0.057813 0.054688
0 0.389062 0.598437 0.068750 0.090625
0 0.543750 0.687500 0.059375 0.084375
0 0.709375 0.502344 0.043750 0.148438
0 0.618750 0.803125 0.040625 0.137500
0 0.516406 0.249219 0.045312 0.045312
0 0.052344 0.711719 0.079687 0.064062
0 0.166406 0.719531 0.098437 0.054688
0 0.846094 0.732812 0.117188 0.253125
0 0.282031 0.931250 0.085938 0.081250
