0 0.266406 0.414062 0.079687 0.090625
0 0.580469 0.667188 0.082812 0.084375
0 0.677344 0.696875 0.098437 0.068750
0 0.687500 0.789062 0.059375 0.043750
0 0.857812 0.886719 0.043750 0.051562
0 0.532813 0.558594 0.046875 0.045312
0 0.495312 0.753125 0.062500 0.059375
0 0.218750 0.765625 0.078125 0.168750
0 0.163281 0.600781 0.089063 0.095312
0 0.296875 0.649219 0.031250 0.042188
0 0.492188 0.953125 0.065625 0.081250
0 0.736719 0.882812 0.092188 0.134375
0 0.218750 0.896875 0.093750 0.106250
1 0.243750 0.202344 0.050000 0.042188
