0 0.229687 0.071094 0.046875 0.076563
0 0.208594 0.170313 0.051562 0.125000
0 0.156250 0.207813 0.059375 0.100000
0 0.172656 0.271875 0.035937 0.034375
0 0.430469 0.132812 0.032813 0.062500
0 0.656250 0.153906 0.081250 0.167187
0 0.634375 0.296094 0.071875 0.154688
0 0.129688 0.339844 0.106250 0.135937
0 0.138281 0.511719 0.057813 0.054688
0 0.050781 0.565625 0.029687 0.053125
0 0.143750 0.687500 0.059375 0.084375
0 0.309375 0.502344 0.043750 0.148438
0 0.218750 0.803125 0.040625 0.137500
0 0.116406 0.249219 0.045312 0.045312
0 0.446094 0.732812 0.117188 0.253125
