0 0.683594 0.091406 0.195312 0.170313
0 0.320312 0.226562 0.134375 0.137500
0 0.300000 0.719531 0.143750 0.164062
0 0.923438 0.069531 0.103125 0.092188
0 0.925781 0.223438 0.104688 0.190625
0 0.669531 0.299219 0.076563 0.104688
0 0.167187 0.086719 0.196875 0.126562
0 0.440625 0.900781 0.075000 0.076563
0 0.425781 0.629688 0.154688 0.309375
0 0.346875 0.092188 0.103125 0.096875
0 0.442188 0.240625 0.121875 0.059375
0 0.382031 0.368750 0.185938 0.150000
0 0.509375 0.067969 0.134375 0.120313
0 0.482031 0.157031 0.095312 0.079687
0 0.839844 0.489844 0.110937 0.139063
0 0.561719 0.867188 0.139063 0.171875
0 0.662500 0.548437 0.062500 0.075000
0 0.678906 0.636719 0.126562 0.085938
0 0.775000 0.652344 0.140625 0.117188
0 0.900000 0.607812 0.078125 0.068750
0 0.548438 0.475781 0.090625 0.126562
0 0.141406 0.353125 0.079687 0.081250
0 0.051562 0.328125 0.056250 0.106250
