0 0.771094 0.388281 0.235937 0.182812
0 0.659375 0.485156 0.115625 0.082812
0 0.700781 0.712500 0.332813 0.234375
0 0.947656 0.653125 0.098437 0.184375
0 0.903125 0.795312 0.068750 0.096875
0 0.368750 0.597656 0.068750 0.107813
0 0.942969 0.294531 0.067187 0.123438
0 0.785937 0.543750 0.068750 0.081250
0 0.560937 0.329688 0.084375 0.100000
0 0.499219 0.246094 0.076563 0.089063
0 0.239063 0.253125 0.093750 0.115625
0 0.410156 0.069531 0.079687 0.098437
0 0.250781 0.085938 0.104688 0.103125
0 0.840625 0.235156 0.075000 0.123438
0 0.653906 0.223438 0.110937 0.075000
0 0.585156 0.528906 0.070312 0.148438
0 0.683594 0.928125 0.079687 0.109375
0 0.517969 0.927344 0.073438 0.067187
0 0.909375 0.907031 0.100000 0.126562
0 0.310156 0.251563 0.079687 0.050000
0 0.317188 0.314844 0.093750 0.045312
0 0.307812 0.542969 0.078125 0.054688
0 0.397656 0.739062 0.064062 0.084375
