0 0.731250 0.527344 0.162500 0.173437
0 0.771094 0.888281 0.235937 0.182812
0 0.942969 0.794531 0.067187 0.123438
0 0.560937 0.829688 0.084375 0.100000
0 0.499219 0.746094 0.076563 0.089063
0 0.239063 0.753125 0.093750 0.115625
0 0.638281 0.379688 0.145313 0.171875
0 0.793750 0.401562 0.053125 0.100000
0 0.782813 0.190625 0.178125 0.131250
0 0.902344 0.550781 0.114062 0.160938
0 0.410156 0.569531 0.079687 0.098437
0 0.250781 0.585938 0.104688 0.103125
0 0.526563 0.428906 0.081250 0.067187
0 0.417187 0.433594 0.078125 0.085938
0 0.259375 0.445312 0.059375 0.059375
0 0.189844 0.412500 0.082812 0.106250
0 0.545312 0.171094 0.096875 0.092188
0 0.840625 0.735156 0.075000 0.123438
0 0.653906 0.723437 0.110937 0.075000
0 0.310156 0.751563 0.079687 0.050000
0 0.317188 0.814844 0.093750 0.045312
0 0.558594 0.539844 0.104688 0.098437
