0 0.693750 0.466406 0.112500 0.073438
0 0.335156 0.163281 0.048438 0.076563
0 0.755469 0.269531 0.195312 0.170313
0 0.555469 0.494531 0.129688 0.164062
0 0.739844 0.570312 0.064062 0.115625
0 0.862500 0.565625 0.059375 0.043750
0 0.885938 0.713281 0.084375 0.035937
0 0.672656 0.680469 0.085938 0.070312
0 0.753125 0.790625 0.059375 0.065625
0 0.426563 0.776563 0.106250 0.084375
0 0.247656 0.812500 0.082812 0.096875
0 0.328906 0.289844 0.079687 0.098437
0 0.412500 0.159375 0.043750 0.043750
0 0.443750 0.230469 0.031250 0.042188
0 0.457031 0.289063 0.026562 0.025000
0 0.268750 0.409375 0.059375 0.050000
0 0.410156 0.450000 0.054688 0.040625
0 0.421094 0.540625 0.051562 0.065625
0 0.149219 0.047656 0.035937 0.060937
0 0.237500 0.140625 0.031250 0.034375
0 0.164062 0.508594 0.315625 0.204687
0 0.382812 0.096094 0.059375 0.045312
