0 0.166406 0.303125 0.310937 0.159375
0 0.504687 0.121875 0.143750 0.134375
0 0.239063 0.649219 0.096875 0.101562
0 0.153125 0.721094 0.081250 0.064062
0 0.488281 0.378906 0.164062 0.123438
0 0.782813 0.127344 0.090625 0.220312
0 0.785937 0.295312 0.050000 0.081250
0 0.410156 0.504687 0.085938 0.134375
0 0.573438 0.693750 0.140625 0.246875
0 0.674219 0.414062 0.060937 0.053125
0 0.896875 0.637500 0.096875 0.231250
0 0.747656 0.553125 0.092188 0.131250
0 0.846875 0.559375 0.096875 0.128125
0 0.321094 0.671875 0.101562 0.075000
0 0.550781 0.299219 0.045312 0.060937
0 0.101562 0.052344 0.087500 0.085938
