0 0.835156 0.163281 0.048438 0.076563
0 0.926562 0.776563 0.106250 0.084375
0 0.976562 0.857031 0.040625 0.054688
0 0.747656 0.812500 0.082812 0.096875
0 0.350000 0.316406 0.096875 0.251563
0 0.828906 0.289844 0.079687 0.098437
0 0.912500 0.159375 0.043750 0.043750
0 0.943750 0.230469 0.031250 0.042188
0 0.957031 0.289063 0.026562 0.025000
0 0.768750 0.409375 0.059375 0.050000
0 0.499219 0.715625 0.204687 0.293750
0 0.257031 0.114844 0.051562 0.195312
0 0.910156 0.450000 0.054688 0.040625
0 0.921094 0.540625 0.051562 0.065625
0 0.649219 0.047656 0.035937 0.060937
0 0.737500 0.140625 0.031250 0.034375
0 0.664062 0.508594 0.315625 0.204687
0 0.882812 0.096094 0.059375 0.045312
