0 0.537500 0.446094 0.106250 0.164062
0 0.701562 0.359375 0.068750 0.084375
0 0.425000 0.527344 0.084375 0.123438
0 0.347656 0.505469 0.060937 0.092188
0 0.335156 0.663281 0.048438 0.076563
0 0.828906 0.228125 0.123438 0.087500
0 0.755469 0.769531 0.195312 0.170313
0 0.735938 0.467187 0.137500 0.106250
0 0.793750 0.496094 0.068750 0.045312
0 0.808594 0.561719 0.239063 0.167187
0 0.575000 0.579688 0.162500 0.318750
0 0.328906 0.789844 0.079687 0.098437
0 0.412500 0.659375 0.043750 0.043750
0 0.443750 0.730469 0.031250 0.042188
0 0.457031 0.789063 0.026562 0.025000
0 0.268750 0.909375 0.059375 0.050000
0 0.471875 0.298438 0.159375 0.228125
0 0.362500 0.266406 0.103125 0.057813
0 0.521094 0.149219 0.057813 0.042188
0 0.405469 0.137500 0.170313 0.162500
0 0.229688 0.285938 0.159375 0.218750
0 0.034375 0.215625 0.037500 0.062500
0 0.240625 0.484375 0.090625 0.068750
0 0.410156 0.950000 0.054688 0.040625
0 0.149219 0.547656 0.035937 0.060937
0 0.237500 0.640625 0.031250 0.034375
0 0.382812 0.596094 0.059375 0.045312
