0 0.925000 0.527344 0.084375 0.123438
0 0.847656 0.505469 0.060937 0.092188
0 0.835156 0.663281 0.048438 0.076563
0 0.350000 0.816406 0.096875 0.251563
0 0.828906 0.789844 0.079687 0.098437
0 0.912500 0.659375 0.043750 0.043750
0 0.943750 0.730469 0.031250 0.042188
0 0.957031 0.789063 0.026562 0.025000
0 0.768750 0.909375 0.059375 0.050000
0 0.862500 0.266406 0.103125 0.057813
0 0.905469 0.137500 0.170313 0.162500
0 0.729688 0.285938 0.159375 0.218750
0 0.534375 0.215625 0.037500 0.062500
0 0.740625 0.484375 0.090625 0.068750
0 0.445312 0.327344 0.175000 0.317188
0 0.292187 0.466406 0.234375 0.301563
0 0.257031 0.614844 0.051562 0.195312
0 0.910156 0.950000 0.054688 0.040625
0 0.649219 0.547656 0.035937 0.060937
0 0.737500 0.640625 0.031250 0.034375
0 0.882812 0.596094 0.059375 0.045312
0 0.576562 0.460156 0.031250 0.032813
