0 0.628906 0.189844 0.110937 0.114062
8 0.141406 0.927344 0.064062 0.070312
0 0.287500 0.630469 0.050000 0.117188
0 0.422656 0.492969 0.179688 0.248438
0 0.544531 0.631250 0.064062 0.071875
0 0.701562 0.062500 0.071875 0.084375
0 0.792969 0.195312 0.054688 0.084375
0 0.546094 0.151562 0.060937 0.081250
0 0.577344 0.064062 0.060937 0.059375
0 0.103125 0.720313 0.071875 0.075000
0 0.614062 0.316406 0.087500 0.126562
0 0.135937 0.342969 0.090625 0.120313
7 0.835938 0.390625 0.075000 0.093750
7 0.628125 0.846094 0.087500 0.123438
7 0.804688 0.762500 0.134375 0.156250
