0 0.340625 0.165625 0.162500 0.281250
0 0.821875 0.475000 0.181250 0.143750
0 0.393750 0.607812 0.093750 0.071875
0 0.465625 0.654687 0.087500 0.071875
0 0.789844 0.917188 0.048438 0.056250
0 0.523438 0.043750 0.065625 0.059375
0 0.639844 0.365625 0.057813 0.050000
0 0.569531 0.491406 0.101562 0.117188
0 0.763281 0.789844 0.082812 0.107813
1 0.658594 0.141406 0.079687 0.092188
0 0.290625 0.596094 0.100000 0.129688
0 0.385156 0.842188 0.079687 0.109375
0 0.121094 0.610938 0.198437 0.159375
0 0.096875 0.238281 0.190625 0.295312
0 0.477344 0.446875 0.173437 0.184375
0 0.734375 0.238281 0.237500 0.135937
0 0.454688 0.115625 0.059375 0.084375
1 0.769531 0.640625 0.026562 0.028125
