0 0.406250 0.648438 0.103125 0.078125
0 0.485938 0.848437 0.187500 0.153125
0 0.170313 0.657031 0.106250 0.170313
0 0.393750 0.107813 0.093750 0.071875
0 0.818750 0.764062 0.168750 0.103125
0 0.465625 0.154688 0.087500 0.071875
0 0.789844 0.417187 0.048438 0.056250
0 0.328125 0.798438 0.050000 0.100000
0 0.688281 0.536719 0.120313 0.042188
0 0.763281 0.289844 0.082812 0.107813
0 0.290625 0.096094 0.100000 0.129688
0 0.385156 0.342188 0.079687 0.109375
0 0.121094 0.110937 0.198437 0.159375
1 0.769531 0.140625 0.026562 0.028125
