0 0.946094 0.878906 0.054688 0.110937
1 0.176563 0.547656 0.025000 0.026562
1 0.210938 0.527344 0.018750 0.017188
1 0.072656 0.606250 0.026562 0.025000
1 0.088281 0.650000 0.029687 0.028125
1 0.146094 0.692969 0.026562 0.026562
1 0.250781 0.732031 0.017188 0.020313
1 0.181250 0.803125 0.028125 0.025000
1 0.176563 0.855469 0.025000 0.023438
1 0.216406 0.878125 0.026562 0.025000
1 0.032813 0.395313 0.028125 0.031250
1 0.103125 0.529687 0.018750 0.021875
1 0.200781 0.306250 0.023438 0.028125
1 0.211719 0.208594 0.029687 0.026562
1 0.251563 0.253125 0.018750 0.021875
1 0.098437 0.210938 0.028125 0.025000
1 0.034375 0.450781 0.018750 0.026562
1 0.201562 0.769531 0.021875 0.023438
0 0.285938 0.788281 0.050000 0.114062
1 0.250000 0.136719 0.021875 0.023438
1 0.054688 0.328906 0.025000 0.026562
0 0.748437 0.610938 0.068750 0.106250
