0 0.910156 0.087500 0.082812 0.106250
0 0.895312 0.685156 0.081250 0.173437
2 0.901563 0.639844 0.053125 0.060937
1 0.336719 0.360937 0.048438 0.053125
0 0.554688 0.300000 0.056250 0.046875
0 0.728125 0.271875 0.053125 0.084375
0 0.693750 0.301563 0.046875 0.068750
0 0.532813 0.071094 0.062500 0.067187
0 0.903125 0.816406 0.053125 0.073438
0 0.747656 0.713281 0.048438 0.048438
0 0.891406 0.182031 0.101562 0.148438
0 0.546094 0.535938 0.067187 0.056250
0 0.657813 0.795312 0.068750 0.050000
0 0.565625 0.445312 0.184375 0.143750
0 0.067187 0.113281 0.053125 0.032813
0 0.940625 0.621875 0.103125 0.106250
0 0.267969 0.567187 0.060937 0.078125
0 0.332031 0.650000 0.107813 0.090625
