0 0.242188 0.583594 0.181250 0.101562
0 0.342187 0.360156 0.084375 0.114062
0 0.519531 0.259375 0.082812 0.134375
0 0.697656 0.689063 0.104688 0.096875
0 0.514062 0.608594 0.125000 0.151562
0 0.357812 0.758594 0.068750 0.085938
0 0.307812 0.523438 0.053125 0.065625
0 0.323437 0.668750 0.062500 0.062500
0 0.589844 0.225781 0.067187 0.104688
0 0.686719 0.175781 0.073438 0.067187
0 0.716406 0.213281 0.095312 0.089063
0 0.607812 0.071094 0.062500 0.085938
0 0.589063 0.350781 0.106250 0.098437
0 0.645312 0.367969 0.084375 0.095312
0 0.041406 0.420312 0.073438 0.078125
0 0.422656 0.819531 0.051562 0.057813
0 0.434375 0.163281 0.065625 0.070312
0 0.493750 0.843750 0.053125 0.065625
0 0.400781 0.609375 0.057813 0.053125
0 0.278906 0.445312 0.054688 0.062500
