0 0.795312 0.304688 0.143750 0.109375
0 0.910156 0.587500 0.082812 0.106250
0 0.726562 0.445312 0.059375 0.071875
1 0.336719 0.860937 0.048438 0.053125
0 0.554688 0.800000 0.056250 0.046875
0 0.728125 0.771875 0.053125 0.084375
0 0.693750 0.801562 0.046875 0.068750
0 0.532813 0.571094 0.062500 0.067187
0 0.891406 0.682031 0.101562 0.148438
1 0.291406 0.178125 0.026562 0.037500
0 0.410156 0.314844 0.079687 0.082812
0 0.067187 0.613281 0.053125 0.032813
0 0.657813 0.253125 0.043750 0.068750
0 0.874219 0.442969 0.157812 0.129688
