0 0.946094 0.378906 0.054688 0.110937
1 0.176563 0.047656 0.025000 0.026562
1 0.210938 0.027344 0.018750 0.017188
1 0.072656 0.106250 0.026562 0.025000
1 0.088281 0.150000 0.029687 0.028125
1 0.146094 0.192969 0.026562 0.026562
1 0.250781 0.232031 0.017188 0.020313
1 0.181250 0.303125 0.028125 0.025000
1 0.176563 0.355469 0.025000 0.023438
1 0.216406 0.378125 0.026562 0.025000
1 0.103125 0.029687 0.018750 0.021875
1 0.201562 0.269531 0.021875 0.023438
0 0.285938 0.288281 0.050000 0.114062
0 0.748437 0.110937 0.068750 0.106250
