0 0.342187 0.860156 0.084375 0.114062
0 0.519531 0.759375 0.082812 0.134375
0 0.482031 0.200000 0.098437 0.062500
0 0.632812 0.303125 0.140625 0.168750
0 0.492188 0.550781 0.084375 0.104688
0 0.100781 0.349219 0.076563 0.089063
0 0.325781 0.468750 0.064062 0.068750
0 0.257812 0.496875 0.078125 0.093750
0 0.169531 0.517188 0.051562 0.056250
0 0.589844 0.725781 0.067187 0.104688
0 0.203125 0.041406 0.071875 0.076563
0 0.696875 0.132031 0.137500 0.054688
0 0.686719 0.675781 0.073438 0.067187
0 0.716406 0.713281 0.095312 0.089063
0 0.607812 0.571094 0.062500 0.085938
0 0.589063 0.850781 0.106250 0.098437
0 0.645312 0.867969 0.084375 0.095312
0 0.041406 0.920312 0.073438 0.078125
0 0.434375 0.663281 0.065625 0.070312
0 0.138281 0.274219 0.054688 0.039062
0 0.278906 0.945312 0.054688 0.062500
