7 0.332031 0.441406 0.123438 0.120313
1 0.676562 0.547656 0.025000 0.026562
1 0.710938 0.527344 0.018750 0.017188
1 0.572656 0.606250 0.026562 0.025000
1 0.588281 0.650000 0.029687 0.028125
1 0.646094 0.692969 0.026562 0.026562
1 0.750781 0.732031 0.017188 0.020313
1 0.681250 0.803125 0.028125 0.025000
1 0.676562 0.855469 0.025000 0.023438
1 0.716406 0.878125 0.026562 0.025000
1 0.532813 0.395313 0.028125 0.031250
1 0.491406 0.498437 0.023438 0.021875
1 0.603125 0.529687 0.018750 0.021875
1 0.700781 0.306250 0.023438 0.028125
1 0.711719 0.208594 0.029687 0.026562
1 0.751563 0.253125 0.018750 0.021875
1 0.598437 0.210938 0.028125 0.025000
1 0.534375 0.450781 0.018750 0.026562
1 0.701562 0.769531 0.021875 0.023438
1 0.750000 0.136719 0.021875 0.023438
1 0.662500 0.165625 0.025000 0.018750
1 0.554688 0.328906 0.025000 0.026562
7 0.068750 0.675781 0.065625 0.085938
