0 0.427344 0.655469 0.064062 0.082812
1 0.676562 0.047656 0.025000 0.026562
1 0.710938 0.027344 0.018750 0.017188
1 0.572656 0.106250 0.026562 0.025000
1 0.588281 0.150000 0.029687 0.028125
1 0.646094 0.192969 0.026562 0.026562
1 0.750781 0.232031 0.017188 0.020313
1 0.681250 0.303125 0.028125 0.025000
1 0.676562 0.355469 0.025000 0.023438
1 0.716406 0.378125 0.026562 0.025000
1 0.603125 0.029687 0.018750 0.021875
1 0.701562 0.269531 0.021875 0.023438
0 0.785938 0.288281 0.050000 0.114062
7 0.068750 0.175781 0.065625 0.085938
