0 0.640625 0.165625 0.075000 0.093750
0 0.410156 0.087500 0.082812 0.106250
0 0.395313 0.685156 0.081250 0.173437
2 0.401562 0.639844 0.053125 0.060937
0 0.725781 0.332813 0.107813 0.268750
0 0.667188 0.525781 0.068750 0.120313
0 0.666406 0.850781 0.142187 0.235937
0 0.833594 0.464062 0.117188 0.221875
0 0.610156 0.360156 0.101562 0.114062
0 0.721875 0.704688 0.056250 0.068750
0 0.054688 0.300000 0.056250 0.046875
0 0.228125 0.271875 0.053125 0.084375
0 0.193750 0.301563 0.046875 0.068750
0 0.032813 0.071094 0.062500 0.067187
0 0.403125 0.816406 0.053125 0.073438
0 0.247656 0.713281 0.048438 0.048438
0 0.706250 0.575000 0.115625 0.237500
0 0.391406 0.182031 0.101562 0.148438
0 0.046094 0.535938 0.067187 0.056250
0 0.157812 0.795312 0.068750 0.050000
0 0.519531 0.217969 0.060937 0.067187
0 0.492188 0.584375 0.050000 0.062500
0 0.440625 0.621875 0.103125 0.106250
0 0.509375 0.732031 0.037500 0.054688
0 0.792188 0.766406 0.059375 0.114062
0 0.520312 0.370312 0.059375 0.071875
