7 0.492188 0.911719 0.090625 0.120313
7 0.542188 0.767188 0.046875 0.053125
0 0.242188 0.083594 0.181250 0.101562
0 0.697656 0.189062 0.104688 0.096875
0 0.514062 0.108594 0.125000 0.151562
0 0.357812 0.258594 0.068750 0.085938
0 0.323437 0.168750 0.062500 0.062500
0 0.206250 0.583594 0.071875 0.098437
7 0.100781 0.569531 0.048438 0.076563
0 0.439844 0.584375 0.057813 0.056250
0 0.422656 0.319531 0.051562 0.057813
0 0.642188 0.475000 0.078125 0.081250
7 0.807031 0.714844 0.051562 0.054688
0 0.658594 0.796094 0.089063 0.092188
7 0.165625 0.610938 0.050000 0.109375
0 0.493750 0.343750 0.053125 0.065625
0 0.643750 0.703906 0.037500 0.064062
0 0.400781 0.109375 0.057813 0.053125
0 0.524219 0.464062 0.060937 0.068750
