0 0.395313 0.185156 0.081250 0.173437
2 0.401562 0.139844 0.053125 0.060937
0 0.666406 0.350781 0.142187 0.235937
0 0.089063 0.507812 0.106250 0.090625
0 0.246875 0.449219 0.109375 0.123438
0 0.721875 0.204687 0.056250 0.068750
0 0.403125 0.316406 0.053125 0.073438
0 0.247656 0.213281 0.048438 0.048438
0 0.043750 0.447656 0.040625 0.060937
0 0.046094 0.035938 0.067187 0.056250
0 0.157812 0.295312 0.068750 0.050000
0 0.492188 0.084375 0.050000 0.062500
0 0.440625 0.121875 0.103125 0.106250
0 0.509375 0.232031 0.037500 0.054688
0 0.792188 0.266406 0.059375 0.114062
0 0.762500 0.452344 0.106250 0.235937
