0 0.295312 0.304688 0.143750 0.109375
0 0.530469 0.323437 0.098437 0.081250
0 0.549219 0.544531 0.082812 0.092188
0 0.703906 0.507812 0.070312 0.121875
0 0.640625 0.665625 0.075000 0.093750
0 0.410156 0.587500 0.082812 0.106250
0 0.226562 0.445312 0.059375 0.071875
0 0.725781 0.832812 0.107813 0.268750
0 0.735156 0.232031 0.067187 0.107813
0 0.610156 0.860156 0.101562 0.114062
0 0.054688 0.800000 0.056250 0.046875
0 0.228125 0.771875 0.053125 0.084375
0 0.193750 0.801562 0.046875 0.068750
0 0.391406 0.682031 0.101562 0.148438
0 0.157812 0.253125 0.043750 0.068750
0 0.519531 0.717969 0.060937 0.067187
0 0.520312 0.870313 0.059375 0.071875
0 0.374219 0.442969 0.157812 0.129688
