0 0.253125 0.165625 0.075000 0.093750
0 0.338281 0.332813 0.107813 0.268750
0 0.279687 0.525781 0.068750 0.120313
0 0.278906 0.850781 0.142187 0.235937
0 0.446094 0.464062 0.117188 0.221875
0 0.222656 0.360156 0.101562 0.114062
0 0.334375 0.704688 0.056250 0.068750
0 0.318750 0.575000 0.115625 0.237500
0 0.132031 0.217969 0.060937 0.067187
0 0.104688 0.584375 0.050000 0.062500
0 0.053125 0.621875 0.103125 0.106250
0 0.121875 0.732031 0.037500 0.054688
0 0.404687 0.766406 0.059375 0.114062
0 0.132812 0.370312 0.059375 0.071875
