0 0.150781 0.863281 0.051562 0.082812
0 0.278125 0.897656 0.053125 0.079687
0 0.204687 0.662500 0.087500 0.096875
0 0.324219 0.627344 0.085938 0.082812
0 0.707812 0.510156 0.071875 0.060937
0 0.807813 0.662500 0.162500 0.165625
0 0.668750 0.789063 0.078125 0.118750
0 0.760156 0.804688 0.098437 0.090625
0 0.041406 0.862500 0.082812 0.106250
0 0.061719 0.672656 0.035937 0.039062
0 0.317969 0.754687 0.067187 0.087500
0 0.414062 0.892188 0.065625 0.087500
0 0.477344 0.862500 0.051562 0.068750
0 0.300781 0.493750 0.039062 0.050000
0 0.096875 0.387500 0.046875 0.043750
1 0.174219 0.074219 0.035937 0.045312
