0 0.109375 0.298438 0.040625 0.078125
0 0.122656 0.583594 0.051562 0.064062
0 0.192188 0.791406 0.093750 0.257812
0 0.091406 0.782813 0.051562 0.165625
0 0.308594 0.843750 0.067187 0.146875
0 0.650781 0.863281 0.051562 0.082812
0 0.778125 0.897656 0.053125 0.079687
0 0.704688 0.662500 0.087500 0.096875
0 0.824219 0.627344 0.085938 0.082812
0 0.423438 0.868750 0.046875 0.071875
0 0.467969 0.589844 0.029687 0.048438
0 0.507031 0.950000 0.060937 0.065625
0 0.541406 0.862500 0.082812 0.106250
0 0.561719 0.672656 0.035937 0.039062
0 0.661719 0.767969 0.032813 0.029687
0 0.817969 0.754687 0.067187 0.087500
0 0.914062 0.892188 0.065625 0.087500
0 0.800781 0.493750 0.039062 0.050000
0 0.596875 0.387500 0.046875 0.043750
1 0.674219 0.074219 0.035937 0.045312
