1 0.129688 0.090625 0.056250 0.056250
0 0.133594 0.531250 0.201563 0.196875
0 0.170313 0.729688 0.228125 0.165625
0 0.932031 0.739844 0.082812 0.085938
0 0.893750 0.132031 0.043750 0.082812
0 0.857031 0.307031 0.060937 0.082812
0 0.555469 0.174219 0.120313 0.085938
0 0.224219 0.403906 0.114062 0.070312
0 0.424219 0.682813 0.064062 0.056250
0 0.125781 0.899219 0.089063 0.114062
0 0.472656 0.857031 0.060937 0.107813
0 0.236719 0.541406 0.085938 0.085938
0 0.278906 0.718750 0.079687 0.065625
0 0.217188 0.347656 0.125000 0.117188
0 0.140625 0.177344 0.178125 0.123438
0 0.790625 0.739844 0.078125 0.173437
0 0.757812 0.897656 0.034375 0.076563
0 0.742188 0.275781 0.062500 0.082812
0 0.635938 0.334375 0.040625 0.062500
