0 0.136719 0.082031 0.045312 0.139063
0 0.154688 0.227344 0.059375 0.085938
0 0.335156 0.161719 0.060937 0.067187
0 0.088281 0.319531 0.048438 0.070312
0 0.027344 0.257812 0.045312 0.053125
0 0.082031 0.511719 0.032813 0.035937
0 0.175000 0.580469 0.037500 0.060937
0 0.835156 0.193750 0.104688 0.068750
0 0.760156 0.275781 0.173437 0.132812
0 0.910937 0.335156 0.112500 0.092188
0 0.812500 0.347656 0.175000 0.129688
0 0.539844 0.454688 0.117188 0.106250
0 0.453906 0.628906 0.101562 0.139063
0 0.764062 0.596094 0.140625 0.073438
0 0.692969 0.678906 0.095312 0.067187
0 0.860937 0.458594 0.065625 0.098437
0 0.576562 0.257031 0.140625 0.129688
0 0.535937 0.121094 0.078125 0.073438
2 0.496875 0.817187 0.131250 0.125000
0 0.076563 0.118750 0.043750 0.075000
0 0.414844 0.099219 0.089063 0.098437
0 0.510938 0.610938 0.065625 0.040625
0 0.477344 0.880469 0.045312 0.064062
0 0.266406 0.762500 0.039062 0.046875
