1 0.629687 0.090625 0.056250 0.056250
0 0.633594 0.531250 0.201563 0.196875
0 0.670312 0.729688 0.228125 0.165625
0 0.182031 0.353125 0.098437 0.112500
0 0.927344 0.360937 0.064062 0.059375
0 0.724219 0.403906 0.114062 0.070312
0 0.924219 0.682813 0.064062 0.056250
0 0.456250 0.852344 0.096875 0.054688
0 0.625781 0.899219 0.089063 0.114062
0 0.736719 0.541406 0.085938 0.085938
0 0.916406 0.494531 0.042188 0.070312
0 0.778906 0.718750 0.079687 0.065625
0 0.284375 0.184375 0.053125 0.056250
0 0.441406 0.042969 0.070312 0.048438
0 0.717187 0.347656 0.125000 0.117188
0 0.640625 0.177344 0.178125 0.123438
