0 0.192188 0.291406 0.093750 0.257812
0 0.091406 0.282813 0.051562 0.165625
0 0.387500 0.616406 0.109375 0.135937
0 0.308594 0.343750 0.067187 0.146875
0 0.416406 0.911719 0.051562 0.067187
0 0.306250 0.782031 0.090625 0.104688
0 0.207813 0.585938 0.125000 0.146875
0 0.650781 0.363281 0.051562 0.082812
0 0.636719 0.582031 0.045312 0.139063
0 0.778125 0.397656 0.053125 0.079687
0 0.654687 0.727344 0.059375 0.085938
0 0.835156 0.661719 0.060937 0.067187
0 0.588281 0.819531 0.048438 0.070312
0 0.527344 0.757812 0.045312 0.053125
0 0.704688 0.162500 0.087500 0.096875
0 0.824219 0.127344 0.085938 0.082812
0 0.423438 0.368750 0.046875 0.071875
0 0.467969 0.089844 0.029687 0.048438
0 0.507031 0.450000 0.060937 0.065625
0 0.541406 0.362500 0.082812 0.106250
0 0.561719 0.172656 0.035937 0.039062
0 0.817969 0.254687 0.067187 0.087500
0 0.914062 0.392188 0.065625 0.087500
0 0.595313 0.488281 0.059375 0.085938
0 0.914844 0.599219 0.089063 0.098437
