3 0.476562 0.234375 0.103125 0.118750
3 0.664844 0.230469 0.157812 0.089063
3 0.608594 0.334375 0.085938 0.075000
7 0.843750 0.934375 0.068750 0.093750
3 0.382031 0.435937 0.060937 0.084375
3 0.513281 0.472656 0.048438 0.064062
3 0.239844 0.447656 0.045312 0.089063
3 0.359375 0.222656 0.040625 0.051562
3 0.349219 0.553125 0.023438 0.053125
3 0.360156 0.674219 0.079687 0.173437
3 0.476562 0.592969 0.087500 0.101562
3 0.450781 0.730469 0.039062 0.060937
3 0.499219 0.723437 0.048438 0.059375
3 0.693750 0.608594 0.062500 0.107813
3 0.710938 0.521094 0.050000 0.042188
0 0.813281 0.857031 0.076563 0.057813
