1 0.863281 0.311719 0.064062 0.076563
1 0.321875 0.551562 0.028125 0.034375
1 0.360156 0.636719 0.023438 0.026562
1 0.339844 0.764062 0.029687 0.034375
1 0.019531 0.589844 0.026562 0.026562
1 0.045312 0.622656 0.021875 0.020313
1 0.289844 0.807813 0.029687 0.028125
1 0.156250 0.980469 0.021875 0.023438
1 0.035156 0.878906 0.032813 0.032813
1 0.063281 0.764844 0.029687 0.035937
1 0.029687 0.705469 0.037500 0.026562
1 0.470313 0.656250 0.034375 0.034375
1 0.436719 0.940625 0.023438 0.021875
1 0.298438 0.475781 0.028125 0.029687
1 0.289062 0.617188 0.046875 0.050000
