1 0.821875 0.551562 0.028125 0.034375
1 0.860156 0.636719 0.023438 0.026562
1 0.839844 0.764062 0.029687 0.034375
1 0.519531 0.589844 0.026562 0.026562
1 0.545312 0.622656 0.021875 0.020313
1 0.789844 0.807813 0.029687 0.028125
1 0.656250 0.980469 0.021875 0.023438
1 0.535156 0.878906 0.032813 0.032813
1 0.435937 0.919531 0.028125 0.023438
1 0.563281 0.764844 0.029687 0.035937
1 0.529687 0.705469 0.037500 0.026562
1 0.509375 0.748437 0.031250 0.028125
1 0.467187 0.800781 0.021875 0.026562
1 0.970313 0.656250 0.034375 0.034375
1 0.861719 0.920312 0.026562 0.025000
1 0.936719 0.940625 0.023438 0.021875
1 0.804688 0.925781 0.028125 0.023438
1 0.798438 0.475781 0.028125 0.029687
1 0.789062 0.617188 0.046875 0.050000
