0 0.552344 0.099219 0.035937 0.060937
0 0.892188 0.049219 0.043750 0.092188
1 0.417187 0.280469 0.028125 0.032813
0 0.357031 0.342969 0.101562 0.098437
0 0.141406 0.947656 0.104688 0.064062
0 0.419531 0.810156 0.098437 0.101562
7 0.579688 0.693750 0.078125 0.134375
0 0.350781 0.659375 0.151562 0.156250
1 0.218750 0.207031 0.040625 0.035937
0 0.811719 0.186719 0.060937 0.107813
0 0.328125 0.910156 0.112500 0.098437
0 0.325000 0.803906 0.031250 0.054688
0 0.517188 0.495312 0.065625 0.075000
0 0.514844 0.149219 0.039062 0.042188
0 0.536719 0.206250 0.048438 0.056250
0 0.701562 0.672656 0.078125 0.117188
