0 0.145313 0.366406 0.106250 0.060937
0 0.321094 0.339062 0.151562 0.137500
0 0.699219 0.220312 0.070312 0.093750
0 0.597656 0.394531 0.151562 0.251563
0 0.439063 0.303906 0.081250 0.123438
0 0.203906 0.440625 0.057813 0.043750
0 0.552344 0.599219 0.035937 0.060937
0 0.892188 0.549219 0.043750 0.092188
1 0.417187 0.780469 0.028125 0.032813
0 0.357031 0.842969 0.101562 0.098437
1 0.218750 0.707031 0.040625 0.035937
0 0.811719 0.686719 0.060937 0.107813
0 0.514844 0.649219 0.039062 0.042188
0 0.536719 0.706250 0.048438 0.056250
