0 0.952344 0.099219 0.035937 0.060937
1 0.817187 0.280469 0.028125 0.032813
0 0.757031 0.342969 0.101562 0.098437
0 0.541406 0.947656 0.104688 0.064062
0 0.819531 0.810156 0.098437 0.101562
0 0.750781 0.659375 0.151562 0.156250
1 0.618750 0.207031 0.040625 0.035937
0 0.316406 0.788281 0.070312 0.051562
0 0.728125 0.910156 0.112500 0.098437
0 0.725000 0.803906 0.031250 0.054688
0 0.917188 0.495312 0.065625 0.075000
0 0.914844 0.149219 0.039062 0.042188
0 0.936719 0.206250 0.048438 0.056250
0 0.291406 0.537500 0.104688 0.053125
