0 0.128906 0.753125 0.098437 0.112500
0 0.519531 0.416406 0.060937 0.092188
0 0.405469 0.595313 0.076563 0.093750
0 0.825781 0.427344 0.054688 0.117188
0 0.677344 0.175000 0.092188 0.081250
0 0.598437 0.400781 0.037500 0.054688
0 0.596875 0.917188 0.043750 0.087500
0 0.471875 0.569531 0.062500 0.073438
0 0.199219 0.623437 0.051562 0.081250
0 0.132812 0.518750 0.081250 0.062500
0 0.179688 0.902344 0.068750 0.070312
7 0.193750 0.180469 0.150000 0.120313
0 0.104688 0.571094 0.065625 0.045312
0 0.145313 0.620312 0.053125 0.071875
0 0.261719 0.817187 0.067187 0.065625
0 0.595313 0.688281 0.046875 0.073438
0 0.833594 0.190625 0.064062 0.103125
0 0.687500 0.954688 0.046875 0.084375
0 0.457031 0.913281 0.042188 0.064062
0 0.513281 0.932031 0.032813 0.042188
0 0.566406 0.616406 0.051562 0.057813
