0 0.845313 0.357031 0.087500 0.110937
0 0.399219 0.870313 0.101562 0.090625
0 0.092969 0.721094 0.164062 0.082812
0 0.151562 0.395313 0.093750 0.103125
0 0.740625 0.714063 0.093750 0.115625
0 0.641406 0.240625 0.076563 0.071875
0 0.787500 0.274219 0.150000 0.076563
0 0.320312 0.175000 0.084375 0.078125
0 0.067969 0.106250 0.064062 0.081250
0 0.403125 0.516406 0.053125 0.067187
0 0.428125 0.272656 0.050000 0.060937
0 0.610938 0.938281 0.062500 0.057813
0 0.104688 0.535937 0.050000 0.106250
0 0.684375 0.123438 0.109375 0.137500
