0 0.956250 0.493750 0.062500 0.084375
0 0.899219 0.370312 0.101562 0.090625
0 0.592969 0.221094 0.164062 0.082812
0 0.228906 0.098437 0.076563 0.096875
0 0.239844 0.783594 0.048438 0.089063
0 0.317969 0.584375 0.079687 0.087500
0 0.423438 0.626563 0.071875 0.090625
0 0.687500 0.833594 0.053125 0.054688
0 0.832031 0.682031 0.057813 0.064062
0 0.817187 0.503125 0.062500 0.112500
0 0.860156 0.615625 0.057813 0.065625
0 0.732031 0.738281 0.085938 0.073438
0 0.072656 0.340625 0.045312 0.075000
0 0.320312 0.828125 0.031250 0.059375
0 0.496875 0.590625 0.050000 0.065625
0 0.584375 0.710156 0.056250 0.076563
0 0.463281 0.772656 0.057813 0.067187
0 0.259375 0.485938 0.034375 0.062500
0 0.221875 0.547656 0.050000 0.101562
0 0.425000 0.149219 0.056250 0.070312
0 0.096094 0.634375 0.054688 0.115625
0 0.360156 0.250781 0.017188 0.029687
