8 0.122656 0.224219 0.132812 0.164062
0 0.528906 0.442188 0.067187 0.059375
0 0.425000 0.424219 0.053125 0.042188
0 0.465625 0.463281 0.037500 0.051562
0 0.692187 0.109375 0.078125 0.106250
0 0.889062 0.711719 0.059375 0.057813
0 0.564844 0.640625 0.145313 0.125000
0 0.907031 0.423438 0.060937 0.046875
0 0.899219 0.317969 0.051562 0.054688
0 0.744531 0.803125 0.048438 0.096875
0 0.936719 0.820312 0.092188 0.103125
0 0.955469 0.617969 0.039062 0.057813
0 0.712500 0.871094 0.065625 0.067187
0 0.585938 0.923438 0.059375 0.050000
0 0.565625 0.113281 0.043750 0.064062
0 0.140625 0.832031 0.062500 0.060937
0 0.506250 0.829688 0.056250 0.056250
