0 0.728906 0.598437 0.076563 0.096875
0 0.714844 0.137500 0.095312 0.100000
0 0.933594 0.107813 0.035937 0.062500
0 0.847656 0.296875 0.039062 0.040625
0 0.896094 0.238281 0.042188 0.051562
0 0.853125 0.161719 0.065625 0.054688
0 0.572656 0.840625 0.045312 0.075000
0 0.925000 0.649219 0.056250 0.070312
0 0.761719 0.503125 0.029687 0.059375
0 0.601562 0.223438 0.065625 0.068750
0 0.644531 0.146875 0.035937 0.056250
0 0.825000 0.357031 0.050000 0.054688
0 0.942187 0.242969 0.037500 0.070312
0 0.860156 0.750781 0.017188 0.029687
0 0.885938 0.705469 0.025000 0.042188
