0 0.899219 0.870313 0.101562 0.090625
0 0.592969 0.721094 0.164062 0.082812
0 0.462500 0.490625 0.096875 0.131250
0 0.228906 0.598437 0.076563 0.096875
0 0.214844 0.137500 0.095312 0.100000
0 0.651563 0.395313 0.093750 0.103125
0 0.433594 0.107813 0.035937 0.062500
0 0.820312 0.175000 0.084375 0.078125
0 0.567969 0.106250 0.064062 0.081250
0 0.347656 0.296875 0.039062 0.040625
0 0.396094 0.238281 0.042188 0.051562
0 0.353125 0.161719 0.065625 0.054688
0 0.072656 0.840625 0.045312 0.075000
0 0.903125 0.516406 0.053125 0.067187
0 0.928125 0.272656 0.050000 0.060937
0 0.425000 0.649219 0.056250 0.070312
0 0.261719 0.503125 0.029687 0.059375
0 0.604688 0.535937 0.050000 0.106250
0 0.101562 0.223438 0.065625 0.068750
0 0.144531 0.146875 0.035937 0.056250
0 0.325000 0.357031 0.050000 0.054688
0 0.442188 0.242969 0.037500 0.070312
0 0.360156 0.750781 0.017188 0.029687
