0 0.115625 0.551562 0.065625 0.121875
0 0.214844 0.637500 0.095312 0.100000
0 0.651563 0.895312 0.093750 0.103125
0 0.433594 0.607812 0.035937 0.062500
0 0.907031 0.415625 0.073438 0.059375
0 0.820312 0.410156 0.068750 0.067187
0 0.820312 0.675000 0.084375 0.078125
0 0.567969 0.606250 0.064062 0.081250
0 0.347656 0.796875 0.039062 0.040625
0 0.396094 0.738281 0.042188 0.051562
0 0.353125 0.661719 0.065625 0.054688
0 0.275781 0.442188 0.076563 0.087500
0 0.327344 0.421875 0.045312 0.062500
0 0.928125 0.772656 0.050000 0.060937
0 0.101562 0.723437 0.065625 0.068750
0 0.144531 0.646875 0.035937 0.056250
0 0.189062 0.514062 0.043750 0.046875
0 0.223438 0.202344 0.084375 0.076563
0 0.325000 0.857031 0.050000 0.054688
0 0.442188 0.742969 0.037500 0.070312
