0 0.389062 0.211719 0.059375 0.057813
0 0.532031 0.067187 0.051562 0.078125
0 0.701562 0.050000 0.078125 0.087500
0 0.278125 0.611719 0.093750 0.101562
0 0.649219 0.292969 0.032813 0.082812
0 0.632031 0.358594 0.054688 0.067187
0 0.875000 0.338281 0.040625 0.085938
0 0.961719 0.275000 0.045312 0.053125
7 0.189844 0.174219 0.114062 0.135937
0 0.159375 0.480469 0.096875 0.079687
0 0.244531 0.303125 0.048438 0.096875
0 0.310937 0.748437 0.043750 0.068750
0 0.427344 0.488281 0.048438 0.054688
0 0.395313 0.663281 0.050000 0.079687
0 0.382031 0.825000 0.048438 0.068750
0 0.436719 0.320312 0.092188 0.103125
0 0.455469 0.117969 0.039062 0.057813
0 0.800000 0.101562 0.031250 0.059375
0 0.212500 0.371094 0.065625 0.067187
0 0.085938 0.423438 0.059375 0.050000
0 0.587500 0.443750 0.059375 0.078125
0 0.662500 0.623438 0.034375 0.037500
0 0.834375 0.515625 0.068750 0.078125
0 0.921094 0.039844 0.032813 0.035937
0 0.501563 0.527344 0.062500 0.126562
0 0.459375 0.592969 0.068750 0.089063
7 0.566406 0.628125 0.085938 0.109375
