0 0.615625 0.551562 0.065625 0.121875
0 0.714844 0.637500 0.095312 0.100000
0 0.348438 0.331250 0.062500 0.087500
0 0.933594 0.607812 0.035937 0.062500
0 0.847656 0.796875 0.039062 0.040625
0 0.896094 0.738281 0.042188 0.051562
0 0.853125 0.661719 0.065625 0.054688
0 0.775781 0.442188 0.076563 0.087500
0 0.827344 0.421875 0.045312 0.062500
0 0.601562 0.723437 0.065625 0.068750
0 0.644531 0.646875 0.035937 0.056250
0 0.689063 0.514062 0.043750 0.046875
0 0.723437 0.202344 0.084375 0.076563
0 0.825000 0.857031 0.050000 0.054688
0 0.942187 0.742969 0.037500 0.070312
3 0.491406 0.076563 0.057813 0.071875
