0 0.144531 0.067187 0.051562 0.078125
0 0.314063 0.050000 0.078125 0.087500
0 0.646094 0.305469 0.045312 0.073438
0 0.714063 0.349219 0.059375 0.126562
0 0.261719 0.292969 0.032813 0.082812
0 0.244531 0.358594 0.054688 0.067187
0 0.487500 0.338281 0.040625 0.085938
0 0.574219 0.275000 0.045312 0.053125
0 0.527344 0.479687 0.051562 0.071875
0 0.039844 0.488281 0.048438 0.054688
0 0.049219 0.320312 0.092188 0.103125
0 0.067969 0.117969 0.039062 0.057813
0 0.412500 0.101562 0.031250 0.059375
0 0.200000 0.443750 0.059375 0.078125
0 0.275000 0.623438 0.034375 0.037500
0 0.446875 0.515625 0.068750 0.078125
0 0.533594 0.039844 0.032813 0.035937
0 0.114062 0.527344 0.062500 0.126562
0 0.071875 0.592969 0.068750 0.089063
7 0.178906 0.628125 0.085938 0.109375
