0 0.192188 0.609375 0.078125 0.106250
0 0.516406 0.753125 0.098437 0.112500
0 0.907031 0.416406 0.060937 0.092188
0 0.792969 0.595313 0.076563 0.093750
0 0.859375 0.569531 0.062500 0.073438
0 0.586719 0.623437 0.051562 0.081250
0 0.520312 0.518750 0.081250 0.062500
0 0.567187 0.902344 0.068750 0.070312
7 0.581250 0.180469 0.150000 0.120313
0 0.492188 0.571094 0.065625 0.045312
0 0.532813 0.620312 0.053125 0.071875
0 0.649219 0.817187 0.067187 0.065625
0 0.407031 0.923438 0.060937 0.046875
0 0.399219 0.817969 0.051562 0.054688
0 0.065625 0.613281 0.043750 0.064062
0 0.844531 0.913281 0.042188 0.064062
0 0.698438 0.562500 0.043750 0.075000
0 0.900781 0.932031 0.032813 0.042188
0 0.953906 0.616406 0.051562 0.057813
0 0.211719 0.303125 0.092188 0.084375
0 0.329688 0.317969 0.100000 0.117188
