0 0.889062 0.211719 0.059375 0.057813
0 0.778125 0.611719 0.093750 0.101562
0 0.564844 0.140625 0.145313 0.125000
0 0.659375 0.480469 0.096875 0.079687
0 0.744531 0.303125 0.048438 0.096875
0 0.810937 0.748437 0.043750 0.068750
0 0.927344 0.488281 0.048438 0.054688
0 0.895312 0.663281 0.050000 0.079687
0 0.882031 0.825000 0.048438 0.068750
0 0.936719 0.320312 0.092188 0.103125
0 0.955469 0.117969 0.039062 0.057813
0 0.712500 0.371094 0.065625 0.067187
0 0.585938 0.423438 0.059375 0.050000
0 0.506250 0.329688 0.056250 0.056250
0 0.959375 0.592969 0.068750 0.089063
