0 0.239844 0.283594 0.048438 0.089063
0 0.317969 0.084375 0.079687 0.087500
0 0.423438 0.126562 0.071875 0.090625
0 0.687500 0.333594 0.053125 0.054688
0 0.832031 0.182031 0.057813 0.064062
0 0.860156 0.115625 0.057813 0.065625
0 0.732031 0.238281 0.085938 0.073438
0 0.635938 0.535156 0.075000 0.057813
0 0.564844 0.659375 0.039062 0.096875
0 0.320312 0.328125 0.031250 0.059375
0 0.496875 0.090625 0.050000 0.065625
0 0.584375 0.210156 0.056250 0.076563
0 0.463281 0.272656 0.057813 0.067187
2 0.109375 0.682031 0.078125 0.167187
7 0.318750 0.949219 0.046875 0.054688
0 0.096094 0.134375 0.054688 0.115625
