7 0.101562 0.378125 0.065625 0.065625
7 0.608594 0.860156 0.048438 0.051562
1 0.634375 0.419531 0.031250 0.039062
1 0.821875 0.868750 0.028125 0.037500
1 0.840625 0.748437 0.040625 0.037500
1 0.083594 0.222656 0.035937 0.042188
1 0.053125 0.055469 0.037500 0.039062
1 0.250781 0.546094 0.045312 0.042188
1 0.247656 0.487500 0.042188 0.028125
1 0.935156 0.785156 0.035937 0.039062
1 0.023438 0.344531 0.034375 0.032813
1 0.271094 0.224219 0.035937 0.035937
1 0.504687 0.418750 0.028125 0.034375
1 0.639062 0.752344 0.043750 0.051562
7 0.426563 0.042969 0.078125 0.073438
1 0.318750 0.556250 0.040625 0.037500
