1 0.863281 0.221875 0.060937 0.068750
1 0.578906 0.071094 0.039062 0.039062
0 0.688281 0.522656 0.098437 0.182812
1 0.718750 0.743750 0.040625 0.046875
1 0.669531 0.757031 0.032813 0.042188
0 0.329688 0.135156 0.125000 0.220312
0 0.736719 0.182812 0.067187 0.112500
0 0.845313 0.420312 0.118750 0.168750
7 0.873437 0.797656 0.043750 0.057813
0 0.914062 0.710938 0.046875 0.053125
1 0.468750 0.058594 0.028125 0.035937
1 0.750000 0.289063 0.040625 0.046875
0 0.881250 0.597656 0.040625 0.042188
1 0.625781 0.789062 0.020313 0.028125
7 0.562500 0.676563 0.115625 0.134375
7 0.409375 0.778906 0.043750 0.117188
