8 0.339062 0.560156 0.106250 0.095312
8 0.512500 0.824219 0.087500 0.098437
8 0.963281 0.823438 0.048438 0.121875
7 0.935937 0.335938 0.075000 0.134375
7 0.413281 0.472656 0.070312 0.076563
1 0.795312 0.296094 0.028125 0.029687
1 0.026562 0.536719 0.043750 0.039062
7 0.414844 0.157812 0.089063 0.081250
1 0.267188 0.104688 0.037500 0.043750
1 0.621875 0.436719 0.037500 0.039062
1 0.402344 0.692187 0.032813 0.031250
7 0.648438 0.140625 0.171875 0.131250
0 0.487500 0.521875 0.084375 0.087500
1 0.460156 0.268750 0.029687 0.034375
7 0.843750 0.189062 0.059375 0.118750
0 0.235937 0.164844 0.065625 0.085938
7 0.816406 0.438281 0.048438 0.054688
