1 0.363281 0.221875 0.060937 0.068750
1 0.078906 0.071094 0.039062 0.039062
0 0.188281 0.522656 0.098437 0.182812
1 0.218750 0.743750 0.040625 0.046875
1 0.169531 0.757031 0.032813 0.042188
0 0.236719 0.182812 0.067187 0.112500
0 0.345313 0.420312 0.118750 0.168750
7 0.373437 0.797656 0.043750 0.057813
0 0.414062 0.710938 0.046875 0.053125
1 0.483594 0.735156 0.042188 0.042188
1 0.250000 0.289063 0.040625 0.046875
0 0.542188 0.832812 0.100000 0.143750
0 0.381250 0.597656 0.040625 0.042188
1 0.125781 0.789062 0.020313 0.028125
7 0.062500 0.676563 0.115625 0.134375
