3 0.156250 0.530469 0.137500 0.139063
3 0.403125 0.061719 0.062500 0.064062
3 0.313281 0.151562 0.204687 0.212500
3 0.338281 0.275000 0.064062 0.084375
3 0.214062 0.418750 0.262500 0.246875
3 0.318750 0.595313 0.162500 0.106250
3 0.324219 0.662500 0.051562 0.065625
3 0.364844 0.709375 0.067187 0.090625
3 0.481250 0.495312 0.346875 0.346875
3 0.578125 0.786719 0.153125 0.257812
3 0.460938 0.238281 0.093750 0.117188
3 0.603906 0.247656 0.070312 0.117188
3 0.596094 0.142969 0.139063 0.201563
3 0.725000 0.240625 0.103125 0.146875
3 0.476562 0.667188 0.065625 0.134375
3 0.450000 0.785156 0.071875 0.095312
3 0.475781 0.906250 0.198437 0.171875
3 0.712500 0.813281 0.181250 0.185938
3 0.703906 0.916406 0.054688 0.098437
3 0.711719 0.680469 0.114062 0.101562
