3 0.318750 0.095312 0.162500 0.106250
3 0.324219 0.162500 0.051562 0.065625
3 0.364844 0.209375 0.067187 0.090625
3 0.578125 0.286719 0.153125 0.257812
3 0.476562 0.167187 0.065625 0.134375
3 0.450000 0.285156 0.071875 0.095312
3 0.475781 0.406250 0.198437 0.171875
3 0.619531 0.525781 0.139063 0.192188
3 0.712500 0.313281 0.181250 0.185938
3 0.703906 0.416406 0.054688 0.098437
3 0.711719 0.180469 0.114062 0.101562
3 0.318750 0.499219 0.081250 0.104688
3 0.388281 0.598437 0.067187 0.081250
3 0.254688 0.613281 0.115625 0.114062
