3 0.543750 0.530469 0.137500 0.139063
3 0.790625 0.061719 0.062500 0.064062
3 0.700781 0.151562 0.204687 0.212500
3 0.725781 0.275000 0.064062 0.084375
3 0.601562 0.418750 0.262500 0.246875
3 0.706250 0.595313 0.162500 0.106250
3 0.486719 0.721875 0.254688 0.190625
3 0.711719 0.662500 0.051562 0.065625
3 0.752344 0.709375 0.067187 0.090625
3 0.079687 0.928125 0.068750 0.059375
3 0.848437 0.238281 0.093750 0.117188
3 0.864062 0.667188 0.065625 0.134375
3 0.837500 0.785156 0.071875 0.095312
3 0.863281 0.906250 0.198437 0.171875
3 0.250781 0.740625 0.126562 0.087500
3 0.166406 0.890625 0.164062 0.115625
3 0.317188 0.867969 0.150000 0.167187
3 0.112500 0.786719 0.081250 0.054688
