3 0.116406 0.112500 0.129688 0.221875
3 0.066406 0.271094 0.073438 0.132812
3 0.277344 0.110937 0.076563 0.128125
3 0.335938 0.088281 0.084375 0.142187
3 0.640625 0.105469 0.084375 0.104688
3 0.536719 0.298438 0.089063 0.109375
3 0.525000 0.176563 0.109375 0.128125
3 0.671875 0.235937 0.184375 0.162500
3 0.799219 0.192969 0.089063 0.089063
3 0.907031 0.240625 0.098437 0.103125
3 0.500781 0.429688 0.057813 0.081250
3 0.160156 0.232813 0.079687 0.118750
3 0.224219 0.364063 0.107813 0.168750
3 0.307812 0.193750 0.081250 0.084375
3 0.323437 0.360156 0.059375 0.089063
3 0.262500 0.513281 0.134375 0.189062
3 0.460156 0.636719 0.092188 0.104688
