3 0.706250 0.095312 0.162500 0.106250
3 0.486719 0.221875 0.254688 0.190625
3 0.711719 0.162500 0.051562 0.065625
3 0.752344 0.209375 0.067187 0.090625
3 0.079687 0.428125 0.068750 0.059375
3 0.864062 0.167187 0.065625 0.134375
3 0.837500 0.285156 0.071875 0.095312
3 0.863281 0.406250 0.198437 0.171875
3 0.706250 0.499219 0.081250 0.104688
3 0.775781 0.598437 0.067187 0.081250
3 0.642188 0.613281 0.115625 0.114062
3 0.250781 0.240625 0.126562 0.087500
3 0.166406 0.390625 0.164062 0.115625
3 0.317188 0.367969 0.150000 0.167187
3 0.112500 0.286719 0.081250 0.054688
