3 0.328906 0.149219 0.060937 0.079687
3 0.419531 0.136719 0.079687 0.073438
3 0.306250 0.369531 0.056250 0.060937
3 0.227344 0.392969 0.070312 0.076563
3 0.141406 0.416406 0.151562 0.207813
3 0.116406 0.612500 0.129688 0.221875
3 0.066406 0.771094 0.073438 0.132812
3 0.277344 0.610938 0.076563 0.128125
3 0.335938 0.588281 0.084375 0.142187
3 0.528906 0.289844 0.185938 0.082812
3 0.847656 0.387500 0.167187 0.100000
3 0.364844 0.442969 0.217188 0.239063
3 0.490625 0.441406 0.125000 0.114062
3 0.598437 0.537500 0.171875 0.178125
3 0.640625 0.605469 0.084375 0.104688
3 0.598437 0.392969 0.153125 0.142187
3 0.536719 0.798438 0.089063 0.109375
3 0.525000 0.676562 0.109375 0.128125
3 0.671875 0.735938 0.184375 0.162500
3 0.810156 0.571094 0.126562 0.189062
3 0.799219 0.692969 0.089063 0.089063
3 0.907031 0.740625 0.098437 0.103125
3 0.500781 0.929688 0.057813 0.081250
3 0.160156 0.732812 0.079687 0.118750
3 0.224219 0.864062 0.107813 0.168750
3 0.307812 0.693750 0.081250 0.084375
3 0.323437 0.860156 0.059375 0.089063
1 0.818750 0.976562 0.046875 0.040625
