1 0.370312 0.960938 0.043750 0.053125
1 0.450781 0.471094 0.048438 0.042188
1 0.145312 0.409375 0.056250 0.053125
1 0.533594 0.717969 0.054688 0.048438
7 0.627344 0.385156 0.110937 0.092188
7 0.367188 0.378906 0.128125 0.145313
1 0.664062 0.921094 0.053125 0.057813
1 0.307031 0.881250 0.064062 0.078125
1 0.074219 0.946094 0.045312 0.045312
1 0.400000 0.778125 0.043750 0.062500
1 0.612500 0.646094 0.043750 0.048438
1 0.614062 0.763281 0.043750 0.045312
7 0.414844 0.200000 0.076563 0.059375
1 0.349219 0.553906 0.035937 0.035937
