8 0.964063 0.257812 0.050000 0.053125
1 0.569531 0.328906 0.042188 0.042188
1 0.728906 0.458594 0.048438 0.054688
1 0.567187 0.275000 0.037500 0.031250
1 0.246094 0.625000 0.048438 0.043750
1 0.499219 0.068750 0.054688 0.046875
1 0.561719 0.046875 0.048438 0.050000
1 0.778125 0.045312 0.043750 0.050000
1 0.680469 0.946875 0.060937 0.056250
1 0.482031 0.196094 0.048438 0.048438
1 0.223438 0.028906 0.043750 0.035937
1 0.021875 0.048437 0.031250 0.034375
1 0.619531 0.262500 0.048438 0.053125
1 0.759375 0.178906 0.034375 0.032813
1 0.885156 0.052344 0.039062 0.035937
0 0.853906 0.426563 0.114062 0.050000
1 0.054688 0.532813 0.043750 0.056250
1 0.140625 0.617188 0.046875 0.043750
1 0.714063 0.319531 0.046875 0.048438
7 0.476563 0.638281 0.062500 0.073438
1 0.466406 0.303906 0.039062 0.029687
1 0.923438 0.746875 0.046875 0.046875
