8 0.464062 0.757812 0.050000 0.053125
8 0.281250 0.184375 0.081250 0.071875
1 0.621094 0.665625 0.054688 0.050000
1 0.069531 0.828906 0.042188 0.042188
1 0.228906 0.958594 0.048438 0.054688
1 0.050000 0.483594 0.046875 0.039062
1 0.067187 0.775000 0.037500 0.031250
1 0.061719 0.546875 0.048438 0.050000
1 0.278125 0.545312 0.043750 0.050000
1 0.068750 0.395313 0.040625 0.040625
1 0.119531 0.762500 0.048438 0.053125
1 0.352344 0.332813 0.035937 0.040625
1 0.183594 0.262500 0.035937 0.034375
1 0.259375 0.678906 0.034375 0.032813
1 0.385156 0.552344 0.039062 0.035937
0 0.458594 0.879687 0.132812 0.050000
0 0.506250 0.823438 0.128125 0.065625
0 0.353906 0.926562 0.114062 0.050000
1 0.268750 0.494531 0.053125 0.035937
1 0.771875 0.586719 0.028125 0.035937
1 0.214062 0.819531 0.046875 0.048438
1 0.521094 0.827344 0.032813 0.032813
7 0.165625 0.478906 0.093750 0.098437
1 0.733594 0.639062 0.039062 0.040625
