8 0.964063 0.757812 0.050000 0.053125
8 0.781250 0.184375 0.081250 0.071875
1 0.569531 0.828906 0.042188 0.042188
1 0.728906 0.958594 0.048438 0.054688
1 0.550000 0.483594 0.046875 0.039062
1 0.567187 0.775000 0.037500 0.031250
1 0.499219 0.568750 0.054688 0.046875
1 0.561719 0.546875 0.048438 0.050000
1 0.778125 0.545312 0.043750 0.050000
1 0.482031 0.696094 0.048438 0.048438
1 0.568750 0.395313 0.040625 0.040625
1 0.384375 0.470313 0.034375 0.040625
1 0.250781 0.484375 0.048438 0.043750
1 0.223438 0.528906 0.043750 0.035937
1 0.021875 0.548437 0.031250 0.034375
1 0.098437 0.525000 0.034375 0.034375
1 0.311719 0.498437 0.051562 0.043750
1 0.619531 0.762500 0.048438 0.053125
1 0.852344 0.332813 0.035937 0.040625
1 0.683594 0.262500 0.035937 0.034375
1 0.759375 0.678906 0.034375 0.032813
1 0.885156 0.552344 0.039062 0.035937
0 0.853906 0.926562 0.114062 0.050000
1 0.768750 0.494531 0.053125 0.035937
1 0.475000 0.133594 0.040625 0.042188
1 0.714063 0.819531 0.046875 0.048438
1 0.466406 0.803906 0.039062 0.029687
7 0.665625 0.478906 0.093750 0.098437
