1 0.370312 0.460938 0.043750 0.053125
1 0.239063 0.572656 0.046875 0.048438
1 0.533594 0.217969 0.054688 0.048438
8 0.914062 0.748437 0.131250 0.121875
1 0.664062 0.421094 0.053125 0.057813
1 0.508594 0.701562 0.039062 0.040625
1 0.376563 0.539844 0.053125 0.042188
1 0.307031 0.381250 0.064062 0.078125
1 0.074219 0.446094 0.045312 0.045312
1 0.400000 0.278125 0.043750 0.062500
1 0.612500 0.146094 0.043750 0.048438
1 0.489063 0.825000 0.043750 0.059375
1 0.519531 0.549219 0.048438 0.048438
1 0.089063 0.628125 0.037500 0.034375
1 0.356250 0.887500 0.046875 0.046875
1 0.614062 0.263281 0.043750 0.045312
1 0.349219 0.053906 0.035937 0.035937
