1 0.953125 0.836719 0.078125 0.067187
8 0.464062 0.257812 0.050000 0.053125
1 0.621094 0.165625 0.054688 0.050000
1 0.069531 0.328906 0.042188 0.042188
1 0.228906 0.458594 0.048438 0.054688
1 0.067187 0.275000 0.037500 0.031250
1 0.061719 0.046875 0.048438 0.050000
1 0.278125 0.045312 0.043750 0.050000
1 0.180469 0.946875 0.060937 0.056250
1 0.119531 0.262500 0.048438 0.053125
1 0.259375 0.178906 0.034375 0.032813
1 0.385156 0.052344 0.039062 0.035937
0 0.458594 0.379688 0.132812 0.050000
0 0.506250 0.323437 0.128125 0.065625
0 0.353906 0.426563 0.114062 0.050000
1 0.771875 0.086719 0.028125 0.035937
1 0.214062 0.319531 0.046875 0.048438
1 0.521094 0.327344 0.032813 0.032813
1 0.423438 0.746875 0.046875 0.046875
1 0.733594 0.139063 0.039062 0.040625
