8 0.517188 0.890625 0.087500 0.075000
1 0.870313 0.460938 0.043750 0.053125
1 0.739062 0.572656 0.046875 0.048438
1 0.876563 0.539844 0.053125 0.042188
1 0.807031 0.381250 0.064062 0.078125
1 0.171094 0.360156 0.048438 0.045312
1 0.574219 0.446094 0.045312 0.045312
1 0.329688 0.178906 0.037500 0.045312
1 0.564062 0.955469 0.040625 0.042188
1 0.900000 0.278125 0.043750 0.062500
1 0.151563 0.149219 0.046875 0.045312
1 0.589063 0.628125 0.037500 0.034375
1 0.856250 0.887500 0.046875 0.046875
1 0.849219 0.053906 0.035937 0.035937
