1 0.771094 0.121094 0.042188 0.045312
1 0.629687 0.146094 0.037500 0.042188
1 0.650781 0.042188 0.035937 0.046875
1 0.725000 0.164844 0.031250 0.032813
1 0.673438 0.239063 0.034375 0.037500
1 0.809375 0.211719 0.031250 0.035937
1 0.478125 0.114062 0.031250 0.034375
1 0.442188 0.230469 0.037500 0.042188
1 0.390625 0.428125 0.025000 0.031250
1 0.395312 0.288281 0.040625 0.039062
1 0.097656 0.324219 0.026562 0.045312
1 0.235156 0.186719 0.039062 0.032813
1 0.098437 0.253906 0.028125 0.048438
1 0.453906 0.372656 0.029687 0.032813
1 0.705469 0.296875 0.029687 0.028125
1 0.737500 0.256250 0.028125 0.028125
1 0.763281 0.266406 0.029687 0.026562
1 0.749219 0.296875 0.032813 0.028125
1 0.560156 0.184375 0.032813 0.025000
1 0.347656 0.262500 0.035937 0.031250
1 0.441406 0.187500 0.032813 0.028125
