1 0.942187 0.730469 0.037500 0.042188
1 0.285938 0.796094 0.031250 0.045312
1 0.257812 0.753125 0.040625 0.046875
1 0.218750 0.775781 0.034375 0.029687
1 0.346875 0.721094 0.025000 0.039062
1 0.285938 0.667969 0.028125 0.026562
1 0.392188 0.814844 0.031250 0.039062
1 0.895312 0.788281 0.040625 0.039062
1 0.514062 0.760156 0.031250 0.051562
1 0.597656 0.824219 0.026562 0.045312
1 0.735156 0.686719 0.039062 0.032813
1 0.598437 0.753906 0.028125 0.048438
1 0.452344 0.720313 0.045312 0.043750
1 0.498437 0.629687 0.031250 0.031250
1 0.880469 0.741406 0.023438 0.032813
1 0.941406 0.687500 0.032813 0.028125
1 0.665625 0.735938 0.031250 0.031250
7 0.842187 0.358594 0.062500 0.073438
