1 0.942187 0.230469 0.037500 0.042188
1 0.285938 0.296094 0.031250 0.045312
1 0.257812 0.253125 0.040625 0.046875
1 0.218750 0.275781 0.034375 0.029687
1 0.346875 0.221094 0.025000 0.039062
1 0.285938 0.167969 0.028125 0.026562
1 0.392188 0.314844 0.031250 0.039062
1 0.890625 0.428125 0.025000 0.031250
1 0.895312 0.288281 0.040625 0.039062
1 0.514062 0.260156 0.031250 0.051562
1 0.597656 0.324219 0.026562 0.045312
1 0.735156 0.186719 0.039062 0.032813
1 0.598437 0.253906 0.028125 0.048438
1 0.452344 0.220312 0.045312 0.043750
1 0.953906 0.372656 0.029687 0.032813
1 0.498437 0.129688 0.031250 0.031250
1 0.847656 0.262500 0.035937 0.031250
1 0.880469 0.241406 0.023438 0.032813
1 0.665625 0.235937 0.031250 0.031250
