1 0.771094 0.621094 0.042188 0.045312
1 0.629687 0.646094 0.037500 0.042188
1 0.650781 0.542188 0.035937 0.046875
1 0.725000 0.664844 0.031250 0.032813
1 0.673438 0.739062 0.034375 0.037500
1 0.809375 0.711719 0.031250 0.035937
1 0.478125 0.614062 0.031250 0.034375
1 0.442188 0.730469 0.037500 0.042188
1 0.390625 0.928125 0.025000 0.031250
1 0.395312 0.788281 0.040625 0.039062
1 0.235156 0.686719 0.039062 0.032813
1 0.098437 0.753906 0.028125 0.048438
1 0.453906 0.872656 0.029687 0.032813
1 0.705469 0.796875 0.029687 0.028125
1 0.737500 0.756250 0.028125 0.028125
1 0.763281 0.766406 0.029687 0.026562
1 0.749219 0.796875 0.032813 0.028125
1 0.560156 0.684375 0.032813 0.025000
1 0.347656 0.762500 0.035937 0.031250
1 0.441406 0.687500 0.032813 0.028125
7 0.342187 0.358594 0.062500 0.073438
