0 0.249219 0.075000 0.160938 0.118750
0 0.157812 0.100000 0.121875 0.106250
0 0.868750 0.713281 0.143750 0.270313
0 0.835938 0.521094 0.043750 0.079687
0 0.737500 0.762500 0.068750 0.159375
0 0.792188 0.347656 0.096875 0.126562
0 0.627344 0.331250 0.060937 0.068750
0 0.554688 0.717969 0.187500 0.235937
0 0.170313 0.421094 0.096875 0.104688
0 0.542188 0.550000 0.068750 0.103125
1 0.241406 0.667188 0.026562 0.040625
1 0.262500 0.796094 0.034375 0.035937
0 0.296094 0.855469 0.067187 0.064062
0 0.361719 0.815625 0.060937 0.053125
0 0.282031 0.734375 0.048438 0.040625
0 0.367188 0.752344 0.031250 0.035937
0 0.409375 0.608594 0.037500 0.060937
