0 0.507812 0.864844 0.093750 0.151562
0 0.569531 0.376563 0.104688 0.071875
0 0.750000 0.206250 0.062500 0.075000
0 0.924219 0.236719 0.089063 0.089063
0 0.357812 0.301563 0.118750 0.103125
0 0.535937 0.264062 0.231250 0.153125
0 0.546875 0.728906 0.118750 0.098437
0 0.507031 0.575781 0.185938 0.132812
0 0.241406 0.257031 0.098437 0.089063
0 0.353125 0.428906 0.056250 0.070312
0 0.740625 0.385937 0.181250 0.184375
0 0.707812 0.523438 0.131250 0.096875
0 0.883594 0.588281 0.079687 0.092188
1 0.763281 0.773438 0.051562 0.053125
1 0.498437 0.106250 0.034375 0.031250
0 0.940625 0.898438 0.037500 0.050000
0 0.428125 0.756250 0.106250 0.118750
