0 0.743750 0.906250 0.171875 0.156250
0 0.628906 0.765625 0.167187 0.206250
0 0.783594 0.469531 0.251563 0.345313
0 0.507812 0.364844 0.093750 0.151562
0 0.546875 0.228906 0.118750 0.098437
0 0.507031 0.075781 0.185938 0.132812
0 0.883594 0.088281 0.079687 0.092188
0 0.163281 0.592969 0.117188 0.301563
7 0.800781 0.778125 0.079687 0.068750
1 0.763281 0.273438 0.051562 0.053125
0 0.478125 0.498437 0.034375 0.050000
1 0.625000 0.619531 0.043750 0.039062
0 0.940625 0.398438 0.037500 0.050000
0 0.428125 0.256250 0.106250 0.118750
