4 0.889062 0.131250 0.059375 0.062500
3 0.685937 0.264062 0.100000 0.087500
3 0.773438 0.615625 0.090625 0.071875
3 0.855469 0.578125 0.045312 0.059375
3 0.879687 0.385156 0.056250 0.054688
3 0.790625 0.334375 0.100000 0.134375
0 0.775781 0.105469 0.145313 0.189062
1 0.486719 0.182031 0.042188 0.029687
1 0.518750 0.629687 0.037500 0.034375
1 0.355469 0.421094 0.048438 0.026562
3 0.361719 0.306250 0.085938 0.087500
0 0.820312 0.913281 0.046875 0.051562
3 0.103125 0.588281 0.171875 0.226562
3 0.241406 0.906250 0.076563 0.106250
0 0.107031 0.900781 0.176563 0.192188
