0 0.475781 0.217188 0.554688 0.418750
0 0.751563 0.464062 0.031250 0.087500
0 0.517969 0.508594 0.173437 0.235937
0 0.324219 0.397656 0.073438 0.073438
0 0.146875 0.514844 0.168750 0.182812
1 0.191406 0.639844 0.032813 0.045312
0 0.327344 0.782031 0.139063 0.148438
0 0.249219 0.892969 0.098437 0.114062
4 0.464062 0.846875 0.056250 0.050000
0 0.906250 0.196094 0.018750 0.042188
0 0.621875 0.059375 0.078125 0.112500
0 0.619531 0.836719 0.123438 0.092188
1 0.306250 0.275000 0.040625 0.034375
7 0.949219 0.582812 0.054688 0.053125
