4 0.467969 0.882031 0.079687 0.145313
3 0.328906 0.071094 0.057813 0.070312
3 0.492188 0.160938 0.078125 0.106250
3 0.402344 0.135156 0.060937 0.073438
0 0.429688 0.264062 0.046875 0.043750
0 0.521875 0.433594 0.031250 0.067187
0 0.560156 0.363281 0.035937 0.064062
0 0.778906 0.317969 0.085938 0.148438
0 0.659375 0.364063 0.137500 0.128125
0 0.882812 0.801562 0.175000 0.165625
0 0.187500 0.400000 0.203125 0.600000
0 0.368750 0.929688 0.050000 0.062500
0 0.366406 0.749219 0.092188 0.192188
0 0.617969 0.524219 0.032813 0.060937
0 0.713281 0.493750 0.076563 0.109375
0 0.581250 0.871875 0.062500 0.068750
0 0.645312 0.960156 0.121875 0.064062
0 0.284375 0.403906 0.046875 0.104688
0 0.662500 0.764844 0.059375 0.054688
0 0.557031 0.585938 0.092188 0.178125
