4 0.389062 0.131250 0.059375 0.062500
3 0.667188 0.403906 0.081250 0.076563
3 0.185938 0.264062 0.100000 0.087500
3 0.273438 0.615625 0.090625 0.071875
3 0.355469 0.578125 0.045312 0.059375
3 0.379687 0.385156 0.056250 0.054688
3 0.474219 0.347656 0.114062 0.164062
3 0.290625 0.334375 0.100000 0.134375
3 0.694531 0.692969 0.110937 0.142187
0 0.275781 0.105469 0.145313 0.189062
1 0.018750 0.629687 0.037500 0.034375
0 0.320312 0.913281 0.046875 0.051562
3 0.731250 0.929688 0.112500 0.084375
3 0.817187 0.871094 0.103125 0.089063
0 0.923438 0.763281 0.134375 0.129688
