0 0.021875 0.433594 0.031250 0.067187
0 0.060156 0.363281 0.035937 0.064062
0 0.278906 0.317969 0.085938 0.148438
0 0.159375 0.364063 0.137500 0.128125
0 0.665625 0.291406 0.134375 0.067187
0 0.382812 0.801562 0.175000 0.165625
0 0.624219 0.634375 0.207813 0.128125
0 0.518750 0.157812 0.090625 0.146875
0 0.117969 0.524219 0.032813 0.060937
0 0.213281 0.493750 0.076563 0.109375
0 0.081250 0.871875 0.062500 0.068750
0 0.145313 0.960156 0.121875 0.064062
0 0.596875 0.397656 0.156250 0.101562
0 0.551562 0.502344 0.103125 0.095312
0 0.162500 0.764844 0.059375 0.054688
0 0.057031 0.585938 0.092188 0.178125
