3 0.442969 0.389062 0.035937 0.025000
3 0.476562 0.484375 0.043750 0.031250
3 0.491406 0.812500 0.035937 0.046875
3 0.350000 0.790625 0.062500 0.071875
3 0.203125 0.225781 0.031250 0.060937
3 0.276562 0.283594 0.034375 0.029687
3 0.121094 0.256250 0.029687 0.046875
3 0.135156 0.406250 0.032813 0.037500
3 0.159375 0.514062 0.037500 0.028125
3 0.243750 0.610156 0.040625 0.060937
3 0.271875 0.664062 0.034375 0.037500
3 0.427344 0.854688 0.060937 0.065625
3 0.487500 0.684375 0.037500 0.028125
1 0.393750 0.707813 0.028125 0.031250
