8 0.788281 0.785156 0.101562 0.132812
8 0.678125 0.735938 0.087500 0.084375
1 0.541406 0.427344 0.070312 0.073438
1 0.595313 0.473438 0.043750 0.053125
1 0.374219 0.510938 0.048438 0.053125
1 0.369531 0.403125 0.057813 0.046875
1 0.773438 0.179688 0.053125 0.053125
1 0.880469 0.585156 0.051562 0.051562
1 0.736719 0.325781 0.051562 0.048438
1 0.646094 0.621875 0.039062 0.046875
1 0.506250 0.821094 0.056250 0.057813
1 0.228906 0.083594 0.073438 0.073438
1 0.633594 0.292187 0.042188 0.053125
7 0.296094 0.963281 0.060937 0.064062
1 0.962500 0.469531 0.062500 0.057813
1 0.889062 0.824219 0.037500 0.029687
7 0.059375 0.378125 0.062500 0.056250
1 0.902344 0.521094 0.045312 0.045312
