7 0.311719 0.154688 0.073438 0.065625
7 0.662500 0.112500 0.075000 0.068750
7 0.778125 0.397656 0.078125 0.060937
7 0.630469 0.415625 0.079687 0.078125
7 0.639844 0.957812 0.082812 0.065625
1 0.041406 0.927344 0.070312 0.073438
1 0.095312 0.973437 0.043750 0.053125
1 0.273438 0.679688 0.053125 0.053125
1 0.567969 0.696094 0.079688 0.070312
1 0.236719 0.825781 0.051562 0.048438
1 0.187500 0.098437 0.031250 0.034375
1 0.135937 0.403906 0.056250 0.057813
1 0.063281 0.212500 0.070312 0.075000
1 0.629687 0.607812 0.087500 0.096875
1 0.448438 0.508594 0.056250 0.057813
1 0.133594 0.792188 0.042188 0.053125
1 0.860938 0.772656 0.075000 0.070312
1 0.959375 0.775000 0.075000 0.075000
1 0.462500 0.969531 0.062500 0.057813
1 0.769531 0.931250 0.045312 0.037500
1 0.900781 0.578906 0.032813 0.029687
