7 0.278906 0.460156 0.082812 0.114062
1 0.881250 0.718750 0.056250 0.053125
1 0.910156 0.550000 0.048438 0.053125
1 0.039844 0.402344 0.051562 0.051562
1 0.565625 0.265625 0.056250 0.056250
1 0.124219 0.354687 0.057813 0.065625
0 0.155469 0.494531 0.092188 0.114062
1 0.657813 0.924219 0.043750 0.048438
1 0.546875 0.874219 0.031250 0.039062
1 0.574219 0.925000 0.039062 0.043750
0 0.464062 0.413281 0.050000 0.029687
4 0.628125 0.762500 0.059375 0.062500
1 0.647656 0.560937 0.045312 0.046875
0 0.536719 0.599219 0.073438 0.070312
0 0.537500 0.686719 0.059375 0.057813
0 0.659375 0.438281 0.028125 0.042188
