1 0.063281 0.166406 0.060937 0.070312
1 0.125000 0.517188 0.075000 0.075000
7 0.308594 0.231250 0.104688 0.109375
7 0.610938 0.464062 0.075000 0.087500
1 0.633594 0.922656 0.051562 0.048438
1 0.414062 0.756250 0.056250 0.053125
1 0.403906 0.627344 0.057813 0.057813
1 0.578906 0.635156 0.048438 0.060937
1 0.772656 0.792969 0.051562 0.057813
1 0.760938 0.617188 0.046875 0.046875
1 0.647656 0.713281 0.051562 0.048438
1 0.953125 0.917188 0.053125 0.043750
1 0.888281 0.536719 0.057813 0.051562
1 0.907813 0.424219 0.056250 0.057813
7 0.528906 0.214062 0.092188 0.103125
1 0.957031 0.641406 0.039062 0.048438
1 0.898438 0.674219 0.046875 0.048438
1 0.469531 0.871875 0.060937 0.056250
1 0.775781 0.250781 0.035937 0.045312
1 0.145313 0.911719 0.046875 0.039062
1 0.437500 0.319531 0.050000 0.054688
1 0.462500 0.377344 0.053125 0.045312
1 0.107031 0.634375 0.051562 0.040625
