1 0.479687 0.328125 0.100000 0.056250
1 0.563281 0.166406 0.060937 0.070312
1 0.625000 0.517188 0.075000 0.075000
7 0.808594 0.231250 0.104688 0.109375
1 0.914062 0.756250 0.056250 0.053125
1 0.903906 0.627344 0.057813 0.057813
1 0.969531 0.871875 0.060937 0.056250
1 0.075000 0.811719 0.046875 0.051562
7 0.169531 0.037500 0.082812 0.065625
7 0.057813 0.040625 0.087500 0.075000
1 0.501563 0.199219 0.040625 0.045312
1 0.645312 0.911719 0.046875 0.039062
1 0.937500 0.319531 0.050000 0.054688
1 0.962500 0.377344 0.053125 0.045312
1 0.607031 0.634375 0.051562 0.040625
1 0.192969 0.397656 0.039062 0.039062
