7 0.517188 0.146094 0.096875 0.082812
7 0.811719 0.154688 0.073438 0.065625
1 0.541406 0.927344 0.070312 0.073438
1 0.595313 0.973437 0.043750 0.053125
1 0.369531 0.903125 0.057813 0.046875
1 0.773438 0.679688 0.053125 0.053125
1 0.792969 0.814844 0.039062 0.048438
1 0.736719 0.825781 0.051562 0.048438
1 0.687500 0.098437 0.031250 0.034375
1 0.228906 0.583594 0.073438 0.073438
1 0.635938 0.403906 0.056250 0.057813
1 0.563281 0.212500 0.070312 0.075000
1 0.633594 0.792188 0.042188 0.053125
1 0.962500 0.969531 0.062500 0.057813
7 0.059375 0.878125 0.062500 0.056250
