7 0.639844 0.457813 0.082812 0.065625
8 0.288281 0.785156 0.101562 0.132812
8 0.611719 0.301563 0.089063 0.065625
8 0.178125 0.735938 0.087500 0.084375
1 0.041406 0.427344 0.070312 0.073438
1 0.095312 0.473438 0.043750 0.053125
1 0.273438 0.179688 0.053125 0.053125
1 0.567969 0.196094 0.079688 0.070312
1 0.380469 0.585156 0.051562 0.051562
1 0.236719 0.325781 0.051562 0.048438
1 0.146094 0.621875 0.039062 0.046875
1 0.629687 0.107813 0.087500 0.096875
1 0.133594 0.292187 0.042188 0.053125
1 0.860938 0.272656 0.075000 0.070312
1 0.959375 0.275000 0.075000 0.075000
1 0.890625 0.672656 0.106250 0.092188
1 0.462500 0.469531 0.062500 0.057813
1 0.769531 0.431250 0.045312 0.037500
1 0.389062 0.824219 0.037500 0.029687
1 0.766406 0.777344 0.042188 0.039062
1 0.402344 0.521094 0.045312 0.045312
1 0.900781 0.078906 0.032813 0.029687
