1 0.269531 0.142969 0.070312 0.079687
1 0.329688 0.160938 0.034375 0.053125
1 0.093750 0.301563 0.068750 0.046875
1 0.362500 0.249219 0.062500 0.057813
1 0.417969 0.387500 0.039062 0.065625
1 0.518750 0.035156 0.043750 0.048438
1 0.350000 0.056250 0.046875 0.046875
1 0.479687 0.828125 0.100000 0.056250
1 0.563281 0.666406 0.060937 0.070312
1 0.949219 0.299219 0.057813 0.060937
7 0.808594 0.731250 0.104688 0.109375
1 0.839844 0.239063 0.079687 0.056250
1 0.866406 0.076563 0.057813 0.062500
1 0.611719 0.109375 0.060937 0.053125
1 0.220312 0.480469 0.040625 0.042188
7 0.169531 0.537500 0.082812 0.065625
7 0.057813 0.540625 0.087500 0.075000
1 0.501563 0.699219 0.040625 0.045312
1 0.937500 0.819531 0.050000 0.054688
1 0.962500 0.877344 0.053125 0.045312
1 0.192969 0.897656 0.039062 0.039062
