1 0.401562 0.030469 0.025000 0.039062
1 0.301563 0.271094 0.037500 0.042188
1 0.448437 0.239063 0.037500 0.053125
1 0.399219 0.517969 0.026562 0.042188
1 0.231250 0.961719 0.031250 0.039062
1 0.232813 0.825000 0.043750 0.046875
1 0.150000 0.511719 0.031250 0.048438
1 0.498437 0.861719 0.037500 0.042188
1 0.564844 0.927344 0.029687 0.042188
1 0.338281 0.850000 0.039062 0.043750
8 0.405469 0.927344 0.060937 0.082812
7 0.182031 0.643750 0.114062 0.131250
7 0.853125 0.693750 0.062500 0.125000
1 0.314063 0.016406 0.034375 0.032813
1 0.410938 0.414844 0.031250 0.026562
7 0.585938 0.246094 0.062500 0.076563
