1 0.429687 0.845313 0.034375 0.046875
1 0.174219 0.592187 0.051562 0.056250
1 0.381250 0.218750 0.056250 0.053125
1 0.410156 0.050000 0.048438 0.053125
1 0.132812 0.528125 0.056250 0.053125
1 0.157812 0.424219 0.043750 0.048438
1 0.046875 0.374219 0.031250 0.039062
1 0.074219 0.425000 0.039062 0.043750
4 0.041406 0.578906 0.060937 0.048438
4 0.128125 0.262500 0.059375 0.062500
1 0.038281 0.902344 0.035937 0.029687
1 0.147656 0.060937 0.045312 0.046875
0 0.036719 0.099219 0.073438 0.070312
0 0.037500 0.186719 0.059375 0.057813
0 0.215625 0.585938 0.053125 0.050000
