1 0.633594 0.422656 0.051562 0.048438
1 0.657813 0.550781 0.043750 0.051562
1 0.414062 0.256250 0.056250 0.053125
1 0.403906 0.127344 0.057813 0.057813
1 0.578906 0.135156 0.048438 0.060937
1 0.772656 0.292969 0.051562 0.057813
1 0.760938 0.117188 0.046875 0.046875
1 0.647656 0.213281 0.051562 0.048438
1 0.953125 0.417187 0.053125 0.043750
1 0.912500 0.486719 0.053125 0.057813
1 0.888281 0.036719 0.057813 0.051562
1 0.957031 0.141406 0.039062 0.048438
1 0.898438 0.174219 0.046875 0.048438
1 0.469531 0.371875 0.060937 0.056250
1 0.145313 0.411719 0.046875 0.039062
1 0.107031 0.134375 0.051562 0.040625
