1 0.176563 0.671094 0.093750 0.070312
1 0.436719 0.671094 0.114062 0.079687
1 0.410156 0.383594 0.132812 0.042188
1 0.285156 0.455469 0.057813 0.048438
1 0.769531 0.642969 0.070312 0.079687
1 0.829688 0.660938 0.034375 0.053125
1 0.593750 0.801562 0.068750 0.046875
1 0.862500 0.749219 0.062500 0.057813
1 0.917969 0.887500 0.039062 0.065625
1 0.667188 0.380469 0.046875 0.042188
1 0.417187 0.303125 0.046875 0.043750
1 0.850000 0.556250 0.046875 0.046875
1 0.832812 0.339062 0.062500 0.068750
1 0.375781 0.172656 0.042188 0.048438
