1 0.076563 0.963281 0.078125 0.051562
1 0.127344 0.448437 0.092188 0.053125
1 0.094531 0.801562 0.060937 0.037500
1 0.189062 0.845313 0.078125 0.046875
1 0.676562 0.671094 0.093750 0.070312
1 0.936719 0.671094 0.114062 0.079687
1 0.505469 0.364063 0.073438 0.075000
1 0.280469 0.392969 0.073438 0.051562
1 0.910156 0.383594 0.132812 0.042188
1 0.785156 0.455469 0.057813 0.048438
1 0.917188 0.303125 0.046875 0.043750
1 0.258594 0.496094 0.070312 0.042188
1 0.264844 0.638281 0.026562 0.032813
1 0.875781 0.172656 0.042188 0.048438
