1 0.133594 0.422656 0.051562 0.048438
1 0.157812 0.550781 0.043750 0.051562
1 0.078906 0.135156 0.048438 0.060937
1 0.272656 0.292969 0.051562 0.057813
1 0.260937 0.117188 0.046875 0.046875
1 0.147656 0.213281 0.051562 0.048438
1 0.518750 0.219531 0.043750 0.051562
1 0.453125 0.417187 0.053125 0.043750
1 0.412500 0.486719 0.053125 0.057813
1 0.388281 0.036719 0.057813 0.051562
1 0.457031 0.141406 0.039062 0.048438
1 0.398438 0.174219 0.046875 0.048438
1 0.610938 0.259375 0.046875 0.053125
1 0.567969 0.497656 0.051562 0.073438
1 0.535937 0.703125 0.043750 0.062500
