7 0.162500 0.112500 0.075000 0.068750
7 0.278125 0.397656 0.078125 0.060937
7 0.130469 0.415625 0.079687 0.078125
7 0.139844 0.957812 0.082812 0.065625
7 0.547656 0.571875 0.073438 0.078125
1 0.522656 0.272656 0.060937 0.051562
1 0.594531 0.301563 0.060937 0.037500
1 0.689063 0.345313 0.078125 0.046875
1 0.067969 0.696094 0.079688 0.070312
1 0.631250 0.890625 0.065625 0.056250
1 0.129688 0.607812 0.087500 0.096875
1 0.360938 0.772656 0.075000 0.070312
1 0.459375 0.775000 0.075000 0.075000
1 0.269531 0.931250 0.045312 0.037500
1 0.764844 0.138281 0.026562 0.032813
1 0.400781 0.578906 0.032813 0.029687
