7 0.139844 0.457813 0.082812 0.065625
7 0.547656 0.071875 0.073438 0.078125
1 0.067969 0.196094 0.079688 0.070312
1 0.508594 0.532031 0.057813 0.042188
1 0.631250 0.390625 0.065625 0.056250
1 0.713281 0.473438 0.073438 0.068750
1 0.129688 0.107813 0.087500 0.096875
1 0.360938 0.272656 0.075000 0.070312
1 0.459375 0.275000 0.075000 0.075000
1 0.390625 0.672656 0.106250 0.092188
1 0.269531 0.431250 0.045312 0.037500
1 0.266406 0.777344 0.042188 0.039062
1 0.746094 0.527344 0.039062 0.039062
1 0.400781 0.078906 0.032813 0.029687
