1 0.060156 0.357812 0.039062 0.043750
1 0.057813 0.265625 0.031250 0.037500
1 0.401562 0.530469 0.025000 0.039062
1 0.480469 0.375000 0.029687 0.031250
1 0.301563 0.771094 0.037500 0.042188
1 0.448437 0.739062 0.037500 0.053125
7 0.619531 0.253906 0.057813 0.057813
1 0.783594 0.210156 0.039062 0.051562
1 0.727344 0.350000 0.039062 0.043750
1 0.453125 0.167969 0.043750 0.073438
1 0.327344 0.439063 0.042188 0.037500
1 0.314063 0.516406 0.034375 0.032813
1 0.744531 0.111719 0.023438 0.029687
1 0.737500 0.917969 0.018750 0.020313
1 0.410938 0.914844 0.031250 0.026562
7 0.585938 0.746094 0.062500 0.076563
7 0.983594 0.469531 0.029687 0.035937
1 0.195312 0.433594 0.025000 0.026562
