3 0.509375 0.295312 0.078125 0.100000
3 0.343750 0.314844 0.040625 0.073438
3 0.614844 0.316406 0.039062 0.048438
3 0.776562 0.282031 0.043750 0.048438
3 0.594531 0.189062 0.057813 0.071875
3 0.531250 0.189844 0.059375 0.051562
3 0.560156 0.245312 0.032813 0.040625
3 0.439063 0.383594 0.071875 0.095312
3 0.667188 0.225781 0.037500 0.029687
3 0.700781 0.192188 0.064062 0.043750
3 0.688281 0.329688 0.023438 0.050000
3 0.347656 0.531250 0.035937 0.046875
3 0.469531 0.573438 0.064062 0.106250
3 0.650000 0.607031 0.034375 0.026562
3 0.521875 0.525781 0.025000 0.029687
3 0.783594 0.477344 0.092188 0.104688
3 0.897656 0.138281 0.057813 0.057813
