3 0.765625 0.481250 0.037500 0.075000
3 0.509375 0.795312 0.078125 0.100000
3 0.343750 0.814844 0.040625 0.073438
3 0.614844 0.816406 0.039062 0.048438
3 0.776562 0.782031 0.043750 0.048438
3 0.594531 0.689063 0.057813 0.071875
3 0.531250 0.689844 0.059375 0.051562
3 0.560156 0.745313 0.032813 0.040625
3 0.439063 0.883594 0.071875 0.095312
3 0.537500 0.425781 0.071875 0.098437
3 0.835156 0.457031 0.089063 0.067187
3 0.667188 0.725781 0.037500 0.029687
3 0.700781 0.692187 0.064062 0.043750
3 0.688281 0.829688 0.023438 0.050000
3 0.699219 0.315625 0.035937 0.050000
3 0.897656 0.638281 0.057813 0.057813
