0 0.549219 0.771875 0.167187 0.196875
3 0.534375 0.033594 0.056250 0.045312
3 0.114844 0.316406 0.039062 0.048438
3 0.276562 0.282031 0.043750 0.048438
3 0.094531 0.189062 0.057813 0.071875
3 0.031250 0.189844 0.059375 0.051562
3 0.060156 0.245312 0.032813 0.040625
3 0.167187 0.225781 0.037500 0.029687
3 0.200781 0.192188 0.064062 0.043750
3 0.188281 0.329688 0.023438 0.050000
3 0.150000 0.607031 0.034375 0.026562
3 0.463281 0.257812 0.092188 0.165625
3 0.283594 0.477344 0.092188 0.104688
3 0.397656 0.138281 0.057813 0.057813
3 0.617188 0.061719 0.093750 0.057813
