3 0.534375 0.533594 0.056250 0.045312
3 0.265625 0.481250 0.037500 0.075000
3 0.114844 0.816406 0.039062 0.048438
3 0.276562 0.782031 0.043750 0.048438
3 0.094531 0.689063 0.057813 0.071875
3 0.031250 0.689844 0.059375 0.051562
3 0.060156 0.745313 0.032813 0.040625
3 0.037500 0.425781 0.071875 0.098437
3 0.335156 0.457031 0.089063 0.067187
3 0.167187 0.725781 0.037500 0.029687
3 0.200781 0.692187 0.064062 0.043750
3 0.188281 0.829688 0.023438 0.050000
3 0.557031 0.066406 0.051562 0.045312
3 0.789844 0.103906 0.045312 0.042188
3 0.199219 0.315625 0.035937 0.050000
3 0.463281 0.757812 0.092188 0.165625
3 0.557813 0.017188 0.031250 0.034375
3 0.636719 0.042188 0.023438 0.040625
3 0.397656 0.638281 0.057813 0.057813
3 0.617188 0.561719 0.093750 0.057813
