7 0.705469 0.895312 0.129688 0.125000
0 0.569531 0.588281 0.110937 0.123438
0 0.323437 0.278125 0.050000 0.075000
0 0.350781 0.392969 0.051562 0.045312
0 0.583594 0.078125 0.042188 0.053125
0 0.843750 0.638281 0.109375 0.129688
0 0.703125 0.574219 0.053125 0.054688
0 0.900781 0.698438 0.051562 0.034375
0 0.390625 0.271094 0.031250 0.048438
0 0.567187 0.391406 0.062500 0.104688
7 0.215625 0.490625 0.081250 0.137500
0 0.394531 0.725781 0.142187 0.167187
0 0.951562 0.723437 0.037500 0.037500
0 0.432812 0.084375 0.100000 0.081250
0 0.457813 0.392969 0.031250 0.067187
