1 0.878125 0.618750 0.071875 0.075000
1 0.635156 0.532031 0.048438 0.067187
1 0.488281 0.724219 0.042188 0.048438
1 0.769531 0.893750 0.042188 0.056250
1 0.911719 0.971875 0.032813 0.040625
1 0.800781 0.769531 0.026562 0.035937
1 0.622656 0.716406 0.029687 0.032813
1 0.704688 0.571875 0.046875 0.053125
1 0.718750 0.825781 0.028125 0.039062
1 0.724219 0.763281 0.039062 0.042188
1 0.746875 0.742969 0.034375 0.042188
1 0.953125 0.689844 0.081250 0.076563
1 0.657813 0.843750 0.034375 0.037500
1 0.514844 0.296875 0.060937 0.068750
1 0.482031 0.147656 0.045312 0.054688
1 0.751563 0.116406 0.053125 0.045312
