1 0.919531 0.560937 0.067187 0.068750
1 0.378125 0.118750 0.071875 0.075000
1 0.269531 0.393750 0.042188 0.056250
1 0.411719 0.471875 0.032813 0.040625
1 0.300781 0.269531 0.026562 0.035937
1 0.122656 0.216406 0.029687 0.032813
1 0.204687 0.071875 0.046875 0.053125
1 0.218750 0.325781 0.028125 0.039062
1 0.224219 0.263281 0.039062 0.042188
1 0.246875 0.242969 0.034375 0.042188
1 0.453125 0.189844 0.081250 0.076563
1 0.157812 0.343750 0.034375 0.037500
1 0.369531 0.521094 0.042188 0.054688
1 0.394531 0.562500 0.039062 0.043750
1 0.260937 0.689063 0.034375 0.043750
1 0.943750 0.353906 0.037500 0.039062
1 0.960938 0.664062 0.025000 0.031250
