1 0.378125 0.618750 0.071875 0.075000
1 0.135156 0.532031 0.048438 0.067187
1 0.269531 0.893750 0.042188 0.056250
1 0.411719 0.971875 0.032813 0.040625
1 0.300781 0.769531 0.026562 0.035937
1 0.122656 0.716406 0.029687 0.032813
1 0.204687 0.571875 0.046875 0.053125
1 0.218750 0.825781 0.028125 0.039062
1 0.224219 0.763281 0.039062 0.042188
1 0.246875 0.742969 0.034375 0.042188
1 0.453125 0.689844 0.081250 0.076563
1 0.157812 0.843750 0.034375 0.037500
1 0.943750 0.853906 0.037500 0.039062
1 0.251563 0.116406 0.053125 0.045312
