1 0.878125 0.118750 0.071875 0.075000
1 0.488281 0.224219 0.042188 0.048438
1 0.769531 0.393750 0.042188 0.056250
1 0.911719 0.471875 0.032813 0.040625
1 0.800781 0.269531 0.026562 0.035937
1 0.622656 0.216406 0.029687 0.032813
1 0.704688 0.071875 0.046875 0.053125
1 0.718750 0.325781 0.028125 0.039062
1 0.724219 0.263281 0.039062 0.042188
1 0.746875 0.242969 0.034375 0.042188
1 0.953125 0.189844 0.081250 0.076563
1 0.657813 0.343750 0.034375 0.037500
1 0.869531 0.521094 0.042188 0.054688
1 0.894531 0.562500 0.039062 0.043750
1 0.760938 0.689063 0.034375 0.043750
