8 0.200781 0.983594 0.026562 0.026562
1 0.586719 0.496094 0.039062 0.035937
1 0.672656 0.571875 0.048438 0.046875
1 0.485156 0.696875 0.042188 0.037500
1 0.531250 0.550000 0.031250 0.028125
1 0.498437 0.591406 0.031250 0.029687
1 0.482031 0.553906 0.032813 0.026562
1 0.633594 0.545312 0.029687 0.025000
1 0.376563 0.799219 0.040625 0.039062
1 0.353125 0.660156 0.031250 0.029687
3 0.247656 0.282031 0.045312 0.051562
7 0.730469 0.482812 0.039062 0.037500
7 0.341406 0.917969 0.073438 0.073438
1 0.485938 0.636719 0.043750 0.045312
1 0.663281 0.214844 0.029687 0.032813
