8 0.183594 0.527344 0.039062 0.042188
8 0.200781 0.483594 0.026562 0.026562
8 0.278906 0.388281 0.051562 0.048438
8 0.650781 0.683594 0.051562 0.054688
4 0.327344 0.882031 0.070312 0.123438
1 0.672656 0.071875 0.048438 0.046875
1 0.485156 0.196875 0.042188 0.037500
1 0.531250 0.050000 0.031250 0.028125
1 0.498437 0.091406 0.031250 0.029687
1 0.482031 0.053906 0.032813 0.026562
1 0.633594 0.045312 0.029687 0.025000
1 0.376563 0.299219 0.040625 0.039062
1 0.353125 0.160156 0.031250 0.029687
1 0.485938 0.136719 0.043750 0.045312
8 0.734375 0.604688 0.046875 0.050000
