8 0.682813 0.745313 0.087500 0.112500
0 0.103125 0.950000 0.165625 0.071875
0 0.710938 0.446094 0.100000 0.114062
0 0.871875 0.456250 0.087500 0.203125
0 0.753125 0.571875 0.171875 0.187500
0 0.353125 0.673438 0.137500 0.168750
0 0.743750 0.832812 0.093750 0.128125
0 0.574219 0.567969 0.082812 0.092188
0 0.488281 0.067969 0.054688 0.073438
0 0.757031 0.240625 0.076563 0.087500
0 0.721875 0.150781 0.078125 0.098437
0 0.592187 0.097656 0.165625 0.142187
0 0.911719 0.108594 0.073438 0.089063
0 0.200000 0.189062 0.078125 0.100000
0 0.265625 0.822656 0.084375 0.082812
0 0.418750 0.798438 0.140625 0.090625
2 0.904687 0.177344 0.087500 0.092188
0 0.650000 0.888281 0.046875 0.117188
0 0.452344 0.862500 0.054688 0.062500
0 0.226562 0.465625 0.046875 0.078125
0 0.248438 0.891406 0.087500 0.048438
0 0.280469 0.960156 0.157812 0.064062
0 0.141406 0.755469 0.064062 0.073438
0 0.175781 0.837500 0.079687 0.059375
0 0.285938 0.690625 0.040625 0.084375
