1 0.888281 0.701562 0.076563 0.093750
0 0.719531 0.553906 0.164062 0.117188
0 0.490625 0.450000 0.165625 0.071875
0 0.740625 0.173437 0.137500 0.168750
0 0.653125 0.322656 0.084375 0.082812
0 0.806250 0.298438 0.140625 0.090625
0 0.839844 0.362500 0.054688 0.062500
0 0.850000 0.422656 0.050000 0.060937
0 0.635938 0.391406 0.087500 0.048438
0 0.667969 0.460156 0.157812 0.064062
0 0.528906 0.255469 0.064062 0.073438
0 0.563281 0.337500 0.079687 0.059375
0 0.673438 0.190625 0.040625 0.084375
0 0.403125 0.481250 0.118750 0.112500
0 0.647656 0.934375 0.067187 0.046875
