7 0.192969 0.145313 0.142187 0.234375
0 0.357031 0.614062 0.179688 0.356250
0 0.729688 0.602344 0.109375 0.142187
0 0.494531 0.553906 0.307812 0.351562
0 0.840625 0.796875 0.268750 0.125000
0 0.903906 0.912500 0.145313 0.143750
0 0.321875 0.843750 0.112500 0.134375
0 0.417187 0.803906 0.068750 0.129688
0 0.586719 0.875000 0.089063 0.068750
0 0.550781 0.936719 0.054688 0.057813
3 0.908594 0.035937 0.082812 0.062500
0 0.209375 0.440625 0.103125 0.184375
7 0.364063 0.278906 0.187500 0.179688
7 0.525000 0.234375 0.168750 0.190625
