4 0.764844 0.825000 0.070312 0.100000
4 0.628906 0.942969 0.051562 0.051562
0 0.682813 0.463281 0.121875 0.154688
0 0.654687 0.609375 0.106250 0.156250
0 0.560156 0.728125 0.076563 0.184375
0 0.514844 0.590625 0.170313 0.168750
0 0.433594 0.713281 0.076563 0.129688
0 0.367969 0.733594 0.064062 0.157812
0 0.278906 0.493750 0.145313 0.156250
0 0.247656 0.588281 0.264062 0.207813
0 0.173437 0.392969 0.071875 0.220312
0 0.729688 0.102344 0.109375 0.142187
0 0.840625 0.296875 0.268750 0.125000
0 0.864844 0.676562 0.101562 0.118750
0 0.903906 0.412500 0.145313 0.143750
0 0.321875 0.343750 0.112500 0.134375
0 0.417187 0.303906 0.068750 0.129688
0 0.586719 0.375000 0.089063 0.068750
0 0.550781 0.436719 0.054688 0.057813
0 0.960156 0.493750 0.042188 0.056250
