4 0.264844 0.325000 0.070312 0.100000
4 0.128906 0.442969 0.051562 0.051562
0 0.154688 0.109375 0.106250 0.156250
0 0.060156 0.228125 0.076563 0.184375
0 0.575781 0.346094 0.142187 0.104688
0 0.527344 0.175000 0.142187 0.190625
0 0.946094 0.151562 0.095312 0.068750
0 0.540625 0.612500 0.240625 0.165625
0 0.364844 0.176563 0.101562 0.118750
0 0.584375 0.858594 0.193750 0.229687
0 0.677344 0.339844 0.070312 0.082812
0 0.654687 0.090625 0.081250 0.065625
1 0.796094 0.480469 0.051562 0.048438
0 0.653906 0.446094 0.092188 0.098437
0 0.407031 0.432812 0.045312 0.053125
0 0.396094 0.505469 0.051562 0.048438
0 0.043750 0.571094 0.087500 0.070312
