0 0.490625 0.950000 0.165625 0.071875
0 0.740625 0.673438 0.137500 0.168750
0 0.875781 0.067969 0.054688 0.073438
0 0.587500 0.189062 0.078125 0.100000
0 0.653125 0.822656 0.084375 0.082812
0 0.806250 0.798438 0.140625 0.090625
0 0.839844 0.862500 0.054688 0.062500
0 0.850000 0.922656 0.050000 0.060937
0 0.614062 0.465625 0.046875 0.078125
0 0.635938 0.891406 0.087500 0.048438
0 0.667969 0.960156 0.157812 0.064062
0 0.528906 0.755469 0.064062 0.073438
0 0.563281 0.837500 0.079687 0.059375
0 0.673438 0.690625 0.040625 0.084375
