8 0.682813 0.245312 0.087500 0.112500
1 0.500781 0.701562 0.076563 0.093750
0 0.332031 0.553906 0.164062 0.117188
0 0.103125 0.450000 0.165625 0.071875
0 0.353125 0.173437 0.137500 0.168750
0 0.743750 0.332813 0.093750 0.128125
0 0.574219 0.067969 0.082812 0.092188
0 0.820312 0.622656 0.190625 0.264062
0 0.654687 0.878906 0.159375 0.148438
0 0.265625 0.322656 0.084375 0.082812
0 0.418750 0.298438 0.140625 0.090625
0 0.650000 0.388281 0.046875 0.117188
0 0.452344 0.362500 0.054688 0.062500
0 0.248438 0.391406 0.087500 0.048438
0 0.280469 0.460156 0.157812 0.064062
0 0.141406 0.255469 0.064062 0.073438
0 0.175781 0.337500 0.079687 0.059375
0 0.285938 0.190625 0.040625 0.084375
0 0.606250 0.510938 0.043750 0.053125
0 0.260156 0.934375 0.067187 0.046875
