4 0.264844 0.825000 0.070312 0.100000
4 0.128906 0.942969 0.051562 0.051562
0 0.182812 0.463281 0.121875 0.154688
0 0.154688 0.609375 0.106250 0.156250
0 0.060156 0.728125 0.076563 0.184375
0 0.229687 0.102344 0.109375 0.142187
0 0.340625 0.296875 0.268750 0.125000
0 0.575781 0.846094 0.142187 0.104688
0 0.527344 0.675000 0.142187 0.190625
0 0.946094 0.651563 0.095312 0.068750
0 0.364844 0.676562 0.101562 0.118750
0 0.403906 0.412500 0.145313 0.143750
0 0.086719 0.375000 0.089063 0.068750
0 0.050781 0.436719 0.054688 0.057813
0 0.677344 0.839844 0.070312 0.082812
0 0.654687 0.590625 0.081250 0.065625
0 0.653906 0.946094 0.092188 0.098437
0 0.460156 0.493750 0.042188 0.056250
0 0.504687 0.307812 0.040625 0.059375
1 0.886719 0.299219 0.045312 0.042188
