0 0.731250 0.691406 0.075000 0.082812
0 0.742188 0.035156 0.075000 0.067187
0 0.842187 0.062500 0.084375 0.087500
0 0.938281 0.766406 0.095312 0.107813
0 0.184375 0.331250 0.068750 0.075000
0 0.326562 0.292187 0.071875 0.065625
0 0.565625 0.403906 0.062500 0.067187
0 0.392969 0.191406 0.067187 0.051562
0 0.319531 0.397656 0.054688 0.054688
0 0.204687 0.100781 0.084375 0.076563
0 0.457031 0.778906 0.117188 0.085938
0 0.557813 0.819531 0.062500 0.045312
0 0.806250 0.825000 0.043750 0.059375
0 0.867188 0.179688 0.056250 0.056250
