0 0.578125 0.452344 0.084375 0.070312
0 0.760156 0.314063 0.060937 0.106250
0 0.337500 0.194531 0.075000 0.064062
0 0.426563 0.237500 0.065625 0.062500
0 0.881250 0.575781 0.059375 0.092188
0 0.837500 0.283594 0.053125 0.073438
2 0.586719 0.231250 0.160938 0.178125
0 0.526563 0.575000 0.084375 0.115625
0 0.328906 0.676562 0.057813 0.062500
0 0.549219 0.695312 0.092188 0.100000
0 0.604688 0.807813 0.096875 0.068750
0 0.588281 0.729688 0.048438 0.031250
0 0.678125 0.659375 0.109375 0.112500
2 0.477344 0.625000 0.045312 0.043750
2 0.441406 0.677344 0.048438 0.039062
0 0.487500 0.364844 0.046875 0.057813
0 0.119531 0.252344 0.089063 0.073438
0 0.300000 0.362500 0.050000 0.071875
0 0.260156 0.155469 0.082812 0.060937
0 0.904687 0.784375 0.071875 0.171875
