4 0.389844 0.953906 0.048438 0.048438
0 0.074219 0.507031 0.070312 0.073438
0 0.096094 0.346875 0.101562 0.143750
0 0.152344 0.542969 0.079687 0.101562
1 0.585156 0.123438 0.029687 0.034375
0 0.518750 0.879687 0.090625 0.165625
0 0.583594 0.403125 0.151562 0.187500
0 0.205469 0.620313 0.073438 0.050000
0 0.049219 0.938281 0.098437 0.107813
0 0.687500 0.902344 0.071875 0.104688
0 0.122656 0.742969 0.154688 0.114062
0 0.470313 0.190625 0.146875 0.100000
0 0.366406 0.534375 0.060937 0.090625
0 0.185938 0.475781 0.103125 0.060937
