0 0.032813 0.710156 0.059375 0.082812
4 0.417187 0.317188 0.034375 0.068750
0 0.336719 0.617188 0.085938 0.137500
8 0.607812 0.312500 0.075000 0.106250
0 0.307031 0.083594 0.070312 0.067187
0 0.125000 0.153125 0.090625 0.103125
7 0.231250 0.261719 0.062500 0.101562
0 0.086719 0.044531 0.095312 0.057813
5 0.205469 0.532031 0.160938 0.204687
8 0.235937 0.389844 0.071875 0.089063
5 0.546875 0.486719 0.078125 0.179688
7 0.063281 0.375781 0.089063 0.070312
8 0.378125 0.626563 0.040625 0.050000
8 0.378906 0.406250 0.039062 0.034375
