0 0.420312 0.710156 0.059375 0.082812
4 0.804688 0.317188 0.034375 0.068750
0 0.724219 0.617188 0.085938 0.137500
0 0.694531 0.083594 0.070312 0.067187
0 0.512500 0.153125 0.090625 0.103125
7 0.618750 0.261719 0.062500 0.101562
0 0.474219 0.044531 0.095312 0.057813
0 0.073438 0.086719 0.065625 0.048438
0 0.200781 0.175000 0.389062 0.321875
5 0.592969 0.532031 0.160938 0.204687
8 0.623437 0.389844 0.071875 0.089063
5 0.934375 0.486719 0.078125 0.179688
0 0.195312 0.571875 0.050000 0.053125
0 0.231250 0.647656 0.043750 0.070312
0 0.190625 0.345313 0.128125 0.087500
7 0.450781 0.375781 0.089063 0.070312
8 0.765625 0.626563 0.040625 0.050000
8 0.766406 0.406250 0.039062 0.034375
0 0.241406 0.431250 0.070312 0.062500
0 0.331250 0.314844 0.056250 0.057813
0 0.277344 0.490625 0.029687 0.025000
