1 0.375781 0.053906 0.026562 0.032813
1 0.697656 0.330469 0.042188 0.042188
1 0.623437 0.612500 0.040625 0.050000
0 0.431250 0.545312 0.106250 0.087500
0 0.577344 0.554687 0.082812 0.065625
1 0.735156 0.300781 0.017188 0.023438
0 0.646094 0.362500 0.048438 0.043750
1 0.271094 0.125781 0.023438 0.029687
1 0.012500 0.200000 0.021875 0.034375
7 0.210938 0.246094 0.062500 0.089063
7 0.309375 0.396875 0.065625 0.068750
0 0.245312 0.256250 0.340625 0.215625
7 0.363281 0.460938 0.064062 0.071875
1 0.603125 0.683594 0.037500 0.035937
1 0.660156 0.670312 0.026562 0.031250
1 0.629687 0.287500 0.034375 0.034375
1 0.642969 0.486719 0.026562 0.026562
0 0.390625 0.735938 0.075000 0.093750
0 0.471094 0.837500 0.092188 0.090625
7 0.457813 0.800781 0.056250 0.054688
0 0.528125 0.946875 0.134375 0.050000
1 0.572656 0.767969 0.045312 0.042188
1 0.799219 0.533594 0.035937 0.032813
0 0.109375 0.914844 0.075000 0.079687
0 0.171094 0.937500 0.035937 0.034375
