4 0.804688 0.817188 0.034375 0.068750
0 0.885156 0.531250 0.207813 0.450000
0 0.694531 0.583594 0.070312 0.067187
0 0.512500 0.653125 0.090625 0.103125
7 0.618750 0.761719 0.062500 0.101562
0 0.206250 0.492188 0.115625 0.125000
0 0.530469 0.368750 0.326562 0.234375
0 0.474219 0.544531 0.095312 0.057813
0 0.350781 0.278125 0.207813 0.203125
1 0.278906 0.415625 0.026562 0.021875
1 0.184375 0.077344 0.043750 0.035937
1 0.246094 0.095313 0.048438 0.031250
0 0.073438 0.586719 0.065625 0.048438
0 0.200781 0.675000 0.389062 0.321875
8 0.623437 0.889844 0.071875 0.089063
0 0.190625 0.845313 0.128125 0.087500
7 0.450781 0.875781 0.089063 0.070312
8 0.766406 0.906250 0.039062 0.034375
1 0.614844 0.167969 0.039062 0.035937
0 0.241406 0.931250 0.070312 0.062500
0 0.331250 0.814844 0.056250 0.057813
