1 0.364063 0.090625 0.050000 0.053125
1 0.875781 0.053906 0.026562 0.032813
0 0.931250 0.545312 0.106250 0.087500
1 0.278906 0.225000 0.060937 0.068750
1 0.771094 0.125781 0.023438 0.029687
1 0.512500 0.200000 0.021875 0.034375
0 0.384375 0.167187 0.109375 0.071875
0 0.330469 0.107031 0.098437 0.101562
7 0.710938 0.246094 0.062500 0.089063
7 0.809375 0.396875 0.065625 0.068750
0 0.745313 0.256250 0.340625 0.215625
7 0.863281 0.460938 0.064062 0.071875
0 0.890625 0.735938 0.075000 0.093750
5 0.091406 0.544531 0.160938 0.320312
0 0.249219 0.428125 0.264062 0.240625
0 0.496875 0.817188 0.096875 0.118750
0 0.289062 0.752344 0.081250 0.129688
0 0.609375 0.914844 0.075000 0.079687
0 0.671094 0.937500 0.035937 0.034375
