0 0.116406 0.710156 0.082812 0.114062
0 0.144531 0.882031 0.151562 0.135937
0 0.313281 0.514844 0.139063 0.145313
0 0.438281 0.189844 0.164062 0.126562
0 0.491406 0.426563 0.057813 0.134375
0 0.512500 0.292187 0.053125 0.106250
0 0.669531 0.264062 0.057813 0.106250
0 0.826562 0.572656 0.050000 0.142187
0 0.560156 0.808594 0.101562 0.164062
0 0.209375 0.612500 0.075000 0.096875
0 0.046094 0.525000 0.054688 0.062500
0 0.657813 0.375781 0.043750 0.082812
0 0.053125 0.459375 0.046875 0.068750
0 0.116406 0.380469 0.045312 0.054688
0 0.285156 0.825000 0.023438 0.037500
0 0.355469 0.679688 0.060937 0.056250
0 0.284375 0.762500 0.071875 0.075000
0 0.361719 0.791406 0.145313 0.160938
0 0.725781 0.784375 0.079687 0.134375
