0 0.705469 0.056250 0.064062 0.075000
0 0.779687 0.071875 0.106250 0.078125
0 0.663281 0.460156 0.160938 0.145313
0 0.651563 0.576562 0.056250 0.081250
0 0.575000 0.564063 0.084375 0.084375
0 0.286719 0.255469 0.032813 0.051562
0 0.324219 0.425000 0.032813 0.062500
0 0.489844 0.328906 0.048438 0.079687
0 0.552344 0.075781 0.176563 0.151562
0 0.112500 0.187500 0.043750 0.056250
0 0.089063 0.499219 0.059375 0.139063
3 0.167187 0.278906 0.059375 0.073438
0 0.664844 0.292187 0.070312 0.050000
0 0.173437 0.071094 0.034375 0.048438
0 0.314063 0.098437 0.093750 0.112500
0 0.339844 0.628906 0.048438 0.107813
0 0.521875 0.207813 0.053125 0.059375
