0 0.403125 0.240625 0.137500 0.121875
0 0.407031 0.106250 0.214062 0.100000
0 0.503906 0.210156 0.082812 0.114062
0 0.532031 0.382031 0.151562 0.135937
0 0.575781 0.480469 0.054688 0.064062
0 0.406250 0.578906 0.087500 0.123438
0 0.759375 0.537500 0.118750 0.159375
0 0.947656 0.308594 0.101562 0.164062
0 0.596875 0.112500 0.075000 0.096875
0 0.925000 0.630469 0.081250 0.114062
0 0.175000 0.272656 0.071875 0.042188
0 0.349219 0.364063 0.067187 0.059375
0 0.672656 0.325000 0.023438 0.037500
0 0.742969 0.179688 0.060937 0.056250
0 0.671875 0.262500 0.071875 0.075000
0 0.749219 0.291406 0.145313 0.160938
