0 0.403125 0.740625 0.137500 0.121875
0 0.407031 0.606250 0.214062 0.100000
0 0.503906 0.710156 0.082812 0.114062
0 0.532031 0.882031 0.151562 0.135937
0 0.700781 0.514844 0.139063 0.145313
0 0.825781 0.189844 0.164062 0.126562
0 0.878906 0.426563 0.057813 0.134375
0 0.900000 0.292187 0.053125 0.106250
0 0.160156 0.328125 0.070312 0.062500
0 0.192969 0.532031 0.245312 0.226562
0 0.947656 0.808594 0.101562 0.164062
0 0.596875 0.612500 0.075000 0.096875
0 0.096094 0.314063 0.054688 0.053125
0 0.375000 0.139063 0.053125 0.053125
0 0.175000 0.772656 0.071875 0.042188
0 0.440625 0.459375 0.046875 0.068750
0 0.503906 0.380469 0.045312 0.054688
0 0.672656 0.825000 0.023438 0.037500
0 0.742969 0.679688 0.060937 0.056250
0 0.671875 0.762500 0.071875 0.075000
0 0.571875 0.275781 0.043750 0.079687
0 0.749219 0.791406 0.145313 0.160938
