0 0.417969 0.366406 0.067187 0.095312
0 0.496094 0.426563 0.117188 0.096875
0 0.640625 0.455469 0.071875 0.076563
0 0.705469 0.556250 0.064062 0.075000
0 0.779687 0.571875 0.106250 0.078125
0 0.474219 0.243750 0.107813 0.125000
0 0.552344 0.165625 0.104688 0.109375
0 0.475781 0.053906 0.045312 0.073438
0 0.286719 0.755469 0.032813 0.051562
0 0.324219 0.925000 0.032813 0.062500
0 0.489844 0.828906 0.048438 0.079687
0 0.196094 0.168750 0.079687 0.168750
0 0.133594 0.407813 0.076563 0.093750
2 0.821094 0.381250 0.110937 0.084375
0 0.552344 0.575781 0.176563 0.151562
0 0.112500 0.687500 0.043750 0.056250
3 0.167187 0.778906 0.059375 0.073438
0 0.664844 0.792188 0.070312 0.050000
0 0.173437 0.571094 0.034375 0.048438
0 0.314063 0.598437 0.093750 0.112500
0 0.521875 0.707812 0.053125 0.059375
