0 0.825781 0.689844 0.164062 0.126562
0 0.878906 0.926562 0.057813 0.134375
0 0.900000 0.792188 0.053125 0.106250
0 0.717187 0.435156 0.068750 0.076563
0 0.160156 0.828125 0.070312 0.062500
0 0.496094 0.267969 0.117188 0.120313
0 0.096094 0.814063 0.054688 0.053125
0 0.375000 0.639062 0.053125 0.053125
0 0.440625 0.959375 0.046875 0.068750
0 0.503906 0.880469 0.045312 0.054688
0 0.795312 0.330469 0.056250 0.067187
0 0.433594 0.352344 0.079687 0.085938
0 0.629687 0.514844 0.046875 0.042188
0 0.571875 0.775781 0.043750 0.079687
