0 0.116406 0.210156 0.082812 0.114062
0 0.144531 0.382031 0.151562 0.135937
0 0.188281 0.480469 0.054688 0.064062
0 0.371875 0.537500 0.118750 0.159375
0 0.826562 0.072656 0.050000 0.142187
0 0.560156 0.308594 0.101562 0.164062
0 0.209375 0.112500 0.075000 0.096875
0 0.537500 0.630469 0.081250 0.114062
0 0.285156 0.325000 0.023438 0.037500
0 0.355469 0.179688 0.060937 0.056250
0 0.284375 0.262500 0.071875 0.075000
0 0.361719 0.291406 0.145313 0.160938
0 0.642969 0.513281 0.051562 0.154688
0 0.725781 0.284375 0.079687 0.134375
