0 0.629687 0.453906 0.093750 0.126562
0 0.438281 0.689844 0.164062 0.126562
0 0.491406 0.926562 0.057813 0.134375
0 0.512500 0.792188 0.053125 0.106250
0 0.669531 0.764062 0.057813 0.106250
0 0.827344 0.520312 0.142187 0.325000
0 0.329688 0.435156 0.068750 0.076563
0 0.642969 0.567187 0.107813 0.150000
0 0.108594 0.267969 0.117188 0.120313
0 0.657813 0.875781 0.043750 0.082812
0 0.053125 0.959375 0.046875 0.068750
0 0.116406 0.880469 0.045312 0.054688
0 0.835156 0.062500 0.054688 0.109375
0 0.714844 0.294531 0.073438 0.117188
0 0.407813 0.330469 0.056250 0.067187
0 0.046094 0.352344 0.079687 0.085938
