4 0.606250 0.843750 0.068750 0.056250
0 0.310937 0.456250 0.100000 0.100000
0 0.055469 0.149219 0.092188 0.073438
0 0.218750 0.232031 0.084375 0.076563
0 0.189844 0.080469 0.076563 0.098437
0 0.019531 0.073438 0.039062 0.056250
1 0.459375 0.388281 0.034375 0.023438
1 0.300000 0.601562 0.034375 0.034375
0 0.265625 0.389844 0.090625 0.057813
0 0.303906 0.329688 0.082812 0.071875
1 0.363281 0.256250 0.048438 0.034375
1 0.746875 0.325000 0.028125 0.028125
1 0.183594 0.637500 0.042188 0.037500
0 0.178906 0.548438 0.098437 0.053125
