4 0.272656 0.917969 0.067188 0.067187
0 0.150000 0.394531 0.031250 0.082812
0 0.555469 0.649219 0.092188 0.073438
0 0.718750 0.732031 0.084375 0.076563
0 0.689844 0.580469 0.076563 0.098437
1 0.859375 0.057813 0.034375 0.028125
1 0.959375 0.888281 0.034375 0.023438
0 0.765625 0.889844 0.090625 0.057813
0 0.803906 0.829688 0.082812 0.071875
1 0.703125 0.441406 0.034375 0.032813
1 0.863281 0.756250 0.048438 0.034375
0 0.313281 0.697656 0.089063 0.145313
0 0.250000 0.804688 0.056250 0.075000
0 0.517969 0.919531 0.107813 0.135937
0 0.345313 0.182031 0.068750 0.042188
0 0.547656 0.189844 0.076563 0.085938
0 0.469531 0.568750 0.114062 0.106250
