0 0.055469 0.649219 0.092188 0.073438
0 0.218750 0.732031 0.084375 0.076563
0 0.189844 0.580469 0.076563 0.098437
8 0.630469 0.050781 0.032813 0.032813
1 0.359375 0.057813 0.034375 0.028125
0 0.019531 0.573438 0.039062 0.056250
1 0.459375 0.888281 0.034375 0.023438
0 0.265625 0.889844 0.090625 0.057813
0 0.303906 0.829688 0.082812 0.071875
1 0.203125 0.441406 0.034375 0.032813
1 0.363281 0.756250 0.048438 0.034375
1 0.523438 0.116406 0.025000 0.026562
1 0.746875 0.825000 0.028125 0.028125
0 0.047656 0.189844 0.076563 0.085938
0 0.597656 0.299219 0.185937 0.110937
