8 0.364063 0.717187 0.053125 0.040625
4 0.272656 0.417969 0.067188 0.067187
0 0.810937 0.456250 0.100000 0.100000
0 0.555469 0.149219 0.092188 0.073438
0 0.718750 0.232031 0.084375 0.076563
0 0.689844 0.080469 0.076563 0.098437
1 0.959375 0.388281 0.034375 0.023438
1 0.800000 0.601562 0.034375 0.034375
0 0.765625 0.389844 0.090625 0.057813
0 0.803906 0.329688 0.082812 0.071875
1 0.863281 0.256250 0.048438 0.034375
0 0.478125 0.588281 0.059375 0.110937
0 0.313281 0.197656 0.089063 0.145313
0 0.250000 0.304688 0.056250 0.075000
0 0.517969 0.419531 0.107813 0.135937
0 0.088281 0.567187 0.048438 0.075000
0 0.524219 0.896875 0.076563 0.109375
0 0.469531 0.068750 0.114062 0.106250
0 0.214844 0.808594 0.070312 0.092188
1 0.683594 0.637500 0.042188 0.037500
0 0.678906 0.548438 0.098437 0.053125
