0 0.425000 0.491406 0.128125 0.120313
0 0.521875 0.478125 0.084375 0.093750
0 0.772656 0.701562 0.067188 0.062500
0 0.702344 0.735938 0.089063 0.128125
0 0.738281 0.633594 0.039062 0.054688
0 0.825781 0.449219 0.045312 0.054688
0 0.887500 0.764062 0.068750 0.059375
0 0.216406 0.143750 0.067187 0.134375
0 0.311719 0.655469 0.076563 0.098437
0 0.535937 0.932813 0.081250 0.106250
0 0.900000 0.665625 0.062500 0.059375
0 0.862500 0.111719 0.071875 0.117188
0 0.772656 0.379688 0.032813 0.053125
0 0.775781 0.316406 0.029687 0.039062
