0 0.379688 0.571094 0.053125 0.070312
0 0.264062 0.540625 0.040625 0.059375
0 0.214062 0.667188 0.028125 0.046875
0 0.371875 0.222656 0.043750 0.057813
0 0.261719 0.147656 0.035937 0.045312
0 0.150000 0.311719 0.037500 0.042188
0 0.506250 0.621094 0.043750 0.048438
0 0.467187 0.647656 0.031250 0.067187
0 0.423438 0.431250 0.059375 0.062500
0 0.534375 0.405469 0.053125 0.057813
0 0.493750 0.459375 0.031250 0.043750
0 0.111719 0.717969 0.035937 0.057813
7 0.962500 0.653125 0.037500 0.059375
7 0.753906 0.231250 0.060937 0.078125
