0 0.137500 0.647656 0.050000 0.032813
0 0.496875 0.776563 0.090625 0.037500
0 0.562500 0.764062 0.034375 0.043750
0 0.528125 0.701562 0.031250 0.040625
0 0.619531 0.567187 0.026562 0.031250
0 0.589063 0.806250 0.025000 0.059375
0 0.528906 0.881250 0.042188 0.043750
0 0.470313 0.921094 0.037500 0.048438
0 0.424219 0.814063 0.026562 0.037500
0 0.181250 0.837500 0.059375 0.050000
0 0.208594 0.889844 0.039062 0.064062
0 0.671094 0.749219 0.051562 0.104688
0 0.733594 0.647656 0.029687 0.039062
0 0.818750 0.642188 0.065625 0.106250
0 0.057031 0.621094 0.070312 0.067187
0 0.271875 0.711719 0.121875 0.092188
0 0.815625 0.934375 0.053125 0.125000
0 0.617969 0.802344 0.064062 0.139063
0 0.710156 0.517969 0.042188 0.082812
0 0.651563 0.608594 0.028125 0.035937
0 0.419531 0.267969 0.042188 0.039062
