0 0.525000 0.147656 0.050000 0.032813
0 0.884375 0.276562 0.090625 0.037500
0 0.950000 0.264062 0.034375 0.043750
0 0.915625 0.201563 0.031250 0.040625
0 0.976562 0.306250 0.025000 0.059375
0 0.916406 0.381250 0.042188 0.043750
0 0.857812 0.421094 0.037500 0.048438
0 0.811719 0.314063 0.026562 0.037500
0 0.596094 0.389844 0.039062 0.064062
0 0.444531 0.121094 0.070312 0.067187
0 0.659375 0.211719 0.121875 0.092188
0 0.567187 0.490625 0.043750 0.050000
0 0.907813 0.469531 0.065625 0.123438
7 0.292187 0.923438 0.065625 0.068750
