2 0.456250 0.533594 0.071875 0.035937
2 0.542969 0.578906 0.039062 0.029687
2 0.528906 0.541406 0.045312 0.026562
2 0.225781 0.532031 0.057813 0.039062
2 0.610156 0.445312 0.067187 0.031250
2 0.445313 0.461719 0.084375 0.060937
2 0.538281 0.450781 0.057813 0.023438
2 0.578125 0.382812 0.043750 0.031250
1 0.648437 0.656250 0.034375 0.031250
1 0.682031 0.695312 0.017188 0.021875
1 0.671875 0.614844 0.015625 0.020313
2 0.348438 0.508594 0.112500 0.035937
2 0.385156 0.557813 0.076563 0.043750
2 0.629687 0.537500 0.046875 0.037500
2 0.628906 0.602344 0.048438 0.032813
2 0.917969 0.642188 0.070312 0.050000
2 0.732812 0.400000 0.137500 0.059375
2 0.469531 0.664062 0.264062 0.096875
2 0.773437 0.592969 0.062500 0.023438
2 0.793750 0.452344 0.059375 0.026562
2 0.125000 0.543750 0.150000 0.131250
