2 0.456250 0.550781 0.071875 0.035937
2 0.542969 0.596094 0.039062 0.029687
2 0.528906 0.558594 0.045312 0.026562
2 0.225781 0.549219 0.057813 0.039062
2 0.610156 0.462500 0.067187 0.031250
2 0.445313 0.478906 0.084375 0.060937
2 0.538281 0.467969 0.057813 0.023438
2 0.578125 0.400000 0.043750 0.031250
1 0.648437 0.673438 0.034375 0.031250
1 0.682031 0.712500 0.017188 0.021875
1 0.671875 0.632031 0.015625 0.020313
2 0.348438 0.525781 0.112500 0.035937
2 0.676562 0.511719 0.043750 0.023438
2 0.629687 0.554688 0.046875 0.037500
2 0.628906 0.619531 0.048438 0.032813
2 0.917969 0.659375 0.070312 0.050000
2 0.732812 0.417187 0.137500 0.059375
2 0.469531 0.681250 0.264062 0.096875
2 0.773437 0.610156 0.062500 0.023438
2 0.793750 0.469531 0.059375 0.026562
2 0.125000 0.560937 0.150000 0.131250
