2 0.042969 0.596094 0.039062 0.029687
2 0.028906 0.558594 0.045312 0.026562
2 0.110156 0.462500 0.067187 0.031250
2 0.038281 0.467969 0.057813 0.023438
2 0.078125 0.400000 0.043750 0.031250
2 0.520312 0.514062 0.050000 0.028125
4 0.772656 0.724219 0.054688 0.054688
1 0.148437 0.673438 0.034375 0.031250
1 0.182031 0.712500 0.017188 0.021875
1 0.171875 0.632031 0.015625 0.020313
7 0.903906 0.562500 0.104688 0.093750
2 0.176563 0.511719 0.043750 0.023438
2 0.129687 0.554688 0.046875 0.037500
2 0.128906 0.619531 0.048438 0.032813
2 0.417969 0.659375 0.070312 0.050000
2 0.232812 0.417187 0.137500 0.059375
2 0.273437 0.610156 0.062500 0.023438
2 0.293750 0.469531 0.059375 0.026562
