2 0.042969 0.578906 0.039062 0.029687
2 0.028906 0.541406 0.045312 0.026562
2 0.110156 0.445312 0.067187 0.031250
2 0.038281 0.450781 0.057813 0.023438
2 0.078125 0.382812 0.043750 0.031250
2 0.520312 0.496875 0.050000 0.028125
4 0.772656 0.707031 0.054688 0.054688
1 0.148437 0.656250 0.034375 0.031250
1 0.182031 0.695312 0.017188 0.021875
1 0.171875 0.614844 0.015625 0.020313
7 0.903906 0.545312 0.104688 0.093750
2 0.129687 0.537500 0.046875 0.037500
2 0.128906 0.602344 0.048438 0.032813
2 0.417969 0.642188 0.070312 0.050000
2 0.232812 0.400000 0.137500 0.059375
2 0.273437 0.592969 0.062500 0.023438
2 0.293750 0.452344 0.059375 0.026562
