1 0.792969 0.343750 0.042188 0.050000
7 0.729688 0.532031 0.137500 0.176563
7 0.850781 0.618750 0.117188 0.115625
7 0.471875 0.865625 0.071875 0.121875
1 0.728125 0.851562 0.050000 0.062500
1 0.335938 0.667188 0.043750 0.053125
1 0.526562 0.560156 0.065625 0.054688
1 0.832031 0.786719 0.057813 0.079687
1 0.489063 0.168750 0.059375 0.071875
1 0.578125 0.492969 0.068750 0.076563
1 0.714063 0.633594 0.050000 0.048438
7 0.207813 0.374219 0.059375 0.085938
1 0.070312 0.621094 0.078125 0.076563
7 0.146875 0.848437 0.081250 0.103125
7 0.439063 0.956250 0.053125 0.053125
