0 0.266406 0.472656 0.085938 0.089063
8 0.514062 0.578125 0.053125 0.068750
0 0.417187 0.355469 0.056250 0.076563
0 0.057813 0.520312 0.068750 0.075000
7 0.683594 0.796094 0.095312 0.126562
7 0.720313 0.656250 0.031250 0.056250
0 0.558594 0.776563 0.070312 0.081250
0 0.605469 0.890625 0.095312 0.084375
0 0.446094 0.745313 0.054688 0.056250
0 0.480469 0.614844 0.085938 0.073438
7 0.580469 0.157812 0.120313 0.125000
1 0.491406 0.285938 0.029687 0.025000
1 0.861719 0.125000 0.029687 0.037500
0 0.728125 0.421875 0.043750 0.115625
