0 0.725781 0.903906 0.060937 0.107813
0 0.814063 0.582031 0.084375 0.120313
0 0.183594 0.786719 0.085938 0.098437
0 0.045312 0.731250 0.065625 0.071875
7 0.295312 0.572656 0.062500 0.070312
0 0.082031 0.925000 0.082812 0.081250
0 0.419531 0.814844 0.101562 0.145313
0 0.670312 0.399219 0.034375 0.098437
0 0.620313 0.226562 0.059375 0.093750
0 0.241406 0.539062 0.048438 0.053125
0 0.038281 0.337500 0.057813 0.053125
0 0.506250 0.122656 0.040625 0.089063
0 0.780469 0.146875 0.045312 0.090625
0 0.743750 0.366406 0.065625 0.110937
