0 0.564063 0.508594 0.059375 0.123438
0 0.675000 0.560937 0.103125 0.150000
0 0.426563 0.431250 0.106250 0.150000
0 0.287500 0.485156 0.071875 0.067187
0 0.266406 0.689062 0.070312 0.056250
7 0.295312 0.785937 0.150000 0.137500
0 0.074219 0.128125 0.051562 0.243750
0 0.061719 0.303906 0.073438 0.117188
0 0.085156 0.423438 0.042188 0.112500
0 0.070312 0.507031 0.118750 0.164062
0 0.261719 0.321875 0.073438 0.096875
0 0.189844 0.373437 0.045312 0.078125
0 0.417187 0.887500 0.087500 0.050000
0 0.581250 0.770312 0.065625 0.056250
0 0.644531 0.792188 0.082812 0.065625
0 0.761719 0.823438 0.064062 0.100000
0 0.442188 0.205469 0.084375 0.135937
0 0.654687 0.314063 0.059375 0.081250
0 0.600000 0.334375 0.046875 0.068750
0 0.632031 0.184375 0.048438 0.037500
0 0.732031 0.082812 0.051562 0.046875
0 0.481250 0.958594 0.062500 0.060937
