0 0.273438 0.891406 0.062500 0.076563
0 0.327344 0.785156 0.064062 0.060937
0 0.902344 0.815625 0.132812 0.090625
1 0.914062 0.524219 0.034375 0.029687
0 0.243750 0.415625 0.071875 0.043750
2 0.203906 0.439063 0.042188 0.031250
0 0.385156 0.416406 0.089063 0.079687
1 0.570312 0.317969 0.028125 0.020313
0 0.059375 0.596094 0.093750 0.064062
0 0.407813 0.628906 0.140625 0.104688
0 0.771094 0.820312 0.064062 0.031250
0 0.736719 0.946094 0.039062 0.039062
0 0.427344 0.875000 0.045312 0.046875
0 0.260156 0.298438 0.104688 0.065625
0 0.135156 0.450781 0.048438 0.048438
