0 0.711719 0.563281 0.198437 0.379688
0 0.474219 0.572656 0.251563 0.273438
0 0.278125 0.707031 0.190625 0.182812
0 0.067187 0.466406 0.125000 0.123438
0 0.108594 0.371094 0.057813 0.064062
0 0.086719 0.230469 0.117188 0.095312
0 0.493750 0.228125 0.084375 0.168750
0 0.610938 0.158594 0.115625 0.101562
0 0.598437 0.056250 0.056250 0.059375
0 0.858594 0.145313 0.060937 0.150000
2 0.904687 0.187500 0.096875 0.121875
0 0.864062 0.448437 0.146875 0.178125
2 0.771094 0.421094 0.151562 0.214062
0 0.331250 0.800781 0.059375 0.060937
0 0.517188 0.765625 0.087500 0.106250
0 0.813281 0.060937 0.051562 0.112500
0 0.768750 0.175781 0.056250 0.064062
0 0.806250 0.277344 0.071875 0.085938
0 0.877344 0.738281 0.120313 0.114062
0 0.150000 0.406250 0.050000 0.056250
0 0.067187 0.763281 0.103125 0.132812
0 0.324219 0.178906 0.060937 0.048438
