0 0.574219 0.628125 0.051562 0.243750
0 0.245312 0.557031 0.081250 0.160938
0 0.561719 0.803906 0.073438 0.117188
0 0.585156 0.923438 0.042188 0.112500
0 0.761719 0.821875 0.073438 0.096875
0 0.689844 0.873437 0.045312 0.078125
0 0.120313 0.418750 0.112500 0.106250
0 0.254688 0.321875 0.084375 0.087500
0 0.232031 0.220312 0.082812 0.068750
0 0.332031 0.135937 0.079687 0.078125
0 0.408594 0.337500 0.107813 0.128125
0 0.773438 0.391406 0.062500 0.076563
0 0.827344 0.285156 0.064062 0.060937
0 0.942187 0.705469 0.084375 0.135937
0 0.469531 0.566406 0.054688 0.064062
0 0.402344 0.582031 0.064062 0.085938
0 0.696875 0.519531 0.059375 0.076563
0 0.559375 0.096094 0.093750 0.064062
0 0.907813 0.128906 0.140625 0.104688
0 0.257812 0.710938 0.081250 0.084375
0 0.182812 0.321875 0.059375 0.062500
0 0.927344 0.375000 0.045312 0.046875
