0 0.120313 0.918750 0.112500 0.106250
0 0.254688 0.821875 0.084375 0.087500
0 0.232031 0.720313 0.082812 0.068750
0 0.332031 0.635938 0.079687 0.078125
0 0.408594 0.837500 0.107813 0.128125
0 0.773438 0.891406 0.062500 0.076563
0 0.827344 0.785156 0.064062 0.060937
0 0.520312 0.218750 0.046875 0.034375
0 0.743750 0.415625 0.071875 0.043750
2 0.703906 0.439063 0.042188 0.031250
0 0.885156 0.416406 0.089063 0.079687
0 0.559375 0.596094 0.093750 0.064062
0 0.907813 0.628906 0.140625 0.104688
0 0.182812 0.821875 0.059375 0.062500
0 0.927344 0.875000 0.045312 0.046875
0 0.760156 0.298438 0.104688 0.065625
0 0.635156 0.450781 0.048438 0.048438
