0 0.108594 0.871094 0.057813 0.064062
0 0.086719 0.730469 0.117188 0.095312
0 0.493750 0.728125 0.084375 0.168750
0 0.223438 0.534375 0.140625 0.103125
0 0.610938 0.658594 0.115625 0.101562
0 0.598437 0.556250 0.056250 0.059375
0 0.858594 0.645312 0.060937 0.150000
0 0.095312 0.553906 0.078125 0.110937
0 0.227344 0.393750 0.085938 0.071875
0 0.764062 0.508594 0.075000 0.089063
0 0.813281 0.560937 0.051562 0.112500
0 0.768750 0.675781 0.056250 0.064062
0 0.806250 0.777344 0.071875 0.085938
0 0.132812 0.235156 0.171875 0.067187
0 0.150000 0.906250 0.050000 0.056250
0 0.324219 0.678906 0.060937 0.048438
