0 0.074219 0.628125 0.051562 0.243750
0 0.061719 0.803906 0.073438 0.117188
0 0.085156 0.923438 0.042188 0.112500
0 0.261719 0.821875 0.073438 0.096875
0 0.189844 0.873437 0.045312 0.078125
0 0.273438 0.391406 0.062500 0.076563
0 0.327344 0.285156 0.064062 0.060937
0 0.442188 0.705469 0.084375 0.135937
0 0.654687 0.814063 0.059375 0.081250
0 0.600000 0.834375 0.046875 0.068750
0 0.632031 0.684375 0.048438 0.037500
0 0.196875 0.519531 0.059375 0.076563
0 0.902344 0.315625 0.132812 0.090625
0 0.955469 0.466406 0.073438 0.073438
1 0.914062 0.024219 0.034375 0.029687
0 0.059375 0.096094 0.093750 0.064062
0 0.407813 0.128906 0.140625 0.104688
0 0.771094 0.320312 0.064062 0.031250
0 0.736719 0.446094 0.039062 0.039062
0 0.427344 0.375000 0.045312 0.046875
0 0.732031 0.582812 0.051562 0.046875
