0 0.529687 0.113281 0.065625 0.051562
0 0.456250 0.749219 0.081250 0.064062
0 0.607031 0.785156 0.073438 0.104688
0 0.475000 0.814844 0.037500 0.039062
0 0.724219 0.773438 0.035937 0.043750
0 0.547656 0.935937 0.042188 0.059375
0 0.873437 0.916406 0.081250 0.117188
0 0.891406 0.774219 0.095312 0.154688
0 0.777344 0.614062 0.060937 0.065625
0 0.945312 0.494531 0.053125 0.045312
0 0.702344 0.914062 0.067187 0.062500
0 0.715625 0.965625 0.028125 0.028125
0 0.786719 0.745313 0.054688 0.056250
0 0.766406 0.515625 0.120313 0.125000
0 0.767969 0.361719 0.092188 0.073438
0 0.600000 0.626563 0.131250 0.143750
0 0.451562 0.288281 0.040625 0.032813
0 0.585938 0.384375 0.065625 0.062500
0 0.482031 0.569531 0.048438 0.042188
0 0.850781 0.553906 0.042188 0.067187
0 0.947656 0.599219 0.029687 0.045312
