0 0.557813 0.400000 0.309375 0.453125
0 0.678125 0.212500 0.075000 0.053125
0 0.775000 0.657813 0.068750 0.065625
0 0.750000 0.853906 0.062500 0.054688
0 0.581250 0.711719 0.112500 0.089063
0 0.492188 0.648438 0.109375 0.087500
0 0.211719 0.597656 0.082812 0.248438
0 0.323437 0.460938 0.093750 0.203125
0 0.363281 0.308594 0.104688 0.117188
0 0.388281 0.578125 0.039062 0.043750
0 0.419531 0.716406 0.039062 0.048438
0 0.489063 0.757031 0.043750 0.051562
0 0.462500 0.727344 0.034375 0.039062
0 0.462500 0.789844 0.031250 0.042188
0 0.521875 0.801562 0.078125 0.065625
0 0.410156 0.923438 0.060937 0.153125
0 0.503906 0.875781 0.026562 0.029687
0 0.653906 0.098438 0.060937 0.043750
0 0.589844 0.190625 0.029687 0.050000
0 0.625781 0.190625 0.032813 0.034375
0 0.875000 0.432812 0.075000 0.056250
0 0.756250 0.079687 0.068750 0.062500
0 0.895312 0.716406 0.053125 0.045312
0 0.882812 0.953125 0.053125 0.065625
0 0.214844 0.287500 0.110937 0.109375
0 0.889062 0.095312 0.040625 0.043750
0 0.285938 0.089063 0.025000 0.028125
0 0.927344 0.537500 0.048438 0.059375
