0 0.275000 0.157812 0.068750 0.065625
0 0.250000 0.353906 0.062500 0.054688
0 0.081250 0.211719 0.112500 0.089063
0 0.395313 0.216406 0.053125 0.045312
0 0.382812 0.453125 0.053125 0.065625
0 0.528125 0.532031 0.062500 0.048438
0 0.045312 0.559375 0.075000 0.078125
0 0.128906 0.582812 0.026562 0.028125
0 0.239844 0.507031 0.048438 0.057813
0 0.309375 0.552344 0.050000 0.051562
0 0.276562 0.654687 0.025000 0.037500
0 0.290625 0.694531 0.040625 0.032813
0 0.338281 0.662500 0.048438 0.046875
0 0.389062 0.600781 0.068750 0.089063
0 0.450781 0.510156 0.114062 0.082812
0 0.375000 0.872656 0.043750 0.042188
0 0.347656 0.796094 0.032813 0.045312
0 0.053906 0.709375 0.042188 0.062500
0 0.576562 0.508594 0.040625 0.029687
0 0.661719 0.383594 0.054688 0.057813
0 0.517969 0.435156 0.039062 0.054688
0 0.427344 0.037500 0.048438 0.059375
0 0.542188 0.845313 0.040625 0.046875
