0 0.068750 0.249219 0.081250 0.064062
0 0.219531 0.285156 0.073438 0.104688
0 0.087500 0.314844 0.037500 0.039062
0 0.336719 0.273438 0.035937 0.043750
0 0.160156 0.435937 0.042188 0.059375
0 0.396094 0.401562 0.098437 0.221875
0 0.485938 0.416406 0.081250 0.117188
0 0.503906 0.274219 0.095312 0.154688
0 0.389844 0.114062 0.060937 0.065625
0 0.264844 0.642188 0.035937 0.028125
0 0.219531 0.709375 0.032813 0.034375
0 0.200781 0.808594 0.017188 0.029687
0 0.132031 0.872656 0.042188 0.054688
0 0.097656 0.806250 0.032813 0.028125
0 0.315625 0.589063 0.128125 0.221875
0 0.314844 0.414062 0.067187 0.062500
0 0.328125 0.465625 0.028125 0.028125
0 0.399219 0.245312 0.054688 0.056250
6 0.116406 0.371094 0.023438 0.026562
0 0.666406 0.064844 0.089063 0.120313
0 0.212500 0.126562 0.131250 0.143750
0 0.094531 0.069531 0.048438 0.042188
0 0.463281 0.053906 0.042188 0.067187
0 0.560156 0.099219 0.029687 0.045312
