0 0.775000 0.157812 0.068750 0.065625
0 0.750000 0.353906 0.062500 0.054688
0 0.581250 0.211719 0.112500 0.089063
0 0.492188 0.148438 0.109375 0.087500
0 0.388281 0.078125 0.039062 0.043750
0 0.419531 0.216406 0.039062 0.048438
0 0.489063 0.257031 0.043750 0.051562
0 0.462500 0.227344 0.034375 0.039062
0 0.462500 0.289844 0.031250 0.042188
0 0.521875 0.301563 0.078125 0.065625
0 0.374219 0.412500 0.064062 0.196875
0 0.410156 0.423438 0.060937 0.153125
0 0.503906 0.375781 0.026562 0.029687
0 0.895312 0.216406 0.053125 0.045312
0 0.882812 0.453125 0.053125 0.065625
0 0.510156 0.625781 0.067187 0.126562
0 0.545312 0.559375 0.075000 0.078125
0 0.628906 0.582812 0.026562 0.028125
0 0.739844 0.507031 0.048438 0.057813
0 0.809375 0.552344 0.050000 0.051562
0 0.776563 0.654687 0.025000 0.037500
0 0.790625 0.694531 0.040625 0.032813
0 0.838281 0.662500 0.048438 0.046875
0 0.889062 0.600781 0.068750 0.089063
0 0.875000 0.872656 0.043750 0.042188
0 0.847656 0.796094 0.032813 0.045312
0 0.553906 0.709375 0.042188 0.062500
0 0.927344 0.037500 0.048438 0.059375
