0 0.178125 0.212500 0.075000 0.053125
0 0.275000 0.657813 0.068750 0.065625
0 0.250000 0.853906 0.062500 0.054688
0 0.081250 0.711719 0.112500 0.089063
0 0.153906 0.098438 0.060937 0.043750
0 0.089844 0.190625 0.029687 0.050000
0 0.125781 0.190625 0.032813 0.034375
0 0.375000 0.432812 0.075000 0.056250
0 0.569531 0.342187 0.045312 0.065625
0 0.533594 0.316406 0.060937 0.064062
0 0.610156 0.299219 0.045312 0.067187
0 0.256250 0.079687 0.068750 0.062500
0 0.395313 0.716406 0.053125 0.045312
0 0.382812 0.953125 0.053125 0.065625
0 0.728906 0.109375 0.067187 0.053125
0 0.389062 0.095312 0.040625 0.043750
0 0.661719 0.883594 0.054688 0.057813
0 0.517969 0.935156 0.039062 0.054688
0 0.427344 0.537500 0.048438 0.059375
