0 0.142187 0.113281 0.065625 0.051562
0 0.068750 0.749219 0.081250 0.064062
0 0.219531 0.785156 0.073438 0.104688
0 0.087500 0.814844 0.037500 0.039062
0 0.336719 0.773438 0.035937 0.043750
0 0.160156 0.935937 0.042188 0.059375
0 0.485938 0.916406 0.081250 0.117188
0 0.503906 0.774219 0.095312 0.154688
0 0.389844 0.614062 0.060937 0.065625
0 0.557813 0.494531 0.053125 0.045312
0 0.314844 0.914062 0.067187 0.062500
0 0.328125 0.965625 0.028125 0.028125
0 0.399219 0.745313 0.054688 0.056250
0 0.378906 0.515625 0.120313 0.125000
0 0.665625 0.268750 0.053125 0.065625
0 0.753125 0.154688 0.050000 0.065625
6 0.116406 0.871094 0.023438 0.026562
0 0.666406 0.564844 0.089063 0.120313
0 0.380469 0.361719 0.092188 0.073438
0 0.212500 0.626563 0.131250 0.143750
0 0.816406 0.201563 0.048438 0.100000
0 0.064062 0.288281 0.040625 0.032813
0 0.198437 0.384375 0.065625 0.062500
0 0.094531 0.569531 0.048438 0.042188
0 0.463281 0.553906 0.042188 0.067187
0 0.615625 0.200000 0.031250 0.031250
0 0.560156 0.599219 0.029687 0.045312
