0 0.456250 0.249219 0.081250 0.064062
0 0.607031 0.285156 0.073438 0.104688
0 0.475000 0.314844 0.037500 0.039062
0 0.724219 0.273438 0.035937 0.043750
0 0.547656 0.435937 0.042188 0.059375
0 0.783594 0.401562 0.098437 0.221875
0 0.873437 0.416406 0.081250 0.117188
0 0.891406 0.274219 0.095312 0.154688
0 0.777344 0.114062 0.060937 0.065625
0 0.652344 0.642188 0.035937 0.028125
0 0.607031 0.709375 0.032813 0.034375
0 0.588281 0.808594 0.017188 0.029687
0 0.519531 0.872656 0.042188 0.054688
0 0.556250 0.845313 0.040625 0.062500
0 0.485156 0.806250 0.032813 0.028125
0 0.384375 0.887500 0.031250 0.034375
0 0.703125 0.589063 0.128125 0.221875
0 0.702344 0.414062 0.067187 0.062500
0 0.715625 0.465625 0.028125 0.028125
0 0.786719 0.245312 0.054688 0.056250
0 0.600000 0.126562 0.131250 0.143750
0 0.482031 0.069531 0.048438 0.042188
0 0.850781 0.053906 0.042188 0.067187
0 0.947656 0.099219 0.029687 0.045312
