1 0.921875 0.575781 0.081250 0.082812
1 0.839063 0.940625 0.090625 0.096875
1 0.660937 0.778125 0.031250 0.040625
7 0.846875 0.691406 0.062500 0.085938
4 0.469531 0.535156 0.048438 0.060937
4 0.582812 0.425781 0.071875 0.110937
0 0.464844 0.198437 0.085938 0.153125
0 0.339062 0.195312 0.128125 0.178125
0 0.591406 0.200781 0.073438 0.070312
0 0.875000 0.436719 0.146875 0.139063
0 0.713281 0.243750 0.104688 0.153125
0 0.674219 0.242188 0.092188 0.084375
0 0.576562 0.782031 0.093750 0.154688
0 0.612500 0.604688 0.156250 0.196875
0 0.724219 0.555469 0.054688 0.139063
0 0.801562 0.489844 0.128125 0.082812
0 0.402344 0.673438 0.079687 0.065625
0 0.164844 0.154688 0.104688 0.125000
0 0.770312 0.395312 0.081250 0.078125
0 0.746094 0.089063 0.057813 0.115625
1 0.138281 0.448437 0.042188 0.050000
0 0.392188 0.358594 0.131250 0.264062
