0 0.703125 0.406250 0.131250 0.300000
0 0.491406 0.424219 0.151562 0.117188
0 0.525781 0.567187 0.132812 0.125000
0 0.460156 0.863281 0.054688 0.107813
0 0.657813 0.869531 0.050000 0.092188
0 0.912500 0.460156 0.103125 0.185938
0 0.954688 0.221875 0.081250 0.146875
0 0.558594 0.082812 0.054688 0.121875
0 0.796094 0.115625 0.076563 0.093750
0 0.384375 0.521094 0.100000 0.098437
0 0.357031 0.206250 0.129688 0.106250
0 0.703906 0.070312 0.042188 0.084375
0 0.214062 0.451562 0.062500 0.065625
0 0.150000 0.695312 0.103125 0.253125
0 0.226562 0.766406 0.081250 0.095312
0 0.039062 0.778125 0.068750 0.112500
0 0.857812 0.710156 0.193750 0.098437
0 0.572656 0.211719 0.042188 0.073438
0 0.148438 0.355469 0.056250 0.070312
0 0.564844 0.962500 0.073438 0.068750
0 0.337500 0.610938 0.084375 0.075000
0 0.202344 0.910156 0.089063 0.085938
0 0.275781 0.896875 0.054688 0.062500
0 0.253125 0.839063 0.071875 0.078125
0 0.488281 0.755469 0.245312 0.251563
