0 0.525781 0.067187 0.132812 0.125000
0 0.460156 0.363281 0.054688 0.107813
0 0.185938 0.563281 0.287500 0.167187
0 0.417969 0.835937 0.276562 0.200000
0 0.657813 0.369531 0.050000 0.092188
0 0.330469 0.442188 0.085938 0.134375
0 0.576562 0.686719 0.053125 0.092188
0 0.150000 0.195312 0.103125 0.253125
0 0.226562 0.266406 0.081250 0.095312
0 0.039062 0.278125 0.068750 0.112500
0 0.857812 0.210156 0.193750 0.098437
0 0.817187 0.421094 0.131250 0.189062
0 0.108594 0.960938 0.085938 0.071875
0 0.078125 0.885156 0.096875 0.085938
0 0.427344 0.543750 0.067187 0.075000
0 0.405469 0.479687 0.042188 0.056250
0 0.714063 0.519531 0.068750 0.070312
0 0.564844 0.462500 0.073438 0.068750
0 0.337500 0.110937 0.084375 0.075000
1 0.490625 0.903125 0.046875 0.046875
0 0.190625 0.955469 0.053125 0.048438
1 0.341406 0.639844 0.042188 0.042188
0 0.202344 0.410156 0.089063 0.085938
0 0.275781 0.396875 0.054688 0.062500
0 0.253125 0.339062 0.071875 0.078125
0 0.488281 0.255469 0.245312 0.251563
