0 0.878906 0.424219 0.151562 0.117188
0 0.913281 0.567187 0.132812 0.125000
0 0.847656 0.863281 0.054688 0.107813
0 0.946094 0.082812 0.054688 0.121875
0 0.771875 0.521094 0.100000 0.098437
0 0.744531 0.206250 0.129688 0.106250
0 0.601562 0.451562 0.062500 0.065625
0 0.537500 0.695312 0.103125 0.253125
0 0.614062 0.766406 0.081250 0.095312
0 0.320312 0.745313 0.059375 0.062500
0 0.426563 0.778125 0.068750 0.112500
0 0.960156 0.211719 0.042188 0.073438
0 0.535937 0.355469 0.056250 0.070312
0 0.395313 0.439063 0.037500 0.065625
0 0.952344 0.962500 0.073438 0.068750
0 0.470313 0.942969 0.193750 0.073438
0 0.725000 0.610938 0.084375 0.075000
0 0.324219 0.415625 0.064062 0.081250
0 0.589844 0.910156 0.089063 0.085938
0 0.663281 0.896875 0.054688 0.062500
0 0.640625 0.839063 0.071875 0.078125
0 0.349219 0.825000 0.079687 0.075000
0 0.875781 0.755469 0.245312 0.251563
