1 0.421875 0.575781 0.081250 0.082812
1 0.339062 0.940625 0.090625 0.096875
1 0.160938 0.778125 0.031250 0.040625
7 0.346875 0.691406 0.062500 0.085938
4 0.082812 0.425781 0.071875 0.110937
0 0.091406 0.200781 0.073438 0.070312
0 0.509375 0.092188 0.065625 0.062500
0 0.375000 0.436719 0.146875 0.139063
0 0.213281 0.243750 0.104688 0.153125
0 0.174219 0.242188 0.092188 0.084375
0 0.076563 0.782031 0.093750 0.154688
0 0.112500 0.604688 0.156250 0.196875
0 0.224219 0.555469 0.054688 0.139063
0 0.301563 0.489844 0.128125 0.082812
0 0.270313 0.395312 0.081250 0.078125
0 0.246094 0.089063 0.057813 0.115625
