4 0.582812 0.925781 0.071875 0.110937
0 0.386719 0.288281 0.357812 0.226562
0 0.573438 0.390625 0.106250 0.140625
0 0.682813 0.470313 0.175000 0.212500
0 0.487500 0.549219 0.100000 0.132812
0 0.464844 0.698438 0.085938 0.153125
0 0.523438 0.225000 0.065625 0.081250
0 0.225781 0.385937 0.114062 0.181250
0 0.152344 0.472656 0.095312 0.120313
0 0.239063 0.114844 0.103125 0.129688
0 0.171875 0.151562 0.090625 0.171875
0 0.339062 0.695312 0.128125 0.178125
0 0.396875 0.463281 0.084375 0.073438
0 0.591406 0.700781 0.073438 0.070312
0 0.713281 0.743750 0.104688 0.153125
0 0.674219 0.742188 0.092188 0.084375
0 0.164844 0.654687 0.104688 0.125000
0 0.770312 0.895312 0.081250 0.078125
0 0.746094 0.589063 0.057813 0.115625
0 0.392188 0.858594 0.131250 0.264062
