0 0.491406 0.924219 0.151562 0.117188
0 0.954688 0.721875 0.081250 0.146875
0 0.579688 0.474219 0.096875 0.120313
0 0.494531 0.435156 0.095312 0.185938
0 0.558594 0.582812 0.054688 0.121875
0 0.796094 0.615625 0.076563 0.093750
0 0.357031 0.706250 0.129688 0.106250
0 0.420312 0.546875 0.137500 0.109375
0 0.326562 0.570312 0.109375 0.178125
0 0.214062 0.951562 0.062500 0.065625
0 0.652344 0.176563 0.039062 0.059375
0 0.572656 0.711719 0.042188 0.073438
0 0.148438 0.855469 0.056250 0.070312
0 0.801562 0.475781 0.153125 0.185938
0 0.800000 0.083594 0.081250 0.120313
2 0.786719 0.421875 0.073438 0.062500
1 0.219531 0.441406 0.039062 0.039062
0 0.120313 0.283594 0.053125 0.051562
1 0.192969 0.075000 0.051562 0.050000
