0 0.878906 0.924219 0.151562 0.117188
0 0.882031 0.435156 0.095312 0.185938
0 0.946094 0.582812 0.054688 0.121875
0 0.744531 0.706250 0.129688 0.106250
0 0.807813 0.546875 0.137500 0.109375
0 0.714063 0.570312 0.109375 0.178125
0 0.601562 0.951562 0.062500 0.065625
0 0.282813 0.310156 0.093750 0.051562
0 0.380469 0.207031 0.160938 0.120313
0 0.960156 0.711719 0.042188 0.073438
0 0.535937 0.855469 0.056250 0.070312
0 0.395313 0.939063 0.037500 0.065625
0 0.324219 0.915625 0.064062 0.081250
1 0.607031 0.441406 0.039062 0.039062
0 0.507812 0.283594 0.053125 0.051562
1 0.580469 0.075000 0.051562 0.050000
