1 0.678906 0.845313 0.032813 0.040625
1 0.331250 0.771875 0.028125 0.028125
1 0.118750 0.821875 0.031250 0.028125
1 0.348438 0.421875 0.031250 0.028125
1 0.053125 0.321094 0.043750 0.032813
1 0.519531 0.846094 0.029687 0.026562
1 0.636719 0.788281 0.029687 0.023438
1 0.515625 0.638281 0.037500 0.032813
1 0.588281 0.613281 0.029687 0.023438
1 0.733594 0.639062 0.029687 0.025000
1 0.073438 0.681250 0.043750 0.040625
1 0.571875 0.725781 0.065625 0.051562
1 0.180469 0.514844 0.035937 0.026562
1 0.496094 0.560937 0.064062 0.062500
