1 0.028125 0.782031 0.028125 0.023438
7 0.357812 0.175000 0.075000 0.084375
1 0.182812 0.126562 0.031250 0.028125
1 0.210938 0.392188 0.037500 0.037500
1 0.078125 0.519531 0.037500 0.029687
1 0.507812 0.433594 0.037500 0.039062
1 0.680469 0.459375 0.051562 0.050000
1 0.182031 0.662500 0.051562 0.043750
1 0.815625 0.672656 0.040625 0.029687
1 0.843750 0.627344 0.025000 0.023438
1 0.842187 0.581250 0.028125 0.028125
1 0.625781 0.722656 0.026562 0.023438
1 0.613281 0.837500 0.020313 0.025000
1 0.801562 0.898437 0.021875 0.021875
1 0.842187 0.120313 0.031250 0.021875
1 0.775781 0.356250 0.039062 0.034375
1 0.850781 0.297656 0.032813 0.029687
1 0.916406 0.299219 0.035937 0.032813
1 0.939844 0.382812 0.029687 0.028125
1 0.982031 0.372656 0.026562 0.026562
1 0.122656 0.192188 0.048438 0.040625
1 0.049219 0.437500 0.035937 0.031250
1 0.035156 0.947656 0.032813 0.035937
1 0.465625 0.361719 0.021875 0.023438
