1 0.180469 0.459375 0.051562 0.050000
1 0.315625 0.672656 0.040625 0.029687
1 0.343750 0.627344 0.025000 0.023438
1 0.342187 0.581250 0.028125 0.028125
1 0.125781 0.722656 0.026562 0.023438
1 0.113281 0.837500 0.020313 0.025000
1 0.301563 0.898437 0.021875 0.021875
1 0.914062 0.291406 0.028125 0.026562
1 0.595313 0.069531 0.031250 0.026562
1 0.342187 0.120313 0.031250 0.021875
1 0.275781 0.356250 0.039062 0.034375
1 0.350781 0.297656 0.032813 0.029687
1 0.416406 0.299219 0.035937 0.032813
1 0.439844 0.382812 0.029687 0.028125
1 0.482031 0.372656 0.026562 0.026562
7 0.693750 0.920313 0.087500 0.093750
