7 0.357812 0.675000 0.075000 0.084375
1 0.182812 0.626562 0.031250 0.028125
1 0.210938 0.892188 0.037500 0.037500
1 0.507812 0.933594 0.037500 0.039062
1 0.680469 0.959375 0.051562 0.050000
1 0.890625 0.300781 0.031250 0.026562
1 0.842187 0.620313 0.031250 0.021875
1 0.775781 0.856250 0.039062 0.034375
1 0.850781 0.797656 0.032813 0.029687
1 0.916406 0.799219 0.035937 0.032813
1 0.939844 0.882812 0.029687 0.028125
1 0.982031 0.872656 0.026562 0.026562
1 0.122656 0.692187 0.048438 0.040625
1 0.049219 0.937500 0.035937 0.031250
1 0.596094 0.472656 0.032813 0.029687
1 0.625781 0.292187 0.054688 0.043750
1 0.465625 0.861719 0.021875 0.023438
