1 0.678906 0.345313 0.032813 0.040625
1 0.331250 0.271875 0.028125 0.028125
1 0.118750 0.321875 0.031250 0.028125
1 0.228906 0.585156 0.029687 0.032813
1 0.435937 0.536719 0.034375 0.039062
1 0.597656 0.513281 0.026562 0.029687
1 0.517969 0.746094 0.032813 0.032813
1 0.636719 0.288281 0.029687 0.023438
1 0.515625 0.138281 0.037500 0.032813
1 0.588281 0.113281 0.029687 0.023438
1 0.733594 0.139063 0.029687 0.025000
1 0.774219 0.886719 0.035937 0.039062
1 0.764844 0.671094 0.035937 0.032813
1 0.835156 0.294531 0.039062 0.035937
1 0.073438 0.181250 0.043750 0.040625
1 0.571875 0.225781 0.065625 0.051562
1 0.655469 0.846094 0.051562 0.042188
1 0.180469 0.014844 0.035937 0.026562
1 0.496094 0.060937 0.064062 0.062500
