1 0.072656 0.266406 0.032813 0.042188
1 0.267188 0.121875 0.031250 0.037500
8 0.417187 0.460156 0.078125 0.079687
7 0.322656 0.703125 0.073438 0.078125
7 0.124219 0.821094 0.060937 0.082812
7 0.857812 0.175000 0.075000 0.084375
1 0.682813 0.126562 0.031250 0.028125
1 0.710938 0.392188 0.037500 0.037500
1 0.493750 0.630469 0.037500 0.029687
1 0.578125 0.519531 0.037500 0.029687
1 0.682031 0.662500 0.051562 0.043750
1 0.439844 0.337500 0.026562 0.018750
1 0.616406 0.309375 0.039062 0.031250
1 0.288281 0.026562 0.045312 0.040625
1 0.622656 0.192188 0.048438 0.040625
1 0.549219 0.437500 0.035937 0.031250
1 0.250000 0.553125 0.021875 0.025000
1 0.535156 0.947656 0.032813 0.035937
1 0.965625 0.361719 0.021875 0.023438
1 0.331250 0.422656 0.040625 0.042188
