1 0.412500 0.245312 0.028125 0.037500
0 0.405469 0.364844 0.051562 0.051562
0 0.355469 0.614062 0.101562 0.096875
0 0.517969 0.885938 0.098437 0.112500
0 0.760938 0.853906 0.168750 0.245312
0 0.610156 0.664063 0.129688 0.159375
0 0.428906 0.737500 0.045312 0.050000
0 0.227344 0.538281 0.073438 0.132812
0 0.660937 0.836719 0.037500 0.042188
0 0.866406 0.609375 0.067187 0.106250
0 0.892969 0.552344 0.060937 0.101562
0 0.295312 0.333594 0.093750 0.064062
0 0.931250 0.425000 0.115625 0.206250
0 0.757812 0.581250 0.043750 0.053125
