1 0.642188 0.857031 0.037500 0.039062
1 0.707812 0.864844 0.031250 0.029687
1 0.787500 0.811719 0.025000 0.029687
1 0.683594 0.767969 0.029687 0.029687
1 0.975000 0.632031 0.018750 0.023438
8 0.232813 0.846875 0.068750 0.059375
1 0.810156 0.890625 0.035937 0.040625
1 0.896094 0.875781 0.042188 0.035937
1 0.169531 0.918750 0.026562 0.028125
1 0.801562 0.687500 0.021875 0.025000
1 0.848437 0.763281 0.028125 0.039062
1 0.661719 0.953906 0.035937 0.032813
1 0.707031 0.937500 0.023438 0.025000
1 0.109375 0.868750 0.046875 0.046875
1 0.335156 0.819531 0.026562 0.026562
1 0.282813 0.879687 0.031250 0.034375
1 0.535156 0.809375 0.029687 0.031250
1 0.590625 0.607812 0.034375 0.034375
