1 0.642188 0.357031 0.037500 0.039062
1 0.707812 0.364844 0.031250 0.029687
1 0.787500 0.311719 0.025000 0.029687
1 0.683594 0.267969 0.029687 0.029687
1 0.975000 0.132031 0.018750 0.023438
8 0.232813 0.346875 0.068750 0.059375
1 0.550781 0.517969 0.064062 0.054688
1 0.810156 0.390625 0.035937 0.040625
1 0.896094 0.375781 0.042188 0.035937
1 0.509375 0.734375 0.034375 0.037500
1 0.169531 0.418750 0.026562 0.028125
1 0.263281 0.515625 0.026562 0.028125
1 0.801562 0.187500 0.021875 0.025000
1 0.848437 0.263281 0.028125 0.039062
1 0.661719 0.453906 0.035937 0.032813
1 0.707031 0.437500 0.023438 0.025000
1 0.712500 0.625000 0.031250 0.034375
1 0.649219 0.747656 0.045312 0.042188
1 0.334375 0.691406 0.031250 0.029687
1 0.109375 0.368750 0.046875 0.046875
1 0.335156 0.319531 0.026562 0.026562
1 0.282813 0.379688 0.031250 0.034375
7 0.634375 0.597656 0.053125 0.057813
1 0.535156 0.309375 0.029687 0.031250
7 0.153125 0.534375 0.056250 0.053125
0 0.325000 0.497656 0.096875 0.064062
1 0.486719 0.610938 0.039062 0.040625
1 0.400000 0.550000 0.034375 0.037500
1 0.359375 0.659375 0.040625 0.037500
1 0.590625 0.107813 0.034375 0.034375
8 0.361719 0.772656 0.064062 0.057813
