7 0.309375 0.689063 0.068750 0.062500
7 0.396875 0.774219 0.059375 0.051562
7 0.487500 0.740625 0.065625 0.062500
8 0.394531 0.926562 0.082812 0.065625
1 0.509375 0.234375 0.034375 0.037500
1 0.263281 0.015625 0.026562 0.028125
1 0.712500 0.125000 0.031250 0.034375
1 0.649219 0.247656 0.045312 0.042188
1 0.334375 0.191406 0.031250 0.029687
1 0.921875 0.694531 0.040625 0.029687
7 0.153125 0.034375 0.056250 0.053125
1 0.486719 0.110937 0.039062 0.040625
1 0.400000 0.050000 0.034375 0.037500
1 0.359375 0.159375 0.040625 0.037500
8 0.361719 0.272656 0.064062 0.057813
