8 0.679688 0.610938 0.115625 0.087500
1 0.207031 0.351562 0.035937 0.037500
1 0.100781 0.286719 0.029687 0.029687
1 0.139844 0.265625 0.026562 0.031250
1 0.156250 0.326562 0.021875 0.021875
1 0.063281 0.172656 0.020313 0.026562
1 0.214062 0.255469 0.025000 0.023438
1 0.357812 0.294531 0.021875 0.020313
1 0.064062 0.244531 0.021875 0.023438
1 0.263281 0.316406 0.026562 0.023438
1 0.269531 0.389062 0.026562 0.025000
1 0.191406 0.919531 0.029687 0.029687
1 0.197656 0.510156 0.064062 0.057813
0 0.653125 0.877344 0.075000 0.051562
5 0.871875 0.814063 0.162500 0.159375
