0 0.451562 0.260937 0.065625 0.084375
0 0.945312 0.598437 0.109375 0.112500
7 0.809375 0.689063 0.068750 0.062500
7 0.896875 0.774219 0.059375 0.051562
0 0.929687 0.715625 0.075000 0.121875
8 0.894531 0.926562 0.082812 0.065625
7 0.518750 0.049219 0.090625 0.079687
1 0.763281 0.015625 0.026562 0.028125
1 0.834375 0.191406 0.031250 0.029687
7 0.332031 0.390625 0.070312 0.075000
0 0.524219 0.435156 0.079687 0.073438
0 0.457813 0.345313 0.090625 0.059375
0 0.446094 0.640625 0.098437 0.087500
7 0.270313 0.109375 0.137500 0.106250
7 0.430469 0.900781 0.148438 0.123438
7 0.653125 0.034375 0.056250 0.053125
1 0.900000 0.050000 0.034375 0.037500
1 0.859375 0.159375 0.040625 0.037500
8 0.861719 0.272656 0.064062 0.057813
