0 0.451562 0.760938 0.065625 0.084375
7 0.518750 0.549219 0.090625 0.079687
8 0.732812 0.346875 0.068750 0.059375
1 0.669531 0.418750 0.026562 0.028125
1 0.763281 0.515625 0.026562 0.028125
1 0.834375 0.691406 0.031250 0.029687
1 0.609375 0.368750 0.046875 0.046875
1 0.835156 0.319531 0.026562 0.026562
1 0.782813 0.379688 0.031250 0.034375
7 0.332031 0.890625 0.070312 0.075000
7 0.050781 0.482031 0.060937 0.089063
0 0.392188 0.547656 0.093750 0.110937
0 0.524219 0.935156 0.079687 0.073438
0 0.457813 0.845313 0.090625 0.059375
7 0.270313 0.609375 0.137500 0.106250
7 0.653125 0.534375 0.056250 0.053125
0 0.825000 0.497656 0.096875 0.064062
1 0.900000 0.550000 0.034375 0.037500
1 0.859375 0.659375 0.040625 0.037500
7 0.045312 0.111719 0.059375 0.082812
8 0.861719 0.772656 0.064062 0.057813
