1 0.142187 0.357031 0.037500 0.039062
1 0.207813 0.364844 0.031250 0.029687
1 0.287500 0.311719 0.025000 0.029687
1 0.183594 0.267969 0.029687 0.029687
1 0.521094 0.057031 0.026562 0.026562
1 0.475000 0.132031 0.018750 0.023438
1 0.050781 0.517969 0.064062 0.054688
1 0.310156 0.390625 0.035937 0.040625
1 0.514062 0.288281 0.034375 0.032813
1 0.396094 0.375781 0.042188 0.035937
1 0.463281 0.330469 0.032813 0.035937
1 0.301563 0.187500 0.021875 0.025000
1 0.348438 0.263281 0.028125 0.039062
1 0.161719 0.453906 0.035937 0.032813
1 0.207031 0.437500 0.023438 0.025000
1 0.212500 0.625000 0.031250 0.034375
1 0.149219 0.747656 0.045312 0.042188
7 0.134375 0.597656 0.053125 0.057813
1 0.035156 0.309375 0.029687 0.031250
7 0.044531 0.402344 0.048438 0.051562
1 0.090625 0.107813 0.034375 0.034375
