1 0.142187 0.857031 0.037500 0.039062
1 0.207813 0.864844 0.031250 0.029687
1 0.287500 0.811719 0.025000 0.029687
1 0.183594 0.767969 0.029687 0.029687
1 0.521094 0.557031 0.026562 0.026562
1 0.475000 0.632031 0.018750 0.023438
3 0.907031 0.360938 0.045312 0.043750
1 0.310156 0.890625 0.035937 0.040625
1 0.514062 0.788281 0.034375 0.032813
1 0.396094 0.875781 0.042188 0.035937
1 0.463281 0.830469 0.032813 0.035937
1 0.301563 0.687500 0.021875 0.025000
1 0.348438 0.763281 0.028125 0.039062
1 0.161719 0.953906 0.035937 0.032813
1 0.207031 0.937500 0.023438 0.025000
1 0.035156 0.809375 0.029687 0.031250
7 0.044531 0.902344 0.048438 0.051562
1 0.090625 0.607812 0.034375 0.034375
