3 0.557031 0.280469 0.060937 0.082812
3 0.526563 0.462500 0.040625 0.071875
3 0.344531 0.646875 0.023438 0.084375
3 0.393750 0.660937 0.025000 0.046875
3 0.832812 0.522656 0.050000 0.048438
3 0.675000 0.075781 0.034375 0.045312
3 0.714844 0.314063 0.095312 0.065625
3 0.466406 0.353906 0.029687 0.048438
3 0.403125 0.586719 0.028125 0.051562
3 0.516406 0.701562 0.064062 0.103125
3 0.567969 0.800781 0.026562 0.039062
3 0.773438 0.939844 0.053125 0.042188
3 0.501563 0.887500 0.025000 0.043750
3 0.737500 0.750781 0.037500 0.029687
