0 0.242969 0.068750 0.085938 0.075000
0 0.220312 0.206250 0.081250 0.065625
0 0.575000 0.332813 0.096875 0.068750
0 0.515625 0.618750 0.084375 0.134375
4 0.508594 0.463281 0.045312 0.042188
0 0.358594 0.139844 0.082812 0.104688
0 0.228906 0.931250 0.060937 0.134375
0 0.056250 0.368750 0.062500 0.087500
0 0.146094 0.523438 0.154688 0.168750
0 0.479687 0.213281 0.115625 0.085938
0 0.466406 0.088281 0.051562 0.054688
0 0.638281 0.291406 0.057813 0.054688
0 0.506250 0.407813 0.059375 0.031250
0 0.445312 0.778125 0.068750 0.071875
0 0.515625 0.845313 0.081250 0.087500
0 0.682031 0.688281 0.079687 0.070312
0 0.751563 0.690625 0.068750 0.059375
0 0.785156 0.553906 0.067187 0.092188
