0 0.352344 0.340625 0.089063 0.121875
1 0.179688 0.077344 0.059375 0.051562
0 0.272656 0.471094 0.070312 0.092188
0 0.435937 0.400781 0.093750 0.120313
0 0.403906 0.578906 0.082812 0.101562
0 0.606250 0.136719 0.078125 0.120313
0 0.357031 0.175781 0.067187 0.079687
0 0.382031 0.118750 0.057813 0.053125
0 0.683594 0.323438 0.073438 0.131250
0 0.746875 0.398438 0.128125 0.146875
0 0.554688 0.567187 0.075000 0.087500
0 0.833594 0.150000 0.039062 0.059375
0 0.125781 0.042969 0.057813 0.051562
0 0.282031 0.667969 0.098437 0.107813
0 0.686719 0.789063 0.039062 0.081250
0 0.634375 0.532031 0.081250 0.107813
0 0.371875 0.024219 0.037500 0.048438
0 0.510938 0.225000 0.053125 0.068750
