0 0.742969 0.068750 0.085938 0.075000
0 0.720312 0.206250 0.081250 0.065625
0 0.453906 0.395313 0.104688 0.128125
0 0.858594 0.139844 0.082812 0.104688
0 0.728906 0.931250 0.060937 0.134375
0 0.503906 0.576563 0.089063 0.081250
0 0.556250 0.368750 0.062500 0.087500
0 0.646094 0.523438 0.154688 0.168750
0 0.185156 0.265625 0.045313 0.065625
0 0.136719 0.458594 0.051562 0.126562
0 0.089844 0.510156 0.064062 0.157812
0 0.289844 0.613281 0.045312 0.079687
1 0.300781 0.207031 0.035937 0.042188
0 0.966406 0.088281 0.051562 0.054688
0 0.945312 0.778125 0.068750 0.071875
