0 0.752344 0.340625 0.089063 0.121875
1 0.579688 0.077344 0.059375 0.051562
0 0.672656 0.471094 0.070312 0.092188
0 0.835938 0.400781 0.093750 0.120313
0 0.803906 0.578906 0.082812 0.101562
0 0.757031 0.175781 0.067187 0.079687
0 0.782031 0.118750 0.057813 0.053125
0 0.321875 0.915625 0.053125 0.071875
0 0.954688 0.567187 0.075000 0.087500
0 0.525781 0.042969 0.057813 0.051562
0 0.428125 0.698438 0.068750 0.053125
0 0.682031 0.667969 0.098437 0.107813
0 0.771875 0.024219 0.037500 0.048438
0 0.910937 0.225000 0.053125 0.068750
