0 0.352344 0.840625 0.089063 0.121875
0 0.446094 0.571875 0.089063 0.153125
1 0.179688 0.577344 0.059375 0.051562
0 0.435937 0.900781 0.093750 0.120313
0 0.606250 0.636719 0.078125 0.120313
0 0.357031 0.675781 0.067187 0.079687
0 0.382031 0.618750 0.057813 0.053125
1 0.253125 0.111719 0.037500 0.039062
0 0.882812 0.520312 0.084375 0.165625
0 0.683594 0.823438 0.073438 0.131250
0 0.746875 0.898438 0.128125 0.146875
0 0.442969 0.377344 0.107813 0.089063
0 0.833594 0.650000 0.039062 0.059375
0 0.125781 0.542969 0.057813 0.051562
0 0.371875 0.524219 0.037500 0.048438
0 0.510938 0.725000 0.053125 0.068750
