0 0.381250 0.862500 0.184375 0.165625
0 0.795312 0.674219 0.203125 0.354687
0 0.350781 0.214844 0.151562 0.095312
0 0.221094 0.259375 0.098437 0.128125
0 0.211719 0.408594 0.123438 0.089063
0 0.173437 0.642187 0.128125 0.115625
2 0.138281 0.624219 0.067187 0.048438
2 0.223438 0.630469 0.050000 0.045312
0 0.539062 0.662500 0.218750 0.131250
0 0.168750 0.917969 0.084375 0.089063
0 0.067187 0.845313 0.071875 0.084375
0 0.579688 0.392969 0.090625 0.123438
0 0.864844 0.164844 0.132812 0.170313
2 0.919531 0.233594 0.048438 0.057813
0 0.849219 0.292969 0.064062 0.076563
0 0.932031 0.281250 0.060937 0.118750
0 0.687500 0.295312 0.084375 0.084375
0 0.917969 0.513281 0.151562 0.260937
0 0.342187 0.081250 0.071875 0.071875
0 0.066406 0.142187 0.104688 0.053125
0 0.582031 0.881250 0.073438 0.100000
0 0.425000 0.946875 0.043750 0.068750
0 0.254688 0.582031 0.046875 0.045312
0 0.466406 0.570312 0.051562 0.056250
0 0.421094 0.351562 0.054688 0.062500
0 0.692969 0.189062 0.070312 0.065625
