0 0.407813 0.674219 0.203125 0.354687
0 0.151562 0.662500 0.218750 0.131250
0 0.192188 0.392969 0.090625 0.123438
0 0.477344 0.164844 0.132812 0.170313
2 0.532031 0.233594 0.048438 0.057813
0 0.461719 0.292969 0.064062 0.076563
0 0.544531 0.281250 0.060937 0.118750
2 0.585156 0.283594 0.073438 0.095312
0 0.300000 0.295312 0.084375 0.084375
0 0.530469 0.513281 0.151562 0.260937
0 0.194531 0.881250 0.073438 0.100000
0 0.037500 0.946875 0.043750 0.068750
0 0.078906 0.570312 0.051562 0.056250
0 0.033594 0.351562 0.054688 0.062500
0 0.305469 0.189062 0.070312 0.065625
