0 0.881250 0.862500 0.184375 0.165625
0 0.850781 0.214844 0.151562 0.095312
0 0.721094 0.259375 0.098437 0.128125
0 0.711719 0.408594 0.123438 0.089063
0 0.673438 0.642187 0.128125 0.115625
2 0.638281 0.624219 0.067187 0.048438
2 0.723437 0.630469 0.050000 0.045312
0 0.487500 0.539062 0.103125 0.143750
0 0.668750 0.917969 0.084375 0.089063
0 0.567187 0.845313 0.071875 0.084375
0 0.842187 0.081250 0.071875 0.071875
0 0.566406 0.142187 0.104688 0.053125
0 0.396875 0.267188 0.112500 0.093750
0 0.925000 0.946875 0.043750 0.068750
0 0.114844 0.615625 0.070312 0.071875
0 0.754687 0.582031 0.046875 0.045312
0 0.966406 0.570312 0.051562 0.056250
0 0.921094 0.351562 0.054688 0.062500
1 0.469531 0.160156 0.026562 0.026562
