0 0.259375 0.575781 0.084375 0.070312
0 0.457813 0.539063 0.103125 0.090625
0 0.510156 0.417187 0.048438 0.075000
0 0.591406 0.431250 0.073438 0.093750
0 0.567969 0.670312 0.092188 0.134375
0 0.647656 0.624219 0.048438 0.079687
0 0.570312 0.825781 0.078125 0.085938
0 0.809375 0.698438 0.046875 0.050000
0 0.739062 0.462500 0.100000 0.109375
2 0.708594 0.453906 0.057813 0.032813
0 0.897656 0.785156 0.035937 0.160938
2 0.903906 0.920312 0.092188 0.112500
0 0.681250 0.261719 0.096875 0.079687
0 0.792188 0.811719 0.050000 0.045312
