0 0.091406 0.431250 0.073438 0.093750
0 0.067969 0.670312 0.092188 0.134375
0 0.147656 0.624219 0.048438 0.079687
0 0.070312 0.825781 0.078125 0.085938
0 0.309375 0.698438 0.046875 0.050000
0 0.764844 0.858594 0.057813 0.160938
2 0.759375 0.814844 0.034375 0.029687
0 0.960156 0.842187 0.042188 0.050000
0 0.239063 0.462500 0.100000 0.109375
2 0.208594 0.453906 0.057813 0.032813
0 0.614844 0.556250 0.039062 0.071875
0 0.623437 0.467969 0.034375 0.064062
0 0.589063 0.503125 0.037500 0.040625
0 0.662500 0.428906 0.059375 0.073438
0 0.596094 0.038281 0.064062 0.048438
0 0.587500 0.409375 0.068750 0.081250
0 0.514844 0.619531 0.029687 0.060937
0 0.527344 0.673438 0.045312 0.075000
0 0.492188 0.289062 0.093750 0.075000
0 0.413281 0.234375 0.082812 0.059375
1 0.732031 0.253125 0.035937 0.028125
0 0.728906 0.294531 0.076563 0.067187
0 0.397656 0.785156 0.035937 0.160938
2 0.403906 0.920312 0.092188 0.112500
0 0.181250 0.261719 0.096875 0.079687
0 0.292187 0.811719 0.050000 0.045312
