0 0.341406 0.140625 0.207813 0.165625
0 0.081250 0.158594 0.134375 0.185938
0 0.328125 0.681250 0.190625 0.106250
2 0.326562 0.710938 0.071875 0.093750
0 0.565625 0.389062 0.121875 0.093750
2 0.576562 0.426563 0.040625 0.050000
0 0.610938 0.527344 0.109375 0.151562
0 0.740625 0.494531 0.090625 0.092188
0 0.697656 0.589063 0.057813 0.093750
0 0.660156 0.795312 0.123438 0.121875
0 0.604688 0.192969 0.065625 0.089063
0 0.795312 0.242969 0.187500 0.176563
2 0.786719 0.241406 0.039062 0.045312
0 0.741406 0.075781 0.179688 0.142187
0 0.416406 0.862500 0.123438 0.184375
0 0.171875 0.782031 0.193750 0.229687
