7 0.460938 0.908594 0.115625 0.120313
0 0.106250 0.148438 0.078125 0.078125
0 0.065625 0.381250 0.050000 0.056250
0 0.366406 0.182812 0.070312 0.153125
2 0.392188 0.181250 0.034375 0.037500
0 0.222656 0.107813 0.067187 0.084375
2 0.229687 0.070312 0.046875 0.043750
0 0.196875 0.585938 0.062500 0.062500
0 0.346875 0.457031 0.028125 0.051562
0 0.414844 0.473438 0.098437 0.156250
0 0.525781 0.597656 0.045312 0.060937
2 0.688281 0.313281 0.139063 0.095312
2 0.370313 0.478125 0.043750 0.087500
2 0.439844 0.510938 0.079687 0.125000
2 0.386719 0.539062 0.045312 0.050000
0 0.842969 0.286719 0.079687 0.064062
0 0.232031 0.678125 0.042188 0.065625
0 0.169531 0.247656 0.042188 0.039062
0 0.205469 0.306250 0.026562 0.046875
0 0.239063 0.032813 0.037500 0.046875
