0 0.344531 0.132031 0.142187 0.120313
2 0.337500 0.100781 0.053125 0.073438
0 0.401562 0.066406 0.025000 0.110937
0 0.606250 0.148438 0.078125 0.078125
0 0.565625 0.381250 0.050000 0.056250
2 0.588281 0.435156 0.223438 0.251563
0 0.866406 0.182812 0.070312 0.153125
2 0.892188 0.181250 0.034375 0.037500
0 0.722656 0.107813 0.067187 0.084375
2 0.729688 0.070312 0.046875 0.043750
0 0.696875 0.585938 0.062500 0.062500
0 0.846875 0.457031 0.028125 0.051562
0 0.914844 0.473438 0.098437 0.156250
2 0.939844 0.510938 0.079687 0.125000
2 0.886719 0.539062 0.045312 0.050000
2 0.477344 0.185938 0.129688 0.128125
2 0.292969 0.176563 0.064062 0.056250
2 0.368750 0.189062 0.081250 0.056250
0 0.732031 0.678125 0.042188 0.065625
0 0.669531 0.247656 0.042188 0.039062
0 0.705469 0.306250 0.026562 0.046875
0 0.739063 0.032813 0.037500 0.046875
0 0.030469 0.238281 0.039062 0.076563
