0 0.350781 0.714844 0.151562 0.095312
0 0.221094 0.759375 0.098437 0.128125
0 0.211719 0.908594 0.123438 0.089063
0 0.579688 0.892969 0.090625 0.123438
0 0.864844 0.664844 0.132812 0.170313
2 0.919531 0.733594 0.048438 0.057813
0 0.849219 0.792969 0.064062 0.076563
0 0.932031 0.781250 0.060937 0.118750
0 0.687500 0.795312 0.084375 0.084375
0 0.342187 0.581250 0.071875 0.071875
0 0.066406 0.642188 0.104688 0.053125
2 0.237500 0.399219 0.046875 0.032813
0 0.239844 0.428906 0.154688 0.067187
0 0.814844 0.160156 0.207813 0.132812
0 0.421094 0.851562 0.054688 0.062500
0 0.692969 0.689063 0.070312 0.065625
0 0.384375 0.170313 0.184375 0.184375
0 0.587500 0.110937 0.203125 0.146875
0 0.771875 0.435937 0.059375 0.050000
0 0.717187 0.469531 0.075000 0.082812
