0 0.089063 0.476562 0.068750 0.100000
0 0.106250 0.648438 0.078125 0.078125
0 0.065625 0.881250 0.050000 0.056250
0 0.366406 0.682813 0.070312 0.153125
2 0.392188 0.681250 0.034375 0.037500
0 0.222656 0.607812 0.067187 0.084375
2 0.688281 0.813281 0.139063 0.095312
0 0.264844 0.358594 0.057813 0.160938
2 0.259375 0.314844 0.034375 0.029687
2 0.278906 0.396875 0.029687 0.031250
0 0.415625 0.485938 0.050000 0.059375
0 0.472656 0.469531 0.039062 0.095312
0 0.460156 0.342187 0.042188 0.050000
0 0.114844 0.056250 0.039062 0.071875
0 0.779687 0.116406 0.068750 0.067187
0 0.866406 0.092969 0.051562 0.054688
0 0.774219 0.311719 0.023438 0.085938
0 0.778125 0.389844 0.046875 0.073438
0 0.014844 0.119531 0.029687 0.060937
0 0.027344 0.173437 0.045312 0.075000
0 0.842969 0.786719 0.079687 0.064062
0 0.169531 0.747656 0.042188 0.039062
0 0.205469 0.806250 0.026562 0.046875
0 0.239063 0.532813 0.037500 0.046875
