0 0.272656 0.703125 0.070312 0.084375
0 0.483594 0.800000 0.195312 0.321875
0 0.381250 0.362500 0.184375 0.165625
0 0.711719 0.521875 0.160938 0.346875
2 0.758594 0.611719 0.101562 0.145313
0 0.792969 0.683594 0.142187 0.229687
0 0.173437 0.142187 0.128125 0.115625
2 0.138281 0.124219 0.067187 0.048438
2 0.223438 0.130469 0.050000 0.045312
0 0.539062 0.162500 0.218750 0.131250
0 0.168750 0.417969 0.084375 0.089063
0 0.067187 0.345313 0.071875 0.084375
0 0.582031 0.381250 0.073438 0.100000
0 0.425000 0.446875 0.043750 0.068750
0 0.254688 0.082031 0.046875 0.045312
0 0.466406 0.070312 0.051562 0.056250
0 0.708594 0.914844 0.085938 0.098437
