0 0.264844 0.858594 0.057813 0.160938
2 0.259375 0.814844 0.034375 0.029687
0 0.460156 0.842187 0.042188 0.050000
0 0.114844 0.556250 0.039062 0.071875
0 0.123438 0.467969 0.034375 0.064062
0 0.089063 0.503125 0.037500 0.040625
0 0.162500 0.428906 0.059375 0.073438
0 0.779687 0.616406 0.068750 0.067187
0 0.866406 0.592969 0.051562 0.054688
0 0.774219 0.811719 0.023438 0.085938
0 0.778125 0.889844 0.046875 0.073438
0 0.604688 0.472656 0.056250 0.051562
0 0.096094 0.038281 0.064062 0.048438
0 0.087500 0.409375 0.068750 0.081250
0 0.014844 0.619531 0.029687 0.060937
0 0.027344 0.673438 0.045312 0.075000
1 0.232031 0.253125 0.035937 0.028125
0 0.228906 0.294531 0.076563 0.067187
2 0.856250 0.251563 0.075000 0.078125
0 0.636719 0.204687 0.129688 0.081250
