0 0.328906 0.410938 0.101562 0.078125
0 0.332813 0.321875 0.075000 0.093750
0 0.445312 0.274219 0.059375 0.045312
0 0.118750 0.406250 0.050000 0.053125
0 0.359375 0.182031 0.084375 0.045312
0 0.317969 0.138281 0.054688 0.048438
0 0.312500 0.696094 0.084375 0.107813
0 0.207813 0.665625 0.065625 0.062500
0 0.371094 0.956250 0.054688 0.053125
0 0.242969 0.960938 0.032813 0.034375
0 0.399219 0.811719 0.054688 0.064062
0 0.168750 0.710156 0.059375 0.051562
0 0.263281 0.521094 0.079688 0.042188
0 0.215625 0.882031 0.043750 0.048438
0 0.750781 0.456250 0.064062 0.071875
1 0.425000 0.589063 0.037500 0.037500
