0 0.828906 0.410938 0.101562 0.078125
0 0.832812 0.321875 0.075000 0.093750
0 0.945312 0.274219 0.059375 0.045312
0 0.618750 0.406250 0.050000 0.053125
0 0.859375 0.182031 0.084375 0.045312
0 0.516406 0.321875 0.070312 0.081250
0 0.817969 0.138281 0.054688 0.048438
0 0.812500 0.696094 0.084375 0.107813
0 0.707812 0.665625 0.065625 0.062500
0 0.871094 0.956250 0.054688 0.053125
0 0.742969 0.960938 0.032813 0.034375
0 0.309375 0.045312 0.106250 0.090625
0 0.899219 0.811719 0.054688 0.064062
0 0.668750 0.710156 0.059375 0.051562
0 0.763281 0.521094 0.079688 0.042188
0 0.715625 0.882031 0.043750 0.048438
1 0.925000 0.589063 0.037500 0.037500
