0 0.819531 0.269531 0.076563 0.095312
0 0.607812 0.735156 0.075000 0.082812
0 0.582031 0.608594 0.067187 0.073438
0 0.091406 0.354687 0.060937 0.068750
0 0.247656 0.598437 0.054688 0.056250
0 0.230469 0.459375 0.039062 0.065625
0 0.623437 0.316406 0.096875 0.085938
0 0.648438 0.607031 0.128125 0.107813
0 0.465625 0.842969 0.081250 0.123438
0 0.356250 0.801562 0.075000 0.053125
0 0.267969 0.831250 0.035937 0.050000
0 0.382812 0.560937 0.075000 0.075000
0 0.331250 0.660156 0.034375 0.060937
0 0.836719 0.482031 0.095312 0.101562
0 0.228125 0.671094 0.037500 0.079687
0 0.519531 0.329688 0.067187 0.087500
