7 0.303125 0.097656 0.137500 0.126562
1 0.345313 0.577344 0.043750 0.045312
1 0.604688 0.496094 0.031250 0.032813
8 0.917187 0.461719 0.075000 0.073438
1 0.458594 0.815625 0.057813 0.056250
0 0.673438 0.863281 0.171875 0.185938
0 0.309375 0.907813 0.162500 0.146875
0 0.322656 0.775000 0.117188 0.118750
0 0.200000 0.685156 0.209375 0.173437
0 0.209375 0.553125 0.212500 0.156250
0 0.579688 0.783594 0.140625 0.170313
0 0.330469 0.371094 0.092188 0.064062
0 0.220312 0.299219 0.115625 0.123438
1 0.501563 0.484375 0.034375 0.037500
0 0.725000 0.728125 0.128125 0.153125
0 0.637500 0.704688 0.096875 0.128125
0 0.685937 0.548438 0.146875 0.109375
7 0.842187 0.693750 0.115625 0.121875
0 0.196094 0.459375 0.145313 0.121875
