0 0.365625 0.643750 0.081250 0.065625
0 0.603125 0.689063 0.071875 0.075000
0 0.245312 0.060937 0.056250 0.078125
0 0.775781 0.859375 0.070312 0.078125
0 0.376563 0.800000 0.059375 0.071875
0 0.653906 0.317188 0.045312 0.059375
0 0.414062 0.553906 0.040625 0.039062
0 0.460156 0.724219 0.057813 0.054688
0 0.705469 0.586719 0.045312 0.070312
1 0.373437 0.352344 0.046875 0.045312
1 0.845313 0.151562 0.046875 0.043750
0 0.511719 0.917188 0.048438 0.046875
1 0.635938 0.628125 0.025000 0.028125
0 0.515625 0.526563 0.034375 0.062500
1 0.464062 0.471875 0.021875 0.028125
