0 0.553906 0.873437 0.070312 0.068750
0 0.603125 0.739844 0.115625 0.132812
0 0.710156 0.745313 0.101562 0.137500
0 0.253906 0.557813 0.060937 0.103125
0 0.545312 0.485938 0.084375 0.075000
0 0.567187 0.235156 0.084375 0.070312
0 0.656250 0.203906 0.078125 0.079687
0 0.761719 0.429688 0.042188 0.071875
0 0.428125 0.447656 0.125000 0.170313
0 0.385937 0.080469 0.100000 0.057813
0 0.849219 0.278125 0.035937 0.056250
0 0.828125 0.352344 0.056250 0.070312
0 0.134375 0.428906 0.125000 0.089063
0 0.266406 0.415625 0.057813 0.062500
0 0.264844 0.217969 0.067187 0.054688
0 0.468750 0.203125 0.093750 0.146875
0 0.782813 0.675781 0.056250 0.104688
