0 0.435156 0.670312 0.057813 0.059375
0 0.626563 0.673438 0.056250 0.040625
0 0.440625 0.737500 0.028125 0.031250
0 0.219531 0.892188 0.060937 0.059375
0 0.185156 0.758594 0.054688 0.035937
0 0.081250 0.664062 0.028125 0.043750
0 0.712500 0.860938 0.037500 0.037500
0 0.250781 0.473438 0.123438 0.100000
0 0.410156 0.382031 0.073438 0.076563
0 0.378125 0.278125 0.062500 0.065625
0 0.255469 0.559375 0.085938 0.050000
0 0.157812 0.566406 0.031250 0.035937
0 0.946094 0.689063 0.089063 0.087500
0 0.477344 0.578125 0.035937 0.056250
0 0.076563 0.299219 0.096875 0.045312
0 0.434375 0.467187 0.065625 0.053125
0 0.135156 0.389844 0.060937 0.039062
1 0.064844 0.121094 0.026562 0.017188
0 0.813281 0.277344 0.120313 0.054688
0 0.839063 0.552344 0.050000 0.057813
0 0.710938 0.686719 0.031250 0.032813
