3 0.782031 0.202344 0.035937 0.092188
3 0.671094 0.589063 0.039062 0.053125
3 0.630469 0.420312 0.092188 0.109375
3 0.600000 0.295312 0.059375 0.071875
3 0.629687 0.181250 0.059375 0.056250
3 0.376563 0.251563 0.068750 0.056250
3 0.231250 0.217969 0.053125 0.051562
3 0.267969 0.715625 0.051562 0.056250
3 0.259375 0.437500 0.053125 0.050000
3 0.318750 0.092188 0.175000 0.153125
3 0.725781 0.144531 0.057813 0.101562
3 0.690625 0.167187 0.090625 0.096875
3 0.763281 0.046875 0.039062 0.078125
3 0.501563 0.726562 0.043750 0.087500
3 0.063281 0.589063 0.107813 0.093750
7 0.824219 0.351562 0.045312 0.059375
