3 0.711719 0.607812 0.045312 0.065625
3 0.681250 0.696875 0.065625 0.062500
3 0.360938 0.438281 0.062500 0.092188
3 0.751562 0.406250 0.059375 0.062500
3 0.791406 0.502344 0.051562 0.079687
3 0.859375 0.317188 0.056250 0.068750
3 0.678125 0.235937 0.071875 0.065625
3 0.642188 0.048438 0.078125 0.062500
3 0.450000 0.206250 0.059375 0.071875
3 0.343750 0.059375 0.068750 0.078125
3 0.813281 0.100000 0.048438 0.053125
3 0.225781 0.125781 0.045312 0.045312
3 0.223438 0.271094 0.065625 0.082812
3 0.489063 0.364063 0.043750 0.059375
3 0.411719 0.295312 0.042188 0.071875
3 0.457813 0.304688 0.046875 0.056250
3 0.432812 0.473438 0.046875 0.062500
3 0.521875 0.558594 0.034375 0.048438
3 0.867969 0.777344 0.070312 0.073438
