3 0.360938 0.938281 0.062500 0.092188
3 0.751562 0.906250 0.059375 0.062500
3 0.859375 0.817188 0.056250 0.068750
3 0.678125 0.735937 0.071875 0.065625
3 0.642188 0.548438 0.078125 0.062500
3 0.450000 0.706250 0.059375 0.071875
3 0.343750 0.559375 0.068750 0.078125
3 0.499219 0.510156 0.104688 0.092188
3 0.813281 0.600000 0.048438 0.053125
3 0.473438 0.332031 0.053125 0.048438
3 0.225781 0.625781 0.045312 0.045312
3 0.223438 0.771094 0.065625 0.082812
3 0.489063 0.864062 0.043750 0.059375
3 0.411719 0.795312 0.042188 0.071875
3 0.457813 0.804688 0.046875 0.056250
