3 0.657813 0.698438 0.112500 0.106250
3 0.211719 0.607812 0.045312 0.065625
3 0.181250 0.696875 0.065625 0.062500
3 0.671094 0.941406 0.085938 0.092188
3 0.251562 0.406250 0.059375 0.062500
3 0.638281 0.153125 0.079687 0.078125
3 0.542188 0.377344 0.075000 0.048438
3 0.521875 0.249219 0.121875 0.079687
3 0.291406 0.502344 0.051562 0.079687
3 0.359375 0.317188 0.056250 0.068750
3 0.178125 0.235937 0.071875 0.065625
3 0.142187 0.048438 0.078125 0.062500
3 0.856250 0.685937 0.112500 0.115625
3 0.313281 0.100000 0.048438 0.053125
3 0.021875 0.558594 0.034375 0.048438
3 0.367969 0.777344 0.070312 0.073438
3 0.719531 0.359375 0.039062 0.040625
3 0.901563 0.464844 0.062500 0.104688
