3 0.621875 0.528125 0.068750 0.068750
3 0.782031 0.702344 0.035937 0.092188
3 0.630469 0.920312 0.092188 0.109375
3 0.600000 0.795312 0.059375 0.071875
3 0.629687 0.681250 0.059375 0.056250
3 0.376563 0.751563 0.068750 0.056250
3 0.231250 0.717969 0.053125 0.051562
3 0.259375 0.937500 0.053125 0.050000
3 0.318750 0.592187 0.175000 0.153125
3 0.725781 0.644531 0.057813 0.101562
3 0.690625 0.667188 0.090625 0.096875
3 0.790625 0.513281 0.034375 0.051562
3 0.763281 0.546875 0.039062 0.078125
7 0.824219 0.851562 0.045312 0.059375
