1 0.340625 0.651563 0.059375 0.046875
1 0.125781 0.382812 0.039062 0.034375
1 0.114844 0.719531 0.035937 0.035937
1 0.205469 0.677344 0.029687 0.035937
1 0.238281 0.711719 0.035937 0.039062
1 0.372656 0.779687 0.029687 0.034375
1 0.459375 0.788281 0.031250 0.029687
1 0.121094 0.967969 0.029687 0.035937
1 0.194531 0.926562 0.032813 0.037500
1 0.405469 0.847656 0.042188 0.023438
1 0.617969 0.479688 0.032813 0.037500
1 0.607031 0.949219 0.029687 0.026562
1 0.826562 0.216406 0.031250 0.035937
1 0.371094 0.242969 0.048438 0.045312
0 0.707812 0.586719 0.084375 0.054688
1 0.092188 0.211719 0.046875 0.039062
1 0.274219 0.409375 0.051562 0.043750
