1 0.840625 0.651563 0.059375 0.046875
1 0.625781 0.382812 0.039062 0.034375
1 0.614844 0.719531 0.035937 0.035937
1 0.705469 0.677344 0.029687 0.035937
1 0.738281 0.711719 0.035937 0.039062
1 0.872656 0.779687 0.029687 0.034375
1 0.959375 0.788281 0.031250 0.029687
1 0.321875 0.132031 0.043750 0.051562
1 0.271094 0.039062 0.032813 0.031250
1 0.332031 0.019531 0.039062 0.029687
1 0.157031 0.483594 0.029687 0.020313
1 0.510938 0.964063 0.034375 0.037500
1 0.621094 0.967969 0.029687 0.035937
1 0.694531 0.926562 0.032813 0.037500
1 0.905469 0.847656 0.042188 0.023438
1 0.175781 0.020313 0.032813 0.037500
1 0.229687 0.726562 0.031250 0.031250
1 0.449219 0.267969 0.032813 0.032813
1 0.338281 0.785156 0.026562 0.032813
1 0.871094 0.242969 0.048438 0.045312
1 0.592187 0.211719 0.046875 0.039062
1 0.774219 0.409375 0.051562 0.043750
