1 0.625781 0.882812 0.039062 0.034375
1 0.321875 0.632031 0.043750 0.051562
1 0.271094 0.539062 0.032813 0.031250
1 0.332031 0.519531 0.039062 0.029687
1 0.352344 0.480469 0.042188 0.039062
1 0.471875 0.480469 0.050000 0.039062
1 0.157031 0.983594 0.029687 0.020313
1 0.057813 0.534375 0.046875 0.043750
7 0.254688 0.351562 0.131250 0.134375
1 0.175781 0.520312 0.032813 0.037500
1 0.449219 0.767969 0.032813 0.032813
1 0.871094 0.742969 0.048438 0.045312
1 0.592187 0.711719 0.046875 0.039062
1 0.774219 0.909375 0.051562 0.043750
