1 0.291406 0.937500 0.054688 0.046875
1 0.647656 0.281250 0.042188 0.040625
1 0.690625 0.697656 0.062500 0.070312
1 0.535156 0.700781 0.085938 0.060937
1 0.667969 0.515625 0.085938 0.056250
1 0.977344 0.320312 0.029687 0.046875
7 0.880469 0.449219 0.107813 0.101562
1 0.781250 0.696094 0.059375 0.054688
7 0.207813 0.889844 0.093750 0.076563
7 0.627344 0.198437 0.123438 0.106250
1 0.117969 0.479688 0.032813 0.037500
1 0.671875 0.927344 0.031250 0.035937
1 0.812500 0.103906 0.043750 0.039062
1 0.489063 0.380469 0.062500 0.060937
1 0.107031 0.949219 0.029687 0.026562
1 0.326562 0.216406 0.031250 0.035937
0 0.207813 0.586719 0.084375 0.054688
7 0.260156 0.729688 0.079687 0.065625
1 0.571875 0.649219 0.037500 0.042188
1 0.633594 0.625000 0.035937 0.034375
1 0.972656 0.255469 0.045312 0.045312
1 0.931250 0.596875 0.040625 0.043750
