1 0.840625 0.151563 0.059375 0.046875
1 0.614844 0.219531 0.035937 0.035937
1 0.705469 0.177344 0.029687 0.035937
1 0.738281 0.211719 0.035937 0.039062
1 0.872656 0.279687 0.029687 0.034375
1 0.959375 0.288281 0.031250 0.029687
1 0.510938 0.464062 0.034375 0.037500
1 0.621094 0.467969 0.029687 0.035937
1 0.694531 0.426563 0.032813 0.037500
1 0.905469 0.347656 0.042188 0.023438
1 0.883594 0.894531 0.026562 0.026562
1 0.178125 0.535156 0.031250 0.026562
1 0.229687 0.226562 0.031250 0.031250
1 0.430469 0.600781 0.032813 0.017188
1 0.338281 0.285156 0.026562 0.032813
1 0.538281 0.951562 0.026562 0.028125
1 0.848437 0.779687 0.028125 0.031250
