1 0.821875 0.132031 0.043750 0.051562
1 0.771094 0.039062 0.032813 0.031250
1 0.832031 0.019531 0.039062 0.029687
1 0.657031 0.483594 0.029687 0.020313
1 0.477344 0.954688 0.026562 0.034375
1 0.451562 0.921094 0.034375 0.039062
1 0.475000 0.171875 0.053125 0.040625
1 0.557813 0.034375 0.046875 0.043750
7 0.278906 0.081250 0.139063 0.143750
1 0.396094 0.555469 0.045312 0.051562
7 0.114062 0.923438 0.068750 0.071875
1 0.675781 0.020313 0.032813 0.037500
1 0.729688 0.726562 0.031250 0.031250
1 0.949219 0.267969 0.032813 0.032813
1 0.166406 0.887500 0.035937 0.040625
1 0.838281 0.785156 0.026562 0.032813
1 0.363281 0.133594 0.023438 0.023438
1 0.020313 0.363281 0.025000 0.029687
1 0.209375 0.513281 0.046875 0.035937
1 0.054688 0.128906 0.050000 0.042188
