1 0.977344 0.954688 0.026562 0.034375
1 0.951562 0.921094 0.034375 0.039062
7 0.778906 0.081250 0.139063 0.143750
1 0.271875 0.601562 0.040625 0.043750
1 0.340625 0.204687 0.034375 0.046875
1 0.896094 0.555469 0.045312 0.051562
1 0.342969 0.638281 0.042188 0.039062
1 0.196875 0.688281 0.043750 0.039062
1 0.188281 0.828906 0.045312 0.045312
7 0.614062 0.923438 0.068750 0.071875
1 0.666406 0.887500 0.035937 0.040625
1 0.863281 0.133594 0.023438 0.023438
1 0.106250 0.482812 0.037500 0.031250
1 0.520312 0.363281 0.025000 0.029687
1 0.709375 0.513281 0.046875 0.035937
1 0.554688 0.128906 0.050000 0.042188
