1 0.147656 0.281250 0.042188 0.040625
1 0.190625 0.697656 0.062500 0.070312
1 0.167969 0.515625 0.085938 0.056250
1 0.515625 0.747656 0.071875 0.057813
1 0.523438 0.667188 0.059375 0.043750
1 0.477344 0.320312 0.029687 0.046875
7 0.380469 0.449219 0.107813 0.101562
7 0.463281 0.832812 0.164062 0.093750
1 0.281250 0.696094 0.059375 0.054688
7 0.127344 0.198437 0.123438 0.106250
1 0.171875 0.927344 0.031250 0.035937
1 0.312500 0.103906 0.043750 0.039062
1 0.071875 0.649219 0.037500 0.042188
1 0.133594 0.625000 0.035937 0.034375
1 0.472656 0.255469 0.045312 0.045312
7 0.841406 0.289844 0.098437 0.092188
1 0.431250 0.596875 0.040625 0.043750
