1 0.346094 0.102344 0.051562 0.057813
1 0.181250 0.181250 0.068750 0.068750
1 0.069531 0.415625 0.057813 0.068750
1 0.086719 0.766406 0.048438 0.048438
1 0.103125 0.857812 0.034375 0.040625
1 0.161719 0.855469 0.029687 0.051562
1 0.591406 0.668750 0.048438 0.040625
1 0.580469 0.879687 0.026562 0.037500
1 0.660937 0.589844 0.040625 0.051562
1 0.139844 0.648438 0.023438 0.034375
1 0.851562 0.196875 0.021875 0.037500
1 0.177344 0.414062 0.026562 0.028125
1 0.023438 0.686719 0.043750 0.048438
1 0.291406 0.616406 0.026562 0.032813
