1 0.340625 0.151563 0.059375 0.046875
1 0.114844 0.219531 0.035937 0.035937
1 0.205469 0.177344 0.029687 0.035937
1 0.238281 0.211719 0.035937 0.039062
1 0.372656 0.279687 0.029687 0.034375
1 0.459375 0.288281 0.031250 0.029687
1 0.791406 0.437500 0.054688 0.046875
1 0.665625 0.699219 0.043750 0.035937
1 0.121094 0.467969 0.029687 0.035937
1 0.194531 0.426563 0.032813 0.037500
1 0.405469 0.347656 0.042188 0.023438
1 0.383594 0.894531 0.026562 0.026562
1 0.038281 0.951562 0.026562 0.028125
1 0.348437 0.779687 0.028125 0.031250
1 0.607031 0.449219 0.029687 0.026562
1 0.776563 0.511719 0.028125 0.026562
0 0.707812 0.086719 0.084375 0.054688
