1 0.821875 0.632031 0.043750 0.051562
1 0.771094 0.539062 0.032813 0.031250
1 0.832031 0.519531 0.039062 0.029687
1 0.852344 0.480469 0.042188 0.039062
1 0.971875 0.480469 0.050000 0.039062
1 0.657031 0.983594 0.029687 0.020313
1 0.475000 0.671875 0.053125 0.040625
1 0.557813 0.534375 0.046875 0.043750
7 0.754687 0.351562 0.131250 0.134375
7 0.278906 0.581250 0.139063 0.143750
1 0.675781 0.520312 0.032813 0.037500
1 0.949219 0.767969 0.032813 0.032813
1 0.363281 0.633594 0.023438 0.023438
1 0.020313 0.863281 0.025000 0.029687
1 0.054688 0.628906 0.050000 0.042188
