1 0.785937 0.101562 0.062500 0.062500
1 0.932031 0.347656 0.045312 0.051562
1 0.733594 0.600000 0.054688 0.059375
1 0.390625 0.548438 0.037500 0.037500
1 0.181250 0.064844 0.031250 0.026562
1 0.118750 0.742188 0.031250 0.034375
1 0.592187 0.894531 0.040625 0.045312
0 0.207031 0.492188 0.042188 0.078125
0 0.455469 0.941406 0.098437 0.082812
1 0.326562 0.694531 0.040625 0.039062
1 0.355469 0.474219 0.029687 0.032813
0 0.323437 0.875000 0.103125 0.118750
0 0.575000 0.248438 0.096875 0.096875
1 0.075781 0.040625 0.029687 0.021875
1 0.725781 0.232031 0.026562 0.026562
1 0.589063 0.103125 0.050000 0.053125
1 0.868750 0.310937 0.059375 0.050000
