1 0.770312 0.385156 0.062500 0.057813
1 0.764844 0.592187 0.057813 0.062500
1 0.757812 0.716406 0.037500 0.042188
1 0.780469 0.821094 0.035937 0.039062
1 0.671094 0.489063 0.051562 0.043750
1 0.632812 0.553906 0.050000 0.042188
1 0.064062 0.061719 0.040625 0.045312
1 0.142187 0.280469 0.046875 0.060937
1 0.432031 0.357812 0.048438 0.046875
1 0.213281 0.613281 0.026562 0.032813
1 0.855469 0.930469 0.039062 0.039062
1 0.370312 0.914062 0.028125 0.031250
0 0.727344 0.637500 0.070312 0.071875
0 0.645312 0.675781 0.106250 0.173437
0 0.260938 0.167187 0.031250 0.065625
0 0.206250 0.344531 0.034375 0.045312
