1 0.764844 0.092188 0.057813 0.062500
1 0.757812 0.216406 0.037500 0.042188
1 0.780469 0.321094 0.035937 0.039062
1 0.632812 0.053906 0.050000 0.042188
1 0.708594 0.628125 0.048438 0.043750
7 0.635156 0.766406 0.060937 0.057813
7 0.668750 0.711719 0.046875 0.048438
1 0.537500 0.976563 0.040625 0.043750
7 0.262500 0.578125 0.081250 0.075000
1 0.213281 0.113281 0.026562 0.032813
1 0.855469 0.430469 0.039062 0.039062
7 0.672656 0.519531 0.079687 0.070312
1 0.370312 0.414062 0.028125 0.031250
0 0.727344 0.137500 0.070312 0.071875
0 0.645312 0.175781 0.106250 0.173437
7 0.482812 0.569531 0.121875 0.167187
1 0.960156 0.800781 0.032813 0.029687
1 0.422656 0.870313 0.023438 0.025000
