1 0.389844 0.296094 0.082812 0.064063
1 0.098437 0.185156 0.071875 0.057813
1 0.064844 0.741406 0.048438 0.048438
7 0.585938 0.732812 0.078125 0.065625
7 0.817969 0.524219 0.095312 0.085938
1 0.564063 0.894531 0.056250 0.051562
1 0.765625 0.909375 0.050000 0.056250
1 0.791406 0.353906 0.057813 0.048438
1 0.060156 0.432812 0.051562 0.050000
1 0.055469 0.343750 0.032813 0.034375
1 0.195312 0.489063 0.040625 0.031250
1 0.253906 0.655469 0.045312 0.042188
1 0.930469 0.876563 0.045312 0.043750
1 0.685156 0.642188 0.064062 0.059375
