8 0.924219 0.183594 0.057813 0.042188
8 0.864844 0.164062 0.042188 0.037500
7 0.938281 0.578125 0.032813 0.031250
1 0.641406 0.153125 0.026562 0.025000
1 0.338281 0.051563 0.026562 0.018750
1 0.547656 0.032031 0.035937 0.039062
1 0.342969 0.217969 0.039062 0.035937
1 0.278906 0.481250 0.035937 0.031250
1 0.692187 0.378906 0.034375 0.032813
1 0.453906 0.360156 0.020313 0.023438
1 0.481250 0.283594 0.021875 0.026562
1 0.535156 0.249219 0.026562 0.026562
1 0.397656 0.294531 0.026562 0.023438
8 0.589063 0.078125 0.056250 0.056250
8 0.224219 0.163281 0.057813 0.051562
8 0.614844 0.303906 0.048438 0.039062
