8 0.424219 0.683594 0.057813 0.042188
8 0.364844 0.664062 0.042188 0.037500
8 0.824219 0.451562 0.032813 0.034375
8 0.264844 0.365625 0.045312 0.034375
1 0.335938 0.439063 0.025000 0.018750
1 0.141406 0.653125 0.026562 0.025000
1 0.382031 0.876563 0.020313 0.021875
1 0.047656 0.532031 0.035937 0.039062
1 0.192188 0.878906 0.034375 0.032813
1 0.436719 0.327344 0.035937 0.032813
1 0.035156 0.749219 0.026562 0.026562
1 0.982812 0.884375 0.031250 0.034375
8 0.089063 0.578125 0.056250 0.056250
8 0.114844 0.803906 0.048438 0.039062
