8 0.924219 0.683594 0.057813 0.042188
8 0.864844 0.664062 0.042188 0.037500
8 0.764844 0.365625 0.045312 0.034375
1 0.835938 0.439063 0.025000 0.018750
1 0.641406 0.653125 0.026562 0.025000
1 0.882031 0.876563 0.020313 0.021875
1 0.338281 0.551563 0.026562 0.018750
1 0.547656 0.532031 0.035937 0.039062
1 0.342969 0.717969 0.039062 0.035937
1 0.278906 0.981250 0.035937 0.031250
1 0.692187 0.878906 0.034375 0.032813
1 0.936719 0.327344 0.035937 0.032813
1 0.453906 0.860156 0.020313 0.023438
1 0.481250 0.783594 0.021875 0.026562
1 0.535156 0.749219 0.026562 0.026562
1 0.397656 0.794531 0.026562 0.023438
8 0.589063 0.578125 0.056250 0.056250
8 0.224219 0.663281 0.057813 0.051562
8 0.614844 0.803906 0.048438 0.039062
