0 0.507812 0.757031 0.115625 0.145313
0 0.318750 0.375781 0.071875 0.132812
0 0.231250 0.371875 0.125000 0.118750
0 0.432031 0.395312 0.039062 0.059375
0 0.198438 0.553125 0.056250 0.075000
0 0.173437 0.760938 0.031250 0.062500
0 0.785156 0.589844 0.060937 0.082812
0 0.765625 0.716406 0.078125 0.085938
0 0.944531 0.515625 0.070312 0.075000
7 0.493750 0.201563 0.043750 0.053125
0 0.632812 0.614844 0.115625 0.226562
0 0.524219 0.901562 0.104688 0.162500
0 0.046875 0.913281 0.081250 0.148438
0 0.231250 0.912500 0.040625 0.068750
0 0.641406 0.933594 0.026562 0.051562
0 0.515625 0.535937 0.034375 0.062500
0 0.360938 0.268750 0.034375 0.043750
0 0.291406 0.841406 0.026562 0.057813
0 0.258594 0.731250 0.048438 0.068750
0 0.414844 0.908594 0.029687 0.045312
0 0.379688 0.760156 0.106250 0.110937
8 0.667969 0.134375 0.057813 0.056250
