0 0.507812 0.257031 0.115625 0.145313
0 0.198438 0.053125 0.056250 0.075000
0 0.410938 0.678125 0.056250 0.115625
0 0.173437 0.260937 0.031250 0.062500
0 0.785156 0.089844 0.060937 0.082812
0 0.765625 0.216406 0.078125 0.085938
0 0.615625 0.608594 0.093750 0.179688
0 0.632812 0.114844 0.115625 0.226562
0 0.585156 0.489844 0.045312 0.070312
0 0.524219 0.401562 0.104688 0.162500
0 0.714063 0.532031 0.096875 0.098437
0 0.653125 0.809375 0.084375 0.093750
0 0.046875 0.413281 0.081250 0.148438
0 0.231250 0.412500 0.040625 0.068750
0 0.338281 0.668750 0.054688 0.068750
0 0.067969 0.729688 0.067187 0.209375
0 0.207031 0.883594 0.070312 0.173437
0 0.641406 0.433594 0.026562 0.051562
0 0.515625 0.035937 0.034375 0.062500
0 0.776563 0.553125 0.031250 0.043750
0 0.291406 0.341406 0.026562 0.057813
0 0.258594 0.231250 0.048438 0.068750
0 0.414844 0.408594 0.029687 0.045312
0 0.379688 0.260156 0.106250 0.110937
