0 0.528125 0.299219 0.043750 0.064062
0 0.323437 0.324219 0.096875 0.167187
0 0.285938 0.194531 0.059375 0.139063
0 0.370312 0.574219 0.100000 0.107813
0 0.210938 0.584375 0.043750 0.084375
0 0.144531 0.286719 0.057813 0.079687
0 0.475781 0.815625 0.126562 0.093750
0 0.511719 0.572656 0.082812 0.104688
0 0.184375 0.498437 0.021875 0.040625
0 0.440625 0.393750 0.093750 0.121875
0 0.048438 0.810937 0.093750 0.121875
0 0.142187 0.700000 0.093750 0.150000
0 0.510156 0.929688 0.057813 0.084375
0 0.613281 0.591406 0.039062 0.057813
0 0.894531 0.648438 0.073438 0.071875
0 0.581250 0.489063 0.043750 0.040625
0 0.456250 0.689844 0.056250 0.070312
0 0.600000 0.952344 0.062500 0.092188
0 0.407031 0.947656 0.042188 0.048438
