0 0.370312 0.074219 0.100000 0.107813
0 0.210938 0.084375 0.043750 0.084375
0 0.475781 0.315625 0.126562 0.093750
0 0.511719 0.072656 0.082812 0.104688
0 0.228906 0.655469 0.076563 0.132812
0 0.532031 0.639062 0.057813 0.065625
0 0.048438 0.310937 0.093750 0.121875
0 0.142187 0.200000 0.093750 0.150000
0 0.510156 0.429688 0.057813 0.084375
0 0.613281 0.091406 0.039062 0.057813
0 0.894531 0.148438 0.073438 0.071875
0 0.456250 0.189844 0.056250 0.070312
0 0.600000 0.452344 0.062500 0.092188
0 0.407031 0.447656 0.042188 0.048438
0 0.290625 0.436719 0.175000 0.192188
