1 0.847656 0.407031 0.032813 0.035937
1 0.025781 0.557813 0.032813 0.034375
7 0.304688 0.661719 0.090625 0.060937
0 0.435156 0.445312 0.035937 0.031250
0 0.207031 0.491406 0.045312 0.051562
7 0.109375 0.402344 0.056250 0.064062
0 0.351562 0.335156 0.028125 0.023438
0 0.151562 0.637500 0.040625 0.037500
0 0.125000 0.573438 0.043750 0.043750
0 0.646875 0.456250 0.050000 0.040625
0 0.763281 0.643750 0.045312 0.043750
0 0.781250 0.537500 0.040625 0.040625
0 0.821875 0.467969 0.031250 0.029687
0 0.474219 0.468750 0.029687 0.037500
