0 0.834375 0.652344 0.137500 0.123438
0 0.592969 0.230469 0.076563 0.076563
0 0.574219 0.383594 0.051562 0.039062
0 0.578906 0.519531 0.073438 0.067187
0 0.566406 0.685937 0.057813 0.059375
0 0.439063 0.637500 0.075000 0.062500
0 0.408594 0.549219 0.060937 0.073438
0 0.338281 0.228125 0.042188 0.065625
0 0.285156 0.534375 0.042188 0.053125
0 0.395313 0.137500 0.037500 0.053125
0 0.092969 0.504687 0.032813 0.065625
0 0.040625 0.592969 0.043750 0.095312
0 0.657031 0.853125 0.107813 0.053125
0 0.808594 0.200781 0.082812 0.067187
0 0.350781 0.085938 0.035937 0.043750
0 0.344531 0.138281 0.035937 0.045312
0 0.248438 0.088281 0.046875 0.079687
