3 0.882812 0.079687 0.131250 0.146875
3 0.560937 0.062500 0.059375 0.059375
3 0.662500 0.075000 0.075000 0.059375
3 0.730469 0.196875 0.110937 0.087500
1 0.372656 0.420312 0.039062 0.037500
1 0.444531 0.389062 0.035937 0.040625
1 0.542969 0.416406 0.029687 0.029687
7 0.895312 0.940625 0.096875 0.068750
7 0.560937 0.837500 0.081250 0.071875
7 0.584375 0.911719 0.043750 0.045312
0 0.893750 0.625000 0.078125 0.115625
1 0.773438 0.963281 0.053125 0.051562
1 0.631250 0.835156 0.043750 0.042188
0 0.939844 0.732812 0.048438 0.093750
0 0.964063 0.925000 0.046875 0.068750
0 0.821875 0.636719 0.050000 0.073438
1 0.775000 0.671094 0.028125 0.029687
0 0.868750 0.803906 0.062500 0.098437
0 0.815625 0.766406 0.018750 0.035937
0 0.828125 0.810156 0.028125 0.042188
1 0.690625 0.475000 0.031250 0.028125
1 0.872656 0.309375 0.032813 0.043750
