3 0.377344 0.530469 0.048438 0.067187
3 0.616406 0.338281 0.076563 0.095312
3 0.550000 0.495312 0.037500 0.025000
3 0.608594 0.570312 0.064062 0.093750
3 0.542969 0.610938 0.035937 0.037500
3 0.530469 0.725000 0.045312 0.046875
3 0.196875 0.796094 0.087500 0.092188
3 0.125000 0.562500 0.090625 0.056250
3 0.231250 0.496875 0.046875 0.046875
3 0.163281 0.649219 0.167187 0.101562
3 0.267969 0.646875 0.057813 0.065625
3 0.301563 0.789062 0.062500 0.050000
3 0.260937 0.747656 0.056250 0.042188
3 0.075781 0.760938 0.135937 0.118750
3 0.563281 0.085938 0.026562 0.046875
3 0.702344 0.137500 0.029687 0.065625
3 0.502344 0.087500 0.042188 0.053125
3 0.320312 0.291406 0.028125 0.032813
3 0.722656 0.665625 0.073438 0.100000
3 0.514062 0.789844 0.034375 0.039062
3 0.584375 0.714844 0.056250 0.057813
3 0.478906 0.372656 0.029687 0.035937
