1 0.903906 0.176563 0.042188 0.050000
1 0.702344 0.125781 0.032813 0.039062
1 0.646875 0.205469 0.034375 0.039062
7 0.082031 0.843750 0.057813 0.081250
1 0.042188 0.679688 0.028125 0.034375
1 0.617188 0.601562 0.037500 0.034375
0 0.567969 0.332813 0.051562 0.065625
1 0.180469 0.215625 0.029687 0.031250
1 0.179688 0.332031 0.021875 0.026562
1 0.211719 0.422656 0.026562 0.029687
1 0.321094 0.364844 0.032813 0.035937
1 0.195313 0.526563 0.031250 0.034375
1 0.345313 0.324219 0.028125 0.023438
1 0.038281 0.467969 0.042188 0.042188
1 0.428125 0.642187 0.050000 0.050000
1 0.626563 0.801562 0.034375 0.037500
0 0.407031 0.917188 0.082812 0.103125
0 0.526563 0.863281 0.062500 0.076563
0 0.292187 0.785156 0.093750 0.082812
0 0.349219 0.855469 0.098437 0.098437
0 0.277344 0.646875 0.039062 0.053125
0 0.259375 0.711719 0.056250 0.057813
0 0.128125 0.576562 0.065625 0.084375
7 0.458594 0.264062 0.073438 0.109375
7 0.576562 0.542969 0.046875 0.051562
1 0.106250 0.175000 0.031250 0.034375
