3 0.210156 0.470313 0.051562 0.059375
3 0.257812 0.493750 0.040625 0.062500
3 0.434375 0.440625 0.056250 0.043750
3 0.435937 0.481250 0.018750 0.021875
3 0.457031 0.512500 0.017188 0.028125
3 0.377344 0.569531 0.054688 0.039062
3 0.539844 0.703906 0.048438 0.054688
3 0.673438 0.600000 0.087500 0.068750
3 0.364844 0.457813 0.048438 0.059375
3 0.209375 0.694531 0.031250 0.048438
3 0.322656 0.738281 0.029687 0.035937
3 0.742188 0.532813 0.025000 0.025000
3 0.919531 0.621094 0.045312 0.029687
3 0.849219 0.363281 0.054688 0.035937
3 0.958594 0.767188 0.029687 0.025000
3 0.515625 0.551562 0.078125 0.068750
3 0.939844 0.534375 0.029687 0.043750
