7 0.582031 0.843750 0.057813 0.081250
1 0.542188 0.679688 0.028125 0.034375
1 0.400781 0.448437 0.023438 0.025000
4 0.357031 0.508594 0.042188 0.076563
1 0.680469 0.215625 0.029687 0.031250
1 0.679688 0.332031 0.021875 0.026562
1 0.711719 0.422656 0.026562 0.029687
1 0.821094 0.364844 0.032813 0.035937
1 0.695313 0.526563 0.031250 0.034375
1 0.845313 0.324219 0.028125 0.023438
1 0.457031 0.382812 0.029687 0.043750
1 0.538281 0.467969 0.042188 0.042188
7 0.396094 0.646094 0.048438 0.079687
1 0.928125 0.642187 0.050000 0.050000
0 0.907031 0.917188 0.082812 0.103125
0 0.792188 0.785156 0.093750 0.082812
0 0.849219 0.855469 0.098437 0.098437
0 0.777344 0.646875 0.039062 0.053125
0 0.759375 0.711719 0.056250 0.057813
0 0.628125 0.576562 0.065625 0.084375
0 0.521875 0.371094 0.059375 0.154688
7 0.958594 0.264062 0.073438 0.109375
1 0.606250 0.175000 0.031250 0.034375
