3 0.588281 0.549219 0.182812 0.057813
3 0.735156 0.522656 0.064062 0.057813
3 0.619531 0.707031 0.067187 0.064062
3 0.433594 0.800000 0.085938 0.059375
3 0.583594 0.782813 0.220312 0.096875
3 0.650000 0.850000 0.090625 0.093750
3 0.225781 0.093750 0.054688 0.087500
3 0.182812 0.172656 0.028125 0.048438
3 0.130469 0.077344 0.051562 0.079687
3 0.050000 0.098437 0.028125 0.053125
3 0.144531 0.558594 0.114062 0.117188
3 0.401562 0.514844 0.059375 0.039062
3 0.332031 0.555469 0.057813 0.042188
3 0.401562 0.638281 0.046875 0.035937
3 0.321875 0.839844 0.071875 0.060937
3 0.404687 0.927344 0.056250 0.092188
3 0.817969 0.796094 0.173437 0.148438
3 0.400000 0.052344 0.065625 0.098437
1 0.334375 0.949219 0.031250 0.039062
