3 0.930469 0.110937 0.035937 0.037500
3 0.917969 0.225000 0.045312 0.046875
3 0.584375 0.296094 0.087500 0.092188
3 0.512500 0.062500 0.090625 0.056250
3 0.550781 0.149219 0.167187 0.101562
3 0.655469 0.146875 0.057813 0.065625
3 0.689063 0.289062 0.062500 0.050000
3 0.648438 0.247656 0.056250 0.042188
3 0.463281 0.260938 0.135937 0.118750
3 0.382812 0.579688 0.131250 0.146875
3 0.589844 0.551562 0.257812 0.209375
3 0.759375 0.557813 0.046875 0.071875
3 0.237500 0.412500 0.059375 0.053125
3 0.357031 0.403125 0.107813 0.081250
3 0.281250 0.334375 0.059375 0.050000
3 0.060937 0.562500 0.059375 0.059375
3 0.162500 0.575000 0.075000 0.059375
3 0.230469 0.696875 0.110937 0.087500
1 0.042969 0.916406 0.029687 0.029687
1 0.528906 0.800781 0.032813 0.035937
3 0.901563 0.289844 0.034375 0.039062
1 0.190625 0.975000 0.031250 0.028125
1 0.372656 0.809375 0.032813 0.043750
