7 0.332031 0.535156 0.054688 0.064062
7 0.082031 0.343750 0.057813 0.081250
1 0.042188 0.179688 0.028125 0.034375
1 0.551562 0.653906 0.043750 0.042188
1 0.542188 0.721875 0.046875 0.050000
1 0.617188 0.101562 0.037500 0.034375
1 0.195313 0.026562 0.031250 0.034375
1 0.428125 0.142187 0.050000 0.050000
1 0.626563 0.301563 0.034375 0.037500
1 0.307031 0.632031 0.029687 0.029687
0 0.407031 0.417187 0.082812 0.103125
0 0.526563 0.363281 0.062500 0.076563
0 0.292187 0.285156 0.093750 0.082812
0 0.349219 0.355469 0.098437 0.098437
0 0.277344 0.146875 0.039062 0.053125
0 0.259375 0.211719 0.056250 0.057813
0 0.128125 0.076563 0.065625 0.084375
7 0.576562 0.042969 0.046875 0.051562
