3 0.933594 0.300000 0.085938 0.059375
3 0.644531 0.058594 0.114062 0.117188
3 0.832031 0.055469 0.057813 0.042188
3 0.821875 0.339844 0.071875 0.060937
3 0.904687 0.427344 0.056250 0.092188
3 0.546094 0.267969 0.135937 0.092188
3 0.309375 0.273438 0.056250 0.065625
3 0.278906 0.364063 0.032813 0.059375
3 0.314844 0.346094 0.042188 0.064062
1 0.400781 0.948437 0.023438 0.025000
1 0.680469 0.715625 0.029687 0.031250
1 0.679688 0.832031 0.021875 0.026562
1 0.711719 0.922656 0.026562 0.029687
1 0.821094 0.864844 0.032813 0.035937
1 0.845313 0.824219 0.028125 0.023438
1 0.457031 0.882812 0.029687 0.043750
1 0.538281 0.967969 0.042188 0.042188
3 0.492969 0.080469 0.085938 0.107813
7 0.958594 0.764062 0.073438 0.109375
1 0.606250 0.675000 0.031250 0.034375
1 0.598437 0.387500 0.034375 0.031250
1 0.834375 0.449219 0.031250 0.039062
