3 0.608594 0.070312 0.064062 0.093750
3 0.542969 0.110937 0.035937 0.037500
3 0.530469 0.225000 0.045312 0.046875
3 0.196875 0.296094 0.087500 0.092188
3 0.125000 0.062500 0.090625 0.056250
3 0.163281 0.149219 0.167187 0.101562
3 0.267969 0.146875 0.057813 0.065625
3 0.301563 0.289062 0.062500 0.050000
3 0.260937 0.247656 0.056250 0.042188
3 0.075781 0.260938 0.135937 0.118750
3 0.202344 0.551562 0.257812 0.209375
3 0.371875 0.557813 0.046875 0.071875
1 0.141406 0.800781 0.032813 0.035937
3 0.722656 0.165625 0.073438 0.100000
3 0.514062 0.289844 0.034375 0.039062
3 0.741406 0.464844 0.042188 0.117188
3 0.686719 0.594531 0.023438 0.045312
3 0.584375 0.214844 0.056250 0.057813
7 0.750000 0.776563 0.050000 0.068750
