3 0.382812 0.079687 0.131250 0.146875
3 0.759375 0.057813 0.046875 0.071875
3 0.060937 0.062500 0.059375 0.059375
3 0.162500 0.075000 0.075000 0.059375
3 0.230469 0.196875 0.110937 0.087500
1 0.042969 0.416406 0.029687 0.029687
1 0.528906 0.300781 0.032813 0.035937
7 0.395313 0.940625 0.096875 0.068750
7 0.060937 0.837500 0.081250 0.071875
7 0.084375 0.911719 0.043750 0.045312
0 0.393750 0.625000 0.078125 0.115625
0 0.479687 0.794531 0.050000 0.051562
4 0.876563 0.488281 0.031250 0.051562
0 0.946875 0.826562 0.040625 0.087500
1 0.273438 0.963281 0.053125 0.051562
1 0.131250 0.835156 0.043750 0.042188
0 0.439844 0.732812 0.048438 0.093750
0 0.464062 0.925000 0.046875 0.068750
0 0.321875 0.636719 0.050000 0.073438
1 0.275000 0.671094 0.028125 0.029687
0 0.368750 0.803906 0.062500 0.098437
0 0.315625 0.766406 0.018750 0.035937
0 0.328125 0.810156 0.028125 0.042188
0 0.331250 0.845313 0.040625 0.040625
1 0.190625 0.475000 0.031250 0.028125
0 0.530469 0.692187 0.032813 0.037500
1 0.372656 0.309375 0.032813 0.043750
