3 0.933594 0.800000 0.085938 0.059375
3 0.414844 0.246875 0.051562 0.090625
3 0.725781 0.093750 0.054688 0.087500
3 0.682813 0.172656 0.028125 0.048438
3 0.630469 0.077344 0.051562 0.079687
3 0.550000 0.098437 0.028125 0.053125
3 0.196875 0.457031 0.043750 0.042188
3 0.352344 0.206250 0.039062 0.043750
3 0.644531 0.558594 0.114062 0.117188
3 0.901563 0.514844 0.059375 0.039062
3 0.832031 0.555469 0.057813 0.042188
3 0.901563 0.638281 0.046875 0.035937
3 0.821875 0.839844 0.071875 0.060937
3 0.904687 0.927344 0.056250 0.092188
3 0.546094 0.767969 0.135937 0.092188
3 0.309375 0.773438 0.056250 0.065625
3 0.278906 0.864062 0.032813 0.059375
3 0.314844 0.846094 0.042188 0.064062
3 0.900000 0.052344 0.065625 0.098437
3 0.492969 0.580469 0.085938 0.107813
3 0.408594 0.388281 0.067187 0.039062
1 0.834375 0.949219 0.031250 0.039062
