7 0.895312 0.440625 0.096875 0.068750
7 0.560937 0.337500 0.081250 0.071875
7 0.584375 0.411719 0.043750 0.045312
0 0.893750 0.125000 0.078125 0.115625
1 0.797656 0.646094 0.039062 0.035937
4 0.378906 0.642969 0.054688 0.045312
1 0.773438 0.463281 0.053125 0.051562
1 0.671094 0.528906 0.029687 0.026562
1 0.631250 0.335156 0.043750 0.042188
0 0.939844 0.232813 0.048438 0.093750
0 0.964063 0.425000 0.046875 0.068750
0 0.821875 0.136719 0.050000 0.073438
1 0.775000 0.171094 0.028125 0.029687
0 0.868750 0.303906 0.062500 0.098437
0 0.815625 0.266406 0.018750 0.035937
0 0.828125 0.310156 0.028125 0.042188
0 0.831250 0.345313 0.040625 0.040625
1 0.978906 0.746094 0.032813 0.042188
