3 0.157812 0.228906 0.075000 0.070312
3 0.882812 0.579688 0.131250 0.146875
3 0.737500 0.412500 0.059375 0.053125
3 0.857031 0.403125 0.107813 0.081250
3 0.781250 0.334375 0.059375 0.050000
3 0.173437 0.514844 0.084375 0.076563
3 0.264844 0.528125 0.082812 0.065625
3 0.560937 0.562500 0.059375 0.059375
3 0.662500 0.575000 0.075000 0.059375
3 0.730469 0.696875 0.110937 0.087500
1 0.372656 0.920312 0.039062 0.037500
1 0.444531 0.889062 0.035937 0.040625
1 0.542969 0.916406 0.029687 0.029687
3 0.148438 0.098437 0.106250 0.115625
3 0.227344 0.193750 0.042188 0.037500
1 0.690625 0.975000 0.031250 0.028125
3 0.373437 0.466406 0.065625 0.067187
1 0.872656 0.809375 0.032813 0.043750
