3 0.764844 0.530469 0.048438 0.067187
3 0.937500 0.495312 0.037500 0.025000
3 0.930469 0.610938 0.035937 0.037500
3 0.917969 0.725000 0.045312 0.046875
3 0.584375 0.796094 0.087500 0.092188
3 0.512500 0.562500 0.090625 0.056250
3 0.618750 0.496875 0.046875 0.046875
3 0.550781 0.649219 0.167187 0.101562
3 0.655469 0.646875 0.057813 0.065625
3 0.689063 0.789062 0.062500 0.050000
3 0.648438 0.747656 0.056250 0.042188
3 0.463281 0.760938 0.135937 0.118750
3 0.237500 0.912500 0.059375 0.053125
3 0.357031 0.903125 0.107813 0.081250
3 0.281250 0.834375 0.059375 0.050000
3 0.950781 0.085938 0.026562 0.046875
3 0.889844 0.087500 0.042188 0.053125
3 0.707812 0.291406 0.028125 0.032813
3 0.901563 0.789844 0.034375 0.039062
3 0.866406 0.372656 0.029687 0.035937
