3 0.588281 0.049219 0.182812 0.057813
3 0.619531 0.207031 0.067187 0.064062
3 0.433594 0.300000 0.085938 0.059375
3 0.583594 0.282813 0.220312 0.096875
3 0.650000 0.350000 0.090625 0.093750
3 0.144531 0.058594 0.114062 0.117188
3 0.332031 0.055469 0.057813 0.042188
1 0.903906 0.676562 0.042188 0.050000
1 0.702344 0.625781 0.032813 0.039062
1 0.646875 0.705469 0.034375 0.039062
3 0.321875 0.339844 0.071875 0.060937
3 0.404687 0.427344 0.056250 0.092188
3 0.817969 0.296094 0.173437 0.148438
0 0.567969 0.832812 0.051562 0.065625
1 0.180469 0.715625 0.029687 0.031250
1 0.179688 0.832031 0.021875 0.026562
1 0.211719 0.922656 0.026562 0.029687
1 0.321094 0.864844 0.032813 0.035937
1 0.345313 0.824219 0.028125 0.023438
1 0.038281 0.967969 0.042188 0.042188
1 0.106250 0.675000 0.031250 0.034375
1 0.334375 0.449219 0.031250 0.039062
