7 0.476562 0.504687 0.103125 0.090625
7 0.395313 0.440625 0.096875 0.068750
7 0.060937 0.337500 0.081250 0.071875
7 0.084375 0.411719 0.043750 0.045312
0 0.393750 0.125000 0.078125 0.115625
1 0.297656 0.646094 0.039062 0.035937
0 0.479687 0.294531 0.050000 0.051562
0 0.946875 0.326562 0.040625 0.087500
0 0.883594 0.485156 0.054688 0.120313
1 0.273438 0.463281 0.053125 0.051562
1 0.171094 0.528906 0.029687 0.026562
1 0.131250 0.335156 0.043750 0.042188
0 0.439844 0.232813 0.048438 0.093750
0 0.464062 0.425000 0.046875 0.068750
0 0.321875 0.136719 0.050000 0.073438
1 0.275000 0.171094 0.028125 0.029687
0 0.368750 0.303906 0.062500 0.098437
0 0.315625 0.266406 0.018750 0.035937
0 0.328125 0.310156 0.028125 0.042188
0 0.331250 0.345313 0.040625 0.040625
0 0.792969 0.528906 0.045312 0.110937
7 0.746094 0.717969 0.032813 0.054688
1 0.478906 0.746094 0.032813 0.042188
0 0.530469 0.192188 0.032813 0.037500
