7 0.832031 0.535156 0.054688 0.064062
7 0.582031 0.343750 0.057813 0.081250
1 0.542188 0.179688 0.028125 0.034375
1 0.695313 0.026562 0.031250 0.034375
7 0.396094 0.146094 0.048438 0.079687
1 0.807031 0.632031 0.029687 0.029687
0 0.907031 0.417187 0.082812 0.103125
0 0.792188 0.285156 0.093750 0.082812
0 0.849219 0.355469 0.098437 0.098437
0 0.777344 0.146875 0.039062 0.053125
0 0.759375 0.211719 0.056250 0.057813
0 0.628125 0.076563 0.065625 0.084375
7 0.428906 0.935156 0.054688 0.098437
0 0.433594 0.643750 0.107813 0.206250
