1 0.550781 0.512500 0.032813 0.034375
1 0.600781 0.540625 0.032813 0.037500
0 0.753125 0.537500 0.090625 0.115625
0 0.576562 0.172656 0.090625 0.060937
0 0.397656 0.640625 0.054688 0.075000
0 0.460156 0.676562 0.073438 0.103125
0 0.559375 0.675781 0.115625 0.067187
0 0.703125 0.421094 0.187500 0.189062
0 0.227344 0.591406 0.048438 0.067187
0 0.166406 0.653125 0.048438 0.071875
0 0.848438 0.842969 0.071875 0.076563
0 0.322656 0.271875 0.089063 0.106250
0 0.396094 0.530469 0.135937 0.123438
0 0.380469 0.846094 0.042188 0.045312
0 0.937500 0.732812 0.071875 0.103125
0 0.296094 0.735156 0.048438 0.060937
