0 0.351562 0.518750 0.268750 0.150000
0 0.500000 0.576562 0.043750 0.053125
0 0.382812 0.817187 0.159375 0.225000
0 0.435156 0.665625 0.095312 0.050000
0 0.436719 0.968750 0.064062 0.062500
0 0.641406 0.635938 0.301563 0.250000
0 0.731250 0.588281 0.075000 0.048438
0 0.664062 0.832812 0.115625 0.109375
0 0.527344 0.911719 0.129688 0.107813
2 0.321875 0.759375 0.053125 0.053125
2 0.349219 0.953906 0.035937 0.057813
2 0.299219 0.448437 0.054687 0.056250
0 0.563281 0.328906 0.064062 0.095312
0 0.107031 0.473437 0.154688 0.200000
