0 0.382812 0.317188 0.159375 0.225000
0 0.339844 0.500000 0.095312 0.140625
0 0.641406 0.135937 0.301563 0.250000
0 0.731250 0.088281 0.075000 0.048438
0 0.664062 0.332813 0.115625 0.109375
0 0.527344 0.411719 0.129688 0.107813
2 0.137500 0.633594 0.162500 0.254688
2 0.321875 0.259375 0.053125 0.053125
2 0.349219 0.453906 0.035937 0.057813
2 0.697656 0.167187 0.045312 0.040625
2 0.346875 0.845313 0.046875 0.062500
0 0.062500 0.434375 0.115625 0.237500
0 0.141406 0.782813 0.282813 0.306250
0 0.362500 0.618750 0.378125 0.390625
