1 0.637500 0.506250 0.062500 0.046875
1 0.735156 0.578125 0.070312 0.043750
1 0.769531 0.525000 0.054688 0.043750
1 0.760156 0.946875 0.057813 0.050000
1 0.271094 0.712500 0.045312 0.046875
1 0.178906 0.819531 0.039062 0.042188
1 0.273437 0.812500 0.046875 0.040625
1 0.331250 0.632812 0.053125 0.050000
1 0.312500 0.486719 0.056250 0.048438
1 0.882031 0.140625 0.076563 0.046875
1 0.898437 0.222656 0.056250 0.051562
1 0.601562 0.893750 0.046875 0.046875
1 0.766406 0.679688 0.054688 0.065625
1 0.144531 0.700000 0.064062 0.062500
1 0.582031 0.489844 0.045312 0.035937
