2 0.157852 0.168788 0.262505 0.284376
4 0.383187 0.076866 0.097550 0.100533
2 0.606937 0.188004 0.260674 0.322809
8 0.088459 0.457883 0.123718 0.128192
4 0.216549 0.416726 0.042398 0.045878
3 0.319535 0.429230 0.073371 0.070885
3 0.427934 0.419127 0.052668 0.050680
3 0.534000 0.429313 0.071051 0.071051
3 0.643663 0.422357 0.059127 0.057139
3 0.753164 0.433206 0.071878 0.078837
3 0.883766 0.448857 0.098708 0.110140
3 0.050283 0.590908 0.047368 0.047368
3 0.152988 0.601922 0.068401 0.069395
3 0.392205 0.599024 0.065586 0.063598
3 0.549351 0.646474 0.158002 0.158499
3 0.722415 0.618402 0.097881 0.102355
3 0.853258 0.606063 0.075191 0.077677
