2 0.250781 0.238281 0.457813 0.432812
4 0.536719 0.063281 0.045312 0.082812
3 0.658594 0.064062 0.129688 0.084375
3 0.814844 0.082031 0.114062 0.120313
3 0.058594 0.535156 0.073438 0.092188
4 0.142969 0.505469 0.026562 0.032813
4 0.221094 0.519531 0.060937 0.060937
4 0.310937 0.513281 0.050000 0.048438
3 0.409375 0.508594 0.078125 0.039062
3 0.525781 0.527344 0.085938 0.076563
4 0.614062 0.505469 0.021875 0.032813
3 0.696094 0.537500 0.073438 0.096875
3 0.798438 0.515625 0.062500 0.053125
3 0.907031 0.540625 0.085938 0.103125
2 0.060937 0.710938 0.078125 0.168750
2 0.188281 0.684375 0.107813 0.115625
3 0.314844 0.670312 0.076563 0.087500
3 0.416406 0.662500 0.057813 0.071875
2 0.564063 0.678906 0.168750 0.104688
2 0.786719 0.659375 0.207813 0.065625
2 0.075000 0.869531 0.106250 0.079687
2 0.212500 0.871875 0.100000 0.084375
