2 0.157812 0.223438 0.271875 0.403125
2 0.453906 0.219531 0.251563 0.398438
2 0.685937 0.179688 0.143750 0.315625
2 0.815625 0.053125 0.046875 0.062500
2 0.089844 0.525000 0.135937 0.131250
4 0.230469 0.502344 0.076563 0.085938
2 0.330469 0.495312 0.054688 0.071875
2 0.421094 0.505469 0.057813 0.092188
2 0.510938 0.489063 0.053125 0.059375
4 0.625000 0.527344 0.106250 0.135937
8 0.732031 0.479687 0.039062 0.040625
8 0.802344 0.478125 0.032813 0.037500
4 0.864844 0.476562 0.023438 0.034375
8 0.939063 0.489844 0.056250 0.060937
4 0.037500 0.649219 0.031250 0.039062
3 0.119531 0.675781 0.064062 0.092188
3 0.220312 0.658594 0.068750 0.057813
3 0.338281 0.667188 0.098437 0.075000
3 0.439844 0.644531 0.035937 0.029687
3 0.572656 0.672656 0.160938 0.085938
3 0.707031 0.642969 0.039062 0.026562
3 0.775781 0.650781 0.029687 0.042188
2 0.860938 0.668750 0.071875 0.078125
