3 0.064062 0.059375 0.084375 0.075000
8 0.168750 0.075000 0.056250 0.106250
2 0.406250 0.107031 0.350000 0.170313
2 0.671875 0.079687 0.112500 0.115625
2 0.808594 0.078125 0.092188 0.112500
4 0.074219 0.266406 0.104688 0.079687
4 0.203125 0.259375 0.084375 0.065625
3 0.327344 0.274219 0.095312 0.095312
3 0.448437 0.263281 0.078125 0.073438
3 0.550000 0.255469 0.056250 0.057813
3 0.642188 0.267188 0.059375 0.081250
4 0.731250 0.259375 0.050000 0.065625
8 0.821875 0.256250 0.062500 0.059375
4 0.901563 0.253125 0.028125 0.053125
8 0.054688 0.390625 0.065625 0.068750
8 0.149219 0.385156 0.054688 0.057813
8 0.235156 0.377344 0.048438 0.042188
4 0.309375 0.385156 0.031250 0.057813
4 0.375781 0.375781 0.032813 0.039062
8 0.444531 0.375000 0.035937 0.037500
2 0.541406 0.387500 0.089063 0.062500
8 0.633594 0.370312 0.026562 0.028125
3 0.707812 0.396094 0.053125 0.079687
4 0.798438 0.379688 0.059375 0.046875
4 0.877344 0.375000 0.029687 0.037500
3 0.048438 0.508594 0.053125 0.076563
3 0.171875 0.536719 0.125000 0.132812
8 0.332031 0.539062 0.126562 0.137500
2 0.492969 0.514062 0.126562 0.087500
2 0.682813 0.508594 0.184375 0.076563
2 0.864844 0.500000 0.110937 0.059375
2 0.082031 0.675000 0.120313 0.065625
3 0.214062 0.687500 0.075000 0.090625
3 0.306250 0.682031 0.040625 0.079687
3 0.397656 0.723437 0.073438 0.162500
3 0.489844 0.682813 0.042188 0.081250
4 0.580469 0.678125 0.070312 0.071875
4 0.662500 0.664062 0.025000 0.043750
3 0.732031 0.671094 0.045312 0.057813
3 0.812500 0.679688 0.046875 0.075000
4 0.878906 0.659375 0.017188 0.034375
3 0.060156 0.897656 0.076563 0.117188
3 0.158594 0.885156 0.051562 0.092188
