3 0.116116 0.123324 0.179033 0.193448
3 0.291359 0.071401 0.082643 0.089603
2 0.420157 0.072394 0.087116 0.091589
2 0.606062 0.127546 0.196425 0.201893
2 0.859942 0.116444 0.222935 0.179690
8 0.060800 0.308172 0.068401 0.069395
3 0.310638 0.325978 0.093076 0.105006
3 0.429092 0.301962 0.054986 0.056974
3 0.541596 0.317448 0.079993 0.087947
3 0.669081 0.318193 0.084963 0.089436
3 0.785934 0.300884 0.059293 0.054820
3 0.906366 0.316949 0.093909 0.086950
3 0.056909 0.451298 0.060618 0.055648
3 0.175177 0.467861 0.087779 0.088773
3 0.304429 0.462809 0.080658 0.078670
3 0.419904 0.460492 0.061608 0.074035
3 0.534436 0.464052 0.078173 0.081155
3 0.678739 0.494860 0.119905 0.142770
3 0.856634 0.495022 0.147569 0.143096
2 0.074134 0.652793 0.095069 0.083636
8 0.205576 0.652877 0.079829 0.083805
2 0.348712 0.670267 0.116100 0.118585
8 0.485469 0.643850 0.067739 0.065751
4 0.618174 0.667783 0.108149 0.113617
4 0.781402 0.678135 0.128355 0.134320
4 0.076948 0.841508 0.100697 0.101692
4 0.213731 0.834966 0.083638 0.088608
4 0.363138 0.856746 0.126202 0.132167
4 0.513327 0.841344 0.085954 0.101363
8 0.656918 0.842998 0.110636 0.104671
4 0.791978 0.827099 0.071382 0.072874
4 0.911412 0.831902 0.079001 0.082480
