8 0.101707 0.108666 0.150215 0.164133
3 0.247831 0.054507 0.051839 0.055815
3 0.356549 0.063119 0.075524 0.073038
2 0.591971 0.166547 0.305742 0.279894
2 0.128788 0.451800 0.204377 0.200401
4 0.292179 0.369984 0.034283 0.036768
4 0.395479 0.392176 0.084633 0.081154
4 0.505126 0.372385 0.044553 0.041570
4 0.615221 0.397643 0.086619 0.092086
4 0.751358 0.397062 0.096393 0.090925
4 0.882293 0.393834 0.077012 0.084468
4 0.045232 0.617035 0.037264 0.040247
4 0.171115 0.667137 0.126532 0.140450
4 0.304981 0.624406 0.050513 0.054987
4 0.395740 0.617118 0.041405 0.040411
