3 0.072642 0.073139 0.092085 0.093079
3 0.205100 0.076619 0.085126 0.100038
3 0.328992 0.067343 0.073534 0.081487
3 0.471012 0.087134 0.120075 0.121069
3 0.624060 0.079848 0.098046 0.106496
3 0.774115 0.085975 0.113781 0.118751
3 0.907168 0.057985 0.064261 0.062770
3 0.058067 0.226426 0.062935 0.068403
3 0.162898 0.222948 0.056973 0.061446
3 0.257339 0.216075 0.042729 0.047700
3 0.356349 0.229325 0.065750 0.074200
3 0.473168 0.227750 0.077512 0.071050
3 0.582787 0.218475 0.052999 0.052502
3 0.685127 0.225929 0.063929 0.067409
3 0.800723 0.233216 0.079498 0.081983
3 0.077031 0.368473 0.100864 0.099372
4 0.190461 0.340070 0.037098 0.042566
2 0.297963 0.360109 0.089603 0.082643
2 0.436395 0.367894 0.097716 0.098213
2 0.562931 0.354479 0.066413 0.071384
2 0.679168 0.364252 0.077011 0.090929
2 0.817191 0.377169 0.109308 0.116764
2 0.056411 0.511276 0.059623 0.063102
2 0.280591 0.643693 0.298609 0.327936
2 0.616228 0.624892 0.282382 0.290335
2 0.885734 0.567836 0.168269 0.176223
