2 0.114214 0.111231 0.175228 0.169263
3 0.260907 0.040595 0.027990 0.027990
3 0.350338 0.059641 0.063101 0.066083
3 0.462871 0.061380 0.072543 0.069560
3 0.577325 0.060883 0.067076 0.068567
4 0.699526 0.067921 0.089603 0.082643
4 0.833155 0.071897 0.088110 0.090595
4 0.061794 0.277596 0.070388 0.073868
8 0.222716 0.324881 0.160982 0.168438
4 0.378866 0.270557 0.060783 0.059789
2 0.493076 0.282565 0.079829 0.083805
8 0.636047 0.299044 0.115769 0.116763
3 0.779759 0.285049 0.081318 0.088774
3 0.887275 0.264264 0.043226 0.047203
3 0.054920 0.482974 0.056642 0.059624
3 0.161120 0.489103 0.065916 0.071881
3 0.259057 0.474113 0.039914 0.041903
3 0.355356 0.488026 0.063763 0.069728
3 0.457951 0.483554 0.053328 0.060785
3 0.561110 0.485293 0.062770 0.064261
3 0.659067 0.477923 0.043060 0.049522
3 0.751867 0.484465 0.053659 0.062607
3 0.840865 0.471298 0.034780 0.036271
4 0.063533 0.608774 0.073866 0.076849
3 0.178059 0.606539 0.065419 0.072378
2 0.348387 0.647857 0.187324 0.155014
3 0.546923 0.631050 0.121897 0.121400
4 0.719989 0.642396 0.133654 0.144093
4 0.898198 0.638006 0.133822 0.135313
4 0.085064 0.830305 0.116928 0.119910
4 0.247324 0.840824 0.119574 0.140948
8 0.379092 0.798837 0.054986 0.056974
