8 0.075871 0.079599 0.098543 0.105999
4 0.330128 0.083573 0.116432 0.113947
4 0.455871 0.049869 0.046043 0.046540
3 0.555770 0.062126 0.064591 0.071053
3 0.657361 0.051608 0.049024 0.050018
3 0.744735 0.047220 0.036270 0.041241
3 0.833106 0.054093 0.050513 0.054987
3 0.922871 0.047799 0.039417 0.042400
3 0.054506 0.213562 0.055814 0.058299
2 0.168337 0.223415 0.083474 0.078006
2 0.292322 0.216790 0.075194 0.064756
2 0.430687 0.232109 0.111301 0.095394
4 0.579069 0.229212 0.095565 0.089600
4 0.725076 0.237825 0.106329 0.106826
4 0.863637 0.229296 0.080324 0.089769
4 0.097400 0.416965 0.141602 0.161982
4 0.272989 0.397172 0.120903 0.122394
3 0.453356 0.403960 0.150387 0.135972
4 0.615295 0.373818 0.083640 0.075687
3 0.759070 0.393694 0.114941 0.115438
3 0.903291 0.376551 0.084633 0.081154
3 0.211023 0.705522 0.368847 0.326596
3 0.531916 0.646900 0.182509 0.209351
3 0.742914 0.612944 0.151380 0.141438
3 0.916530 0.593732 0.107986 0.103015
