8 0.073438 0.074219 0.103125 0.104688
8 0.182812 0.043750 0.046875 0.043750
2 0.293750 0.063281 0.106250 0.082812
2 0.410156 0.050781 0.057813 0.057813
2 0.531250 0.087500 0.115625 0.131250
2 0.650781 0.046094 0.054688 0.048438
2 0.791406 0.131250 0.157812 0.218750
2 0.089063 0.333594 0.134375 0.117188
2 0.279687 0.339844 0.178125 0.129688
2 0.456250 0.415625 0.106250 0.281250
4 0.591406 0.313281 0.095312 0.076563
4 0.693750 0.300000 0.040625 0.050000
4 0.765625 0.295312 0.034375 0.040625
8 0.863281 0.325781 0.092188 0.101562
2 0.060156 0.635156 0.076563 0.089063
2 0.167187 0.621094 0.068750 0.060937
2 0.266406 0.636719 0.060937 0.092188
4 0.353125 0.613281 0.043750 0.045312
8 0.444531 0.624219 0.070312 0.067187
8 0.584375 0.669531 0.140625 0.157812
8 0.721094 0.630469 0.064062 0.079687
8 0.811719 0.617188 0.048438 0.053125
8 0.900781 0.621094 0.060937 0.060937
8 0.046094 0.822656 0.048438 0.079687
3 0.125781 0.819531 0.042188 0.073438
3 0.260937 0.841406 0.050000 0.117188
3 0.358594 0.842969 0.076563 0.120313
3 0.457031 0.811719 0.051562 0.057813
3 0.557813 0.838281 0.081250 0.110937
3 0.666406 0.827344 0.067187 0.089063
3 0.765625 0.815625 0.062500 0.065625
3 0.864062 0.818750 0.065625 0.071875
