2 0.126798 0.138479 0.200396 0.223759
2 0.411617 0.150646 0.279409 0.248094
4 0.643049 0.072559 0.095398 0.091919
4 0.755849 0.045480 0.039749 0.037761
4 0.875502 0.081254 0.110304 0.109310
4 0.063284 0.360690 0.073368 0.083807
4 0.210935 0.388846 0.131170 0.140117
8 0.349665 0.347605 0.058630 0.057636
3 0.448400 0.344459 0.049852 0.051343
4 0.549935 0.351746 0.065420 0.065917
4 0.652105 0.346032 0.051011 0.054490
3 0.774248 0.370875 0.104673 0.104176
3 0.912240 0.361352 0.080657 0.085130
3 0.050863 0.528420 0.048527 0.050515
3 0.155461 0.538025 0.070223 0.069726
3 0.246005 0.515253 0.023187 0.024181
3 0.316506 0.517323 0.029812 0.028321
3 0.395563 0.521877 0.037927 0.037430
3 0.501894 0.544650 0.084964 0.082976
3 0.737664 0.642033 0.297128 0.277742
3 0.074795 0.873730 0.096391 0.097385
3 0.194884 0.851205 0.055318 0.052336
3 0.294469 0.853773 0.054489 0.057471
3 0.391415 0.855264 0.051506 0.060454
3 0.492101 0.853607 0.059127 0.057139
3 0.591664 0.851785 0.052005 0.053496
3 0.685061 0.848804 0.045048 0.047534
3 0.800127 0.872322 0.097054 0.094569
