8 0.100053 0.099556 0.146906 0.145912
8 0.269881 0.076700 0.102189 0.100200
4 0.414106 0.078274 0.096887 0.103349
3 0.551822 0.069827 0.087945 0.086454
8 0.681404 0.069827 0.081485 0.086455
8 0.839683 0.100550 0.144918 0.147900
8 0.087134 0.278825 0.121069 0.120075
8 0.248204 0.277997 0.111958 0.118420
8 0.408844 0.277914 0.120738 0.118253
8 0.562627 0.266072 0.097054 0.094569
8 0.690653 0.254396 0.068732 0.071218
2 0.807117 0.256300 0.073535 0.075027
8 0.077361 0.440819 0.101523 0.115938
4 0.231028 0.439409 0.115107 0.113119
8 0.369949 0.418955 0.074199 0.072210
2 0.506090 0.433860 0.108980 0.102021
8 0.647621 0.425000 0.085792 0.084301
8 0.772091 0.420528 0.075358 0.075358
8 0.884205 0.412579 0.058961 0.059458
8 0.063285 0.579230 0.073371 0.070885
4 0.222281 0.616494 0.153864 0.145413
2 0.442336 0.623944 0.197097 0.160313
8 0.615289 0.575835 0.058629 0.064097
8 0.730092 0.580306 0.081984 0.073037
