2 0.077776 0.078770 0.102353 0.104342
2 0.246515 0.092432 0.146081 0.131666
2 0.440287 0.093591 0.152375 0.133984
3 0.611489 0.075126 0.101030 0.097053
3 0.762514 0.088792 0.112454 0.124384
3 0.109987 0.303272 0.166774 0.197096
3 0.315957 0.292092 0.156839 0.174734
3 0.545758 0.319833 0.213316 0.230217
3 0.816327 0.315689 0.238829 0.221929
3 0.090115 0.546471 0.127030 0.133492
3 0.234248 0.518232 0.071547 0.077015
3 0.371569 0.540674 0.114940 0.121899
3 0.549330 0.551355 0.151711 0.143260
3 0.715398 0.527258 0.090097 0.095068
3 0.863107 0.534379 0.116764 0.109308
3 0.082496 0.727594 0.111792 0.120740
3 0.212826 0.699687 0.059954 0.064925
3 0.341861 0.720554 0.108648 0.106660
3 0.540367 0.760219 0.199411 0.185990
2 0.748177 0.727261 0.127530 0.120074
