3 0.053906 0.050781 0.064062 0.057813
3 0.147656 0.051562 0.054688 0.059375
3 0.267188 0.054688 0.115625 0.065625
3 0.382812 0.054688 0.046875 0.065625
3 0.492969 0.124219 0.104688 0.204687
3 0.641406 0.064844 0.123438 0.085938
3 0.775000 0.084375 0.075000 0.125000
3 0.132812 0.371875 0.221875 0.221875
3 0.331250 0.300000 0.106250 0.078125
3 0.535156 0.384375 0.232813 0.246875
3 0.742188 0.378906 0.112500 0.235937
3 0.882031 0.306250 0.098437 0.090625
3 0.093750 0.638281 0.143750 0.192188
3 0.282813 0.659375 0.165625 0.234375
3 0.426563 0.590625 0.053125 0.096875
3 0.545312 0.583594 0.115625 0.082812
3 0.719531 0.602344 0.164062 0.120313
3 0.874219 0.607812 0.076563 0.131250
3 0.060937 0.846094 0.078125 0.070312
3 0.170313 0.858594 0.071875 0.095312
3 0.296875 0.867188 0.112500 0.112500
3 0.425781 0.861719 0.076563 0.101562
3 0.534375 0.838281 0.071875 0.054688
3 0.642969 0.861719 0.076563 0.101562
3 0.844531 0.880469 0.257812 0.139063
