8 0.069660 0.072891 0.086122 0.092584
8 0.266663 0.134170 0.217627 0.215141
4 0.445689 0.052934 0.050680 0.052668
4 0.547710 0.059144 0.064095 0.065089
4 0.661556 0.064361 0.073038 0.075524
4 0.770794 0.056163 0.057139 0.059127
4 0.877076 0.064362 0.066578 0.075525
4 0.067093 0.332681 0.080986 0.093413
3 0.188533 0.321169 0.073868 0.070388
3 0.311589 0.328705 0.082479 0.085461
3 0.435916 0.324481 0.078008 0.077014
3 0.584704 0.354625 0.131833 0.137301
3 0.745118 0.338477 0.099537 0.105005
3 0.882657 0.335000 0.087114 0.098050
3 0.104113 0.531814 0.155027 0.129179
3 0.257157 0.498030 0.061114 0.061611
3 0.389327 0.522707 0.112954 0.110966
3 0.544074 0.523619 0.106824 0.112789
3 0.756007 0.576285 0.227565 0.218121
3 0.137815 0.839200 0.222430 0.218950
3 0.333702 0.768397 0.079830 0.077345
3 0.443133 0.757053 0.048691 0.054656
3 0.529844 0.749020 0.034614 0.038591
3 0.645390 0.779907 0.106330 0.100365
3 0.793391 0.778086 0.099208 0.096722
