3 0.105352 0.106098 0.157505 0.158997
3 0.281825 0.073055 0.107326 0.092910
3 0.415914 0.059309 0.072378 0.065419
3 0.532355 0.060055 0.070887 0.066910
3 0.648229 0.059806 0.071384 0.066413
3 0.757809 0.054009 0.059293 0.054820
3 0.868883 0.065438 0.075191 0.077677
3 0.060386 0.266990 0.067572 0.074531
3 0.175205 0.263594 0.072212 0.067738
3 0.270034 0.243968 0.027493 0.028487
3 0.342902 0.246204 0.029480 0.032959
3 0.435138 0.260778 0.067078 0.062107
3 0.546903 0.265333 0.068732 0.071218
3 0.681918 0.282060 0.110636 0.104671
3 0.817558 0.267735 0.072541 0.076021
3 0.924559 0.258543 0.052169 0.057637
3 0.048296 0.402166 0.043392 0.044884
3 0.130662 0.396535 0.033124 0.033621
3 0.219304 0.404319 0.054159 0.049188
3 0.324697 0.413511 0.068070 0.067573
3 0.435873 0.409453 0.065422 0.059457
3 0.576053 0.443240 0.127031 0.127031
3 0.759356 0.451189 0.149889 0.142930
3 0.077031 0.616911 0.100864 0.099372
3 0.207520 0.604821 0.071216 0.075193
3 0.325878 0.608548 0.076681 0.082646
3 0.467130 0.627925 0.115437 0.121402
3 0.614414 0.619562 0.091254 0.104675
3 0.727912 0.588175 0.046375 0.041901
3 0.847354 0.623951 0.104008 0.113452
3 0.051774 0.758272 0.050349 0.050846
3 0.153546 0.764732 0.063267 0.063764
3 0.290590 0.794709 0.121731 0.123719
3 0.448681 0.780713 0.106662 0.095727
3 0.579208 0.765146 0.064592 0.064592
3 0.702496 0.777070 0.092417 0.088441
3 0.830306 0.773842 0.073037 0.081984
