4 0.047964 0.050450 0.042729 0.047700
4 0.134139 0.049622 0.040079 0.046044
8 0.238224 0.064361 0.079499 0.075522
4 0.347748 0.055667 0.051672 0.058134
8 0.482799 0.092848 0.128024 0.132498
8 0.693264 0.130693 0.205204 0.208186
3 0.902356 0.086554 0.123388 0.119909
3 0.095414 0.353013 0.137629 0.146577
3 0.290651 0.353507 0.162477 0.147565
3 0.525211 0.382740 0.215972 0.206030
3 0.731824 0.329410 0.107324 0.099371
3 0.884546 0.332557 0.109642 0.105665
3 0.076286 0.580156 0.099372 0.100864
3 0.218048 0.578914 0.095397 0.098380
3 0.406705 0.620235 0.191460 0.181022
4 0.572417 0.556970 0.051011 0.054490
3 0.684790 0.566823 0.085132 0.074196
3 0.814062 0.572621 0.084301 0.085792
3 0.107339 0.838695 0.161479 0.167941
8 0.263655 0.785282 0.061611 0.061114
4 0.449941 0.779237 0.043557 0.049025
3 0.543237 0.785282 0.055151 0.061115
3 0.640753 0.781307 0.050183 0.053165
3 0.728613 0.772612 0.035277 0.035774
3 0.832730 0.795550 0.084136 0.081651
