3 0.076563 0.094531 0.109375 0.145313
3 0.210938 0.071094 0.090625 0.098437
3 0.319531 0.046875 0.057813 0.050000
3 0.431250 0.064844 0.096875 0.085938
3 0.542969 0.059375 0.057813 0.075000
3 0.625000 0.050000 0.037500 0.056250
3 0.689063 0.042188 0.021875 0.040625
3 0.742969 0.039844 0.017188 0.035937
3 0.799219 0.042188 0.026562 0.040625
3 0.868750 0.042188 0.043750 0.040625
3 0.951562 0.048438 0.053125 0.053125
3 0.036719 0.255469 0.029687 0.107813
3 0.118750 0.270313 0.065625 0.137500
8 0.209375 0.228125 0.046875 0.053125
8 0.296875 0.244531 0.059375 0.085938
8 0.380469 0.225000 0.039062 0.046875
8 0.450000 0.218750 0.031250 0.034375
8 0.516406 0.222656 0.032813 0.042188
8 0.578125 0.217188 0.021875 0.031250
8 0.639062 0.218750 0.031250 0.034375
8 0.708594 0.224219 0.039062 0.045312
8 0.778906 0.217969 0.032813 0.032813
8 0.850000 0.222656 0.040625 0.042188
8 0.928125 0.221875 0.046875 0.040625
8 0.036719 0.399219 0.029687 0.051562
8 0.100781 0.400000 0.029687 0.053125
4 0.192969 0.408594 0.085938 0.070312
4 0.292969 0.401562 0.045312 0.056250
8 0.364063 0.394531 0.028125 0.042188
8 0.431250 0.396094 0.037500 0.045312
8 0.503125 0.392188 0.037500 0.037500
8 0.582031 0.400781 0.051562 0.054688
8 0.665625 0.402344 0.046875 0.057813
8 0.747656 0.397656 0.048438 0.048438
8 0.835156 0.402344 0.057813 0.057813
8 0.925000 0.399219 0.053125 0.051562
8 0.046094 0.509375 0.048438 0.062500
8 0.130469 0.501563 0.051562 0.046875
2 0.230469 0.526563 0.079687 0.096875
2 0.353906 0.532813 0.098437 0.109375
8 0.461719 0.495312 0.048438 0.034375
8 0.539062 0.495312 0.037500 0.034375
8 0.610156 0.500781 0.035937 0.045312
8 0.693750 0.516406 0.062500 0.076563
4 0.782813 0.524219 0.046875 0.092188
4 0.864062 0.516406 0.046875 0.076563
4 0.069531 0.656250 0.095312 0.068750
3 0.170313 0.669531 0.037500 0.095312
3 0.239063 0.657813 0.031250 0.071875
3 0.311719 0.644531 0.045312 0.045312
3 0.397656 0.647656 0.057813 0.051562
3 0.503125 0.656250 0.084375 0.068750
4 0.609375 0.653125 0.059375 0.062500
4 0.692969 0.644531 0.039062 0.045312
2 0.796094 0.697656 0.098437 0.151562
4 0.901563 0.643750 0.043750 0.043750
3 0.050000 0.848437 0.056250 0.081250
3 0.130469 0.830469 0.035937 0.045312
3 0.213281 0.846875 0.060937 0.078125
8 0.295312 0.823438 0.034375 0.031250
4 0.370312 0.841406 0.046875 0.067187
4 0.454688 0.838281 0.053125 0.060937
4 0.553125 0.843750 0.075000 0.071875
4 0.654687 0.832812 0.059375 0.050000
4 0.766406 0.845313 0.095312 0.075000
4 0.874219 0.847656 0.051562 0.079687
4 0.956250 0.835156 0.043750 0.054688
