8 0.092599 0.094091 0.131999 0.134982
2 0.259224 0.084650 0.112125 0.116101
2 0.404710 0.070655 0.090595 0.088110
2 0.545615 0.081835 0.100530 0.110471
4 0.671219 0.057405 0.061114 0.061611
8 0.794528 0.073719 0.095232 0.094238
8 0.128042 0.310463 0.202885 0.208352
8 0.321753 0.257050 0.096556 0.101527
8 0.448714 0.241647 0.069229 0.070721
8 0.570147 0.248272 0.083970 0.083970
8 0.697940 0.252910 0.083305 0.093247
3 0.821759 0.248604 0.074693 0.084635
3 0.078851 0.522350 0.104502 0.125877
3 0.239379 0.530713 0.128685 0.142603
3 0.385656 0.497588 0.074363 0.076352
3 0.531071 0.527980 0.127692 0.137136
3 0.691187 0.514979 0.104174 0.111133
3 0.831427 0.503799 0.087779 0.088773
3 0.073470 0.694777 0.093741 0.095729
3 0.247396 0.729889 0.163467 0.165953
3 0.434837 0.711505 0.122724 0.129186
3 0.703661 0.685834 0.072872 0.077843
3 0.844864 0.704879 0.120904 0.115934
3 0.075707 0.903477 0.098215 0.091256
3 0.210690 0.894534 0.083807 0.073368
3 0.336826 0.899752 0.079829 0.083805
3 0.449984 0.887910 0.056145 0.060121
