8 0.089618 0.093843 0.126036 0.134486
3 0.233763 0.062953 0.073702 0.072707
3 0.350774 0.061463 0.070223 0.069726
3 0.500526 0.104360 0.141603 0.155521
3 0.684475 0.109579 0.137625 0.165958
3 0.837147 0.066515 0.077345 0.079830
3 0.086306 0.299480 0.119412 0.123886
8 0.259147 0.302543 0.136970 0.130011
8 0.481720 0.344114 0.219615 0.213153
8 0.691789 0.292606 0.111629 0.110138
8 0.841497 0.284076 0.098546 0.093078
8 0.071897 0.539405 0.090595 0.088110
4 0.257189 0.594475 0.189303 0.198250
4 0.436743 0.541642 0.079661 0.092585
8 0.637349 0.613521 0.230875 0.236342
4 0.838565 0.538743 0.083307 0.086786
4 0.069660 0.826122 0.086120 0.099044
4 0.221944 0.844919 0.128189 0.136639
4 0.388922 0.838460 0.115270 0.123721
4 0.529417 0.815355 0.077511 0.077511
8 0.652783 0.817094 0.080492 0.080989
8 0.785981 0.825044 0.096888 0.096888
4 0.906306 0.804921 0.053164 0.056643
