2 0.122245 0.127961 0.191290 0.202723
8 0.284482 0.048793 0.043889 0.044387
4 0.398221 0.077943 0.093243 0.102687
4 0.515764 0.053762 0.053330 0.054324
4 0.617680 0.056743 0.060286 0.060286
4 0.716405 0.049786 0.048362 0.046373
4 0.826396 0.071815 0.083969 0.090431
4 0.929679 0.044984 0.034283 0.036768
4 0.123407 0.361832 0.193615 0.176714
3 0.342687 0.352062 0.157174 0.157174
3 0.539032 0.347590 0.146740 0.148231
3 0.686926 0.309581 0.061277 0.072213
2 0.804440 0.310159 0.083807 0.073368
2 0.922958 0.305771 0.064592 0.064592
4 0.054920 0.528392 0.056640 0.066085
2 0.263471 0.645323 0.270619 0.299946
2 0.479975 0.531289 0.072377 0.071879
2 0.591531 0.529385 0.061113 0.068072
2 0.697616 0.525244 0.060783 0.059789
2 0.810005 0.533691 0.076186 0.076683
2 0.925100 0.529219 0.065751 0.067739
2 0.065107 0.876436 0.077015 0.071547
2 0.175056 0.868984 0.053164 0.056643
2 0.283928 0.881157 0.074031 0.080990
