3 0.072656 0.058594 0.101562 0.073438
3 0.191406 0.075000 0.067187 0.106250
3 0.276562 0.050781 0.034375 0.057813
3 0.352344 0.046875 0.048438 0.050000
3 0.464844 0.096875 0.107813 0.150000
3 0.579688 0.060156 0.053125 0.076563
3 0.664844 0.054688 0.048438 0.065625
3 0.764844 0.064844 0.082812 0.085938
3 0.106250 0.264062 0.168750 0.115625
3 0.271094 0.253125 0.092188 0.093750
3 0.392969 0.238281 0.082812 0.064062
3 0.532813 0.254688 0.128125 0.096875
3 0.648438 0.227344 0.034375 0.042188
3 0.717969 0.232813 0.035937 0.053125
3 0.792969 0.242969 0.045312 0.073438
3 0.874219 0.231250 0.048438 0.050000
3 0.057031 0.411719 0.070312 0.110937
3 0.232813 0.435937 0.212500 0.159375
3 0.517969 0.417187 0.289062 0.121875
3 0.789844 0.415625 0.185938 0.118750
3 0.131250 0.635156 0.218750 0.170313
3 0.309375 0.598437 0.068750 0.096875
3 0.418750 0.613281 0.081250 0.126562
3 0.564063 0.639844 0.140625 0.179688
3 0.724219 0.623437 0.110937 0.146875
3 0.863281 0.592187 0.098437 0.084375
3 0.072656 0.821094 0.101562 0.114062
3 0.185938 0.810156 0.056250 0.092188
3 0.275000 0.782813 0.053125 0.037500
3 0.391406 0.828125 0.110937 0.128125
3 0.537500 0.808594 0.112500 0.089063
3 0.669531 0.791406 0.082812 0.054688
3 0.830469 0.814063 0.170313 0.100000
