2 0.149900 0.170280 0.246601 0.287361
8 0.467129 0.047882 0.043559 0.042564
4 0.572101 0.068088 0.078503 0.082977
3 0.695208 0.066266 0.077842 0.079333
3 0.808139 0.059062 0.059954 0.064925
3 0.910342 0.058317 0.054984 0.063435
3 0.090695 0.419709 0.128192 0.123718
3 0.222893 0.380208 0.045712 0.044717
3 0.311282 0.379215 0.041239 0.042731
3 0.425706 0.406708 0.098213 0.097716
3 0.543050 0.383107 0.048527 0.050515
3 0.648890 0.397931 0.072706 0.080162
3 0.805826 0.438922 0.152204 0.162145
3 0.076946 0.624636 0.100693 0.121073
2 0.211827 0.602772 0.079830 0.077345
2 0.350989 0.611217 0.108154 0.094235
2 0.499889 0.612212 0.099705 0.096225
8 0.638505 0.609811 0.089435 0.091423
8 0.771057 0.609480 0.085791 0.090761
8 0.087631 0.789265 0.122063 0.119081
8 0.257799 0.795973 0.128024 0.132498
2 0.417584 0.784380 0.103843 0.109311
4 0.546810 0.762683 0.065420 0.065917
4 0.666371 0.768645 0.085793 0.077840
3 0.910335 0.773118 0.076846 0.086788
4 0.058647 0.938832 0.064095 0.065089
8 0.162888 0.933201 0.053827 0.053827
