8 0.068584 0.071815 0.083969 0.090431
8 0.189091 0.058978 0.068734 0.064757
8 0.315327 0.072642 0.093079 0.092085
4 0.440569 0.066598 0.068565 0.079997
8 0.553816 0.062622 0.070057 0.072046
8 0.668541 0.063036 0.071382 0.072874
8 0.778618 0.056743 0.060286 0.060286
4 0.881152 0.054590 0.055980 0.055980
4 0.063450 0.202121 0.073700 0.079168
8 0.171435 0.188125 0.052171 0.051177
8 0.278081 0.199885 0.071713 0.074696
8 0.385177 0.190113 0.054655 0.055152
8 0.493541 0.198974 0.071382 0.072874
4 0.606516 0.197318 0.066082 0.069562
8 0.711077 0.189699 0.053330 0.054324
8 0.834938 0.211643 0.104177 0.098212
8 0.946773 0.178271 0.030971 0.031468
8 0.051525 0.330396 0.049852 0.051343
8 0.146352 0.331473 0.052005 0.053496
8 0.317010 0.409481 0.199571 0.209513
4 0.572356 0.411881 0.222762 0.214312
4 0.788696 0.367992 0.121068 0.126536
4 0.926662 0.341825 0.065750 0.074200
4 0.058150 0.597141 0.063101 0.066083
4 0.178799 0.607989 0.088773 0.087779
4 0.298775 0.597141 0.063101 0.066083
