3 0.075458 0.075706 0.097716 0.098213
3 0.216321 0.071648 0.095068 0.090097
3 0.400015 0.131440 0.184331 0.209682
3 0.590949 0.082994 0.106824 0.112789
3 0.771661 0.110901 0.165123 0.168603
3 0.930522 0.059144 0.064095 0.065089
3 0.045646 0.302073 0.038092 0.041572
3 0.200003 0.388779 0.181182 0.214983
3 0.412494 0.346871 0.153039 0.131167
3 0.686051 0.426287 0.306402 0.289999
3 0.132186 0.707082 0.211173 0.182840
3 0.391830 0.714453 0.217962 0.197582
8 0.575907 0.646468 0.061114 0.061611
4 0.758425 0.721991 0.213651 0.212657
