3 0.149989 0.143278 0.246778 0.233357
3 0.387531 0.095166 0.140613 0.137134
3 0.591107 0.113053 0.175890 0.172908
4 0.757179 0.058564 0.067409 0.063929
8 0.864627 0.055004 0.057305 0.056808
8 0.068832 0.352922 0.084464 0.096394
4 0.214585 0.366999 0.116596 0.124549
4 0.348775 0.337766 0.063101 0.066083
4 0.509008 0.382234 0.167943 0.155019
4 0.701052 0.371471 0.127030 0.133492
4 0.857028 0.355074 0.095231 0.100699
4 0.075706 0.556813 0.098212 0.104177
4 0.215575 0.550519 0.093576 0.091588
3 0.344048 0.544474 0.075522 0.079499
3 0.450449 0.529319 0.047699 0.049190
