3 0.054688 0.056250 0.065625 0.068750
3 0.143750 0.067187 0.043750 0.090625
3 0.221875 0.056250 0.043750 0.068750
3 0.321094 0.066406 0.085938 0.089063
3 0.428906 0.065625 0.060937 0.087500
3 0.532031 0.067969 0.076563 0.092188
3 0.628906 0.043750 0.048438 0.043750
3 0.707031 0.050000 0.039062 0.056250
3 0.778906 0.046875 0.035937 0.050000
3 0.843750 0.042188 0.025000 0.040625
3 0.909375 0.053906 0.037500 0.064062
3 0.053906 0.170313 0.064062 0.043750
3 0.139844 0.167187 0.039062 0.037500
3 0.214844 0.175000 0.042188 0.053125
3 0.297656 0.179688 0.054688 0.062500
3 0.396875 0.183594 0.075000 0.070312
4 0.478906 0.167187 0.020313 0.037500
2 0.560156 0.174219 0.073438 0.051562
2 0.666406 0.184375 0.070312 0.071875
2 0.757031 0.177344 0.042188 0.057813
2 0.832031 0.189844 0.039062 0.082812
2 0.921094 0.195312 0.070312 0.093750
2 0.041406 0.301563 0.039062 0.050000
2 0.185938 0.413281 0.181250 0.273438
2 0.408594 0.386719 0.195312 0.220312
2 0.596875 0.345313 0.112500 0.137500
