2 0.121094 0.335938 0.198437 0.628125
2 0.303125 0.046875 0.096875 0.050000
2 0.429688 0.047656 0.087500 0.051562
4 0.541406 0.065625 0.067187 0.087500
4 0.637500 0.062500 0.056250 0.081250
4 0.714844 0.048438 0.029687 0.053125
4 0.778125 0.062500 0.028125 0.081250
4 0.840625 0.050781 0.028125 0.057813
4 0.917188 0.048438 0.056250 0.053125
4 0.060937 0.730469 0.078125 0.092188
4 0.158594 0.719531 0.048438 0.070312
4 0.252344 0.722656 0.070312 0.076563
4 0.356250 0.723437 0.068750 0.078125
4 0.435937 0.709375 0.021875 0.050000
4 0.504687 0.742969 0.046875 0.117188
4 0.608594 0.746094 0.092188 0.123438
4 0.742969 0.740625 0.107813 0.112500
4 0.869531 0.739062 0.076563 0.109375
4 0.051562 0.878906 0.059375 0.073438
3 0.145313 0.871875 0.059375 0.059375
8 0.236719 0.868750 0.054688 0.053125
3 0.310937 0.855469 0.025000 0.026562
4 0.372656 0.857031 0.029687 0.029687
4 0.442188 0.873437 0.040625 0.062500
3 0.533594 0.890625 0.073438 0.096875
3 0.647656 0.875781 0.085938 0.067187
3 0.750781 0.892188 0.051562 0.100000
3 0.850000 0.886719 0.078125 0.089063
