3 0.199219 0.136719 0.354687 0.229687
3 0.446094 0.049219 0.070312 0.054688
3 0.575000 0.064844 0.118750 0.085938
3 0.821875 0.188281 0.306250 0.332813
3 0.054688 0.412500 0.065625 0.046875
3 0.176563 0.492969 0.109375 0.207813
3 0.343750 0.603906 0.156250 0.429688
8 0.500781 0.440625 0.089063 0.103125
4 0.602344 0.417187 0.045312 0.056250
4 0.671875 0.407031 0.025000 0.035937
4 0.732812 0.407031 0.028125 0.035937
3 0.822656 0.450000 0.082812 0.121875
3 0.914844 0.414062 0.032813 0.050000
3 0.130469 0.899219 0.057813 0.092188
3 0.228906 0.888281 0.070312 0.070312
8 0.314063 0.875000 0.031250 0.043750
3 0.395313 0.889844 0.062500 0.073438
3 0.489844 0.894531 0.057813 0.082812
3 0.584375 0.891406 0.062500 0.076563
3 0.672656 0.882812 0.045312 0.059375
3 0.755469 0.884375 0.051562 0.062500
3 0.842187 0.875781 0.053125 0.045312
3 0.917969 0.874219 0.029687 0.042188
