3 0.105469 0.122656 0.167187 0.201563
3 0.359375 0.192188 0.271875 0.340625
3 0.615625 0.049219 0.068750 0.054688
3 0.703125 0.045312 0.037500 0.046875
3 0.798438 0.085938 0.084375 0.128125
3 0.084375 0.466406 0.125000 0.139063
8 0.201563 0.417969 0.040625 0.042188
4 0.292969 0.428906 0.073438 0.064062
4 0.399219 0.416406 0.070312 0.039062
4 0.513281 0.435156 0.089063 0.076563
4 0.617969 0.434375 0.051562 0.075000
4 0.685937 0.408594 0.015625 0.023438
4 0.771875 0.450000 0.087500 0.106250
4 0.871094 0.419531 0.042188 0.045312
3 0.949219 0.426563 0.045312 0.059375
3 0.045312 0.583594 0.046875 0.026562
3 0.120313 0.599219 0.034375 0.057813
3 0.221875 0.621094 0.100000 0.101562
3 0.321094 0.592187 0.029687 0.043750
3 0.390625 0.591406 0.040625 0.042188
3 0.478125 0.592187 0.065625 0.043750
3 0.570312 0.601562 0.050000 0.062500
3 0.650781 0.597656 0.042188 0.054688
3 0.731250 0.600781 0.050000 0.060937
3 0.822656 0.592969 0.064062 0.045312
3 0.911719 0.599219 0.045312 0.057813
2 0.074219 0.749219 0.104688 0.085938
2 0.217188 0.746875 0.112500 0.081250
2 0.410156 0.753906 0.204687 0.095312
2 0.640625 0.755469 0.187500 0.098437
2 0.825781 0.734375 0.114062 0.056250
4 0.942969 0.733594 0.051562 0.054688
4 0.042969 0.864844 0.042188 0.051562
3 0.187500 0.861719 0.050000 0.045312
3 0.271875 0.864062 0.050000 0.050000
3 0.357812 0.875000 0.053125 0.071875
3 0.446094 0.883594 0.054688 0.089063
3 0.528125 0.861719 0.040625 0.045312
2 0.613281 0.863281 0.060937 0.048438
