4 0.081503 0.081503 0.109807 0.109807
4 0.247949 0.094504 0.133324 0.135810
4 0.412908 0.078604 0.106992 0.104009
4 0.596186 0.112557 0.170424 0.171915
4 0.785726 0.086969 0.118253 0.120738
3 0.080094 0.302252 0.106989 0.116931
3 0.231161 0.296289 0.105998 0.105004
3 0.370064 0.286932 0.083804 0.086289
4 0.502494 0.297698 0.092413 0.107823
3 0.643143 0.289166 0.098712 0.090759
3 0.780268 0.285026 0.085461 0.082479
3 0.900017 0.278816 0.065585 0.070059
3 0.084234 0.469815 0.115269 0.130181
3 0.219347 0.438097 0.066745 0.066745
3 0.471665 0.458633 0.118256 0.107817
3 0.623399 0.451098 0.096724 0.092747
3 0.747130 0.438926 0.062935 0.068403
3 0.862644 0.444142 0.078339 0.078836
3 0.069082 0.621212 0.084964 0.082976
3 0.195208 0.619391 0.077842 0.079333
3 0.344578 0.638187 0.132832 0.116925
3 0.493551 0.619971 0.074528 0.080493
3 0.673661 0.694255 0.197248 0.229061
3 0.892335 0.648870 0.150221 0.138291
