3 0.121003 0.122743 0.188807 0.192287
3 0.410871 0.183030 0.302919 0.312860
3 0.661934 0.090448 0.111294 0.127697
3 0.816116 0.077445 0.107158 0.101690
3 0.064858 0.423665 0.076517 0.078505
3 0.204039 0.446190 0.111129 0.123556
3 0.339670 0.421595 0.069891 0.074365
3 0.444459 0.409338 0.051343 0.049852
3 0.621006 0.502502 0.213812 0.236180
3 0.815471 0.426976 0.087117 0.085129
3 0.118519 0.761061 0.183838 0.190797
3 0.358736 0.762963 0.208023 0.194602
3 0.553147 0.712947 0.090594 0.094570
3 0.713597 0.734726 0.139619 0.138128
