8 0.107339 0.110570 0.161479 0.167941
4 0.249412 0.043410 0.033124 0.033621
8 0.346003 0.062622 0.070057 0.072046
2 0.465532 0.063615 0.080990 0.074031
2 0.597241 0.066596 0.094407 0.079992
2 0.724047 0.057321 0.069894 0.061444
2 0.828586 0.048544 0.050847 0.043888
2 0.931517 0.054920 0.066085 0.056640
2 0.051692 0.262452 0.050184 0.046704
2 0.152801 0.268497 0.061777 0.058795
2 0.269734 0.277192 0.083143 0.076184
2 0.386679 0.265764 0.060785 0.053328
2 0.499151 0.273051 0.076353 0.067903
3 0.622112 0.281168 0.081651 0.084136
8 0.740808 0.275040 0.065916 0.071881
3 0.108832 0.443243 0.164464 0.152037
3 0.304211 0.432479 0.136473 0.130508
3 0.463599 0.412356 0.092748 0.090263
3 0.597787 0.407056 0.086124 0.079662
3 0.755538 0.426846 0.139126 0.119243
3 0.190233 0.727733 0.327267 0.327267
3 0.485261 0.644176 0.173574 0.160153
3 0.712374 0.659497 0.190299 0.190796
3 0.894661 0.607161 0.086123 0.086123
