8 0.069661 0.069661 0.086123 0.086123
8 0.201656 0.072146 0.087613 0.091092
4 0.337119 0.073802 0.092913 0.094404
4 0.469815 0.069993 0.083307 0.086786
4 0.620712 0.096741 0.128851 0.140283
3 0.760199 0.058565 0.060948 0.063930
3 0.890796 0.076202 0.109643 0.099205
2 0.218227 0.383216 0.383255 0.344484
2 0.548551 0.295853 0.187652 0.169758
2 0.752792 0.275981 0.130510 0.130012
8 0.901541 0.249481 0.078008 0.077014
4 0.064775 0.637219 0.076352 0.074363
4 0.177635 0.631754 0.061445 0.063433
4 0.289598 0.642189 0.072871 0.084304
4 0.401817 0.634238 0.062935 0.068403
4 0.576871 0.703717 0.197418 0.207360
8 0.771362 0.648067 0.102024 0.096059
8 0.904655 0.637964 0.074861 0.075855
8 0.049372 0.875118 0.045545 0.047037
8 0.146043 0.880915 0.057636 0.058630
8 0.235846 0.867913 0.034118 0.032627
8 0.341960 0.899133 0.090097 0.095068
8 0.468303 0.888864 0.074033 0.074530
8 0.574797 0.876360 0.049521 0.049521
4 0.670865 0.882654 0.054156 0.062110
