3 0.069412 0.073140 0.085624 0.093081
3 0.193552 0.063616 0.074530 0.074033
3 0.385507 0.133590 0.220940 0.213981
3 0.581902 0.066100 0.082480 0.079001
3 0.704158 0.065024 0.073866 0.076849
3 0.859759 0.101378 0.147568 0.149556
3 0.074465 0.328052 0.095731 0.087280
3 0.231817 0.349004 0.129184 0.129184
2 0.383558 0.326562 0.085792 0.084301
2 0.528649 0.340226 0.116598 0.111628
2 0.675507 0.330621 0.088441 0.092417
2 0.802524 0.321345 0.076849 0.073866
3 0.082082 0.514327 0.110966 0.112954
3 0.297709 0.567987 0.229718 0.220274
3 0.528981 0.540663 0.142263 0.165626
3 0.779834 0.590346 0.268969 0.264993
4 0.057570 0.801923 0.061941 0.069397
4 0.149412 0.784035 0.033124 0.033621
4 0.241282 0.801509 0.060616 0.068569
4 0.344397 0.797699 0.057470 0.060949
4 0.452502 0.799769 0.070556 0.065088
4 0.582453 0.815586 0.099208 0.096722
4 0.698461 0.790577 0.043723 0.046706
8 0.817832 0.821632 0.104340 0.108814
