4 0.076700 0.077694 0.100200 0.102189
4 0.221764 0.077942 0.099703 0.102686
4 0.338186 0.053597 0.045047 0.053994
4 0.455651 0.088710 0.101852 0.124221
4 0.623395 0.103366 0.143591 0.153533
4 0.814623 0.102868 0.151046 0.152537
4 0.088044 0.291701 0.122889 0.133327
4 0.238421 0.271908 0.089269 0.093742
3 0.369070 0.265945 0.081817 0.081817
8 0.491989 0.262053 0.074530 0.074033
3 0.591113 0.242924 0.035277 0.035774
4 0.673616 0.245491 0.040908 0.040908
4 0.772886 0.262303 0.067572 0.074531
3 0.908407 0.285572 0.113614 0.121071
3 0.080841 0.454421 0.108483 0.102518
3 0.228084 0.459226 0.096719 0.112129
3 0.377074 0.461627 0.113450 0.116929
3 0.524536 0.451524 0.092747 0.096724
3 0.642659 0.428916 0.053993 0.051508
8 0.889775 0.440344 0.076352 0.074363
4 0.122660 0.659663 0.192121 0.191126
4 0.298300 0.598797 0.068401 0.069395
4 0.410635 0.597886 0.068070 0.067573
4 0.517172 0.594160 0.056145 0.060121
4 0.624708 0.601696 0.071216 0.075193
4 0.747620 0.609480 0.085791 0.090761
4 0.870600 0.603270 0.072375 0.078340
4 0.064610 0.836308 0.076021 0.072541
3 0.197924 0.848067 0.102024 0.096059
4 0.324923 0.835647 0.062272 0.071219
3 0.440366 0.839372 0.080658 0.078670
8 0.559735 0.834238 0.069395 0.068401
8 0.683900 0.844589 0.089601 0.089104
3 0.814217 0.843265 0.081485 0.086455
