3 0.181614 0.213924 0.310029 0.374649
8 0.413334 0.062375 0.064094 0.071550
3 0.621913 0.175248 0.262502 0.297297
3 0.837644 0.066017 0.078339 0.078836
4 0.058813 0.478805 0.064426 0.066911
4 0.166532 0.476155 0.061114 0.061611
8 0.264335 0.468454 0.044220 0.046209
4 0.357040 0.475576 0.051506 0.060454
3 0.465592 0.483277 0.074861 0.075855
3 0.594197 0.493877 0.094569 0.097054
3 0.740794 0.504643 0.109639 0.118587
3 0.890845 0.495284 0.100366 0.099869
3 0.104939 0.683455 0.156679 0.151211
3 0.295982 0.685362 0.135640 0.155025
3 0.471698 0.663497 0.127697 0.111294
3 0.623449 0.651325 0.087448 0.086951
3 0.739036 0.637331 0.052997 0.058962
3 0.854048 0.648260 0.089272 0.080821
3 0.064278 0.845528 0.075358 0.075358
