3 0.073553 0.076535 0.093906 0.099871
3 0.199283 0.062954 0.067241 0.072709
3 0.309299 0.058979 0.062273 0.064758
3 0.420765 0.066681 0.072706 0.080162
3 0.542094 0.066845 0.080989 0.080492
3 0.692601 0.084400 0.132003 0.115600
3 0.847133 0.079517 0.087941 0.105836
3 0.075127 0.234822 0.097054 0.094569
3 0.216568 0.238798 0.095562 0.102521
3 0.345682 0.228778 0.072540 0.082481
3 0.458894 0.229524 0.064588 0.083974
3 0.559409 0.214700 0.046869 0.054325
3 0.662197 0.221324 0.068070 0.067573
3 0.767244 0.215859 0.053164 0.056643
3 0.896240 0.240204 0.114280 0.105333
3 0.052684 0.366356 0.052169 0.057637
3 0.137800 0.353354 0.028652 0.031634
3 0.222500 0.366853 0.051175 0.058631
3 0.346713 0.398239 0.108976 0.121403
3 0.466963 0.361139 0.043226 0.047203
3 0.552641 0.360808 0.039582 0.046541
3 0.633373 0.353685 0.032296 0.032296
3 0.722109 0.364119 0.056643 0.053164
3 0.829054 0.369502 0.067409 0.063929
3 0.932527 0.363457 0.049355 0.051840
3 0.052850 0.532892 0.052500 0.059459
3 0.146081 0.529000 0.045213 0.051675
3 0.258661 0.555003 0.092248 0.103681
3 0.373804 0.525686 0.047534 0.045048
3 0.460608 0.523534 0.036767 0.040744
3 0.560159 0.541835 0.073369 0.077346
8 0.711454 0.573883 0.138459 0.141441
3 0.878865 0.553759 0.107655 0.101193
3 0.057156 0.723135 0.061113 0.068072
3 0.165394 0.721147 0.065089 0.064095
3 0.273444 0.720319 0.062439 0.062439
8 0.419350 0.755430 0.138626 0.132661
8 0.561088 0.716841 0.056477 0.055483
3 0.675154 0.732327 0.081485 0.086455
3 0.788384 0.718746 0.054820 0.059293
3 0.879690 0.708063 0.037430 0.037927
4 0.053430 0.893735 0.053661 0.056146
3 0.150045 0.893404 0.050016 0.055484
3 0.262913 0.912451 0.085127 0.093578
3 0.368338 0.883963 0.036602 0.036602
3 0.449754 0.884874 0.036933 0.038424
3 0.531170 0.882555 0.037265 0.033786
3 0.623102 0.894480 0.058630 0.057636
3 0.718029 0.886530 0.042233 0.041736
3 0.837163 0.915182 0.105502 0.099040
