3 0.063281 0.069531 0.082812 0.095312
3 0.192188 0.064062 0.106250 0.084375
4 0.331250 0.067969 0.103125 0.092188
4 0.450000 0.064844 0.065625 0.085938
3 0.546094 0.053125 0.057813 0.062500
3 0.644531 0.060937 0.070312 0.078125
3 0.764062 0.056250 0.100000 0.068750
3 0.896875 0.062500 0.096875 0.081250
3 0.082031 0.251563 0.120313 0.200000
3 0.253906 0.308594 0.154688 0.314063
3 0.397656 0.189062 0.064062 0.075000
3 0.505469 0.192188 0.082812 0.081250
3 0.603125 0.171094 0.043750 0.039062
3 0.685156 0.178125 0.051562 0.053125
3 0.779687 0.193750 0.068750 0.084375
3 0.900781 0.209375 0.104688 0.115625
3 0.054688 0.527344 0.065625 0.054688
3 0.156250 0.519531 0.068750 0.039062
3 0.332813 0.553906 0.215625 0.107813
3 0.515625 0.534375 0.081250 0.068750
3 0.630469 0.536719 0.079687 0.073438
2 0.803125 0.552344 0.196875 0.104688
2 0.105469 0.688281 0.167187 0.092188
8 0.261719 0.697656 0.076563 0.110937
8 0.383594 0.709375 0.098437 0.134375
4 0.503906 0.670312 0.073438 0.056250
4 0.628906 0.697656 0.107813 0.110937
4 0.747656 0.673438 0.060937 0.062500
8 0.842187 0.674219 0.059375 0.064062
2 0.092188 0.871875 0.140625 0.121875
2 0.267969 0.861719 0.142187 0.101562
2 0.485938 0.859375 0.225000 0.096875
3 0.675781 0.858594 0.085938 0.095312
3 0.778906 0.836719 0.051562 0.051562
3 0.856250 0.839844 0.034375 0.057813
4 0.931250 0.833594 0.046875 0.045312
