3 0.100054 0.093095 0.146909 0.132991
3 0.249675 0.059227 0.061776 0.065255
3 0.373067 0.074381 0.096060 0.095563
3 0.505659 0.067343 0.079995 0.081486
3 0.632647 0.068585 0.083970 0.083970
3 0.786360 0.094670 0.135147 0.136141
3 0.933834 0.064445 0.070719 0.075690
3 0.100798 0.283290 0.148396 0.150881
3 0.272768 0.262008 0.104837 0.108317
3 0.446203 0.289171 0.151707 0.162642
3 0.635130 0.271281 0.135811 0.126864
3 0.805543 0.262255 0.117262 0.108811
3 0.096494 0.477106 0.139788 0.122887
3 0.248820 0.451022 0.075690 0.070719
3 0.395548 0.478432 0.128523 0.125540
3 0.557806 0.470235 0.106162 0.109145
3 0.734471 0.497397 0.159492 0.163469
3 0.897919 0.454666 0.077014 0.078008
3 0.105435 0.705044 0.157670 0.163138
3 0.278179 0.675729 0.100034 0.104508
3 0.425728 0.676722 0.104506 0.106495
3 0.549239 0.654281 0.054653 0.061613
3 0.647169 0.650968 0.050513 0.054987
3 0.756559 0.663804 0.078670 0.080658
