8 0.064031 0.061297 0.074862 0.069394
2 0.212260 0.094256 0.133822 0.135313
8 0.353203 0.059310 0.059457 0.065422
4 0.466420 0.065852 0.076517 0.078505
4 0.572396 0.049455 0.044717 0.045712
3 0.689864 0.071647 0.101528 0.090095
2 0.845101 0.086969 0.118253 0.120738
3 0.079765 0.256470 0.106330 0.100365
3 0.213853 0.242724 0.071382 0.072874
3 0.329561 0.244795 0.071547 0.077015
3 0.448415 0.248024 0.078006 0.083474
3 0.562341 0.239826 0.062107 0.067078
3 0.684325 0.255311 0.093575 0.098049
3 0.796651 0.226658 0.043228 0.040742
3 0.899057 0.240819 0.073040 0.069063
3 0.070323 0.398305 0.087447 0.093412
3 0.243215 0.441119 0.167606 0.179039
3 0.420604 0.403026 0.097384 0.102852
3 0.649990 0.493455 0.271782 0.283711
3 0.105517 0.763364 0.157835 0.167279
3 0.295808 0.742826 0.132167 0.126202
3 0.466821 0.742992 0.121068 0.126536
4 0.618368 0.730157 0.092912 0.100865
4 0.732847 0.703657 0.046871 0.047865
4 0.832736 0.712104 0.062273 0.064758
4 0.932775 0.705396 0.049852 0.051343
4 0.050614 0.917731 0.048029 0.051012
4 0.144293 0.916239 0.051012 0.048029
4 0.242172 0.922285 0.056145 0.060121
