3 0.081005 0.085230 0.108811 0.117262
8 0.211441 0.057322 0.063433 0.061445
2 0.359995 0.103780 0.144916 0.154361
8 0.512871 0.061380 0.072543 0.069560
2 0.692413 0.131439 0.197252 0.209679
2 0.181450 0.461240 0.309701 0.359905
2 0.512625 0.409394 0.262676 0.256214
2 0.781851 0.358629 0.185502 0.154683
2 0.089289 0.738474 0.125380 0.104999
2 0.269126 0.744022 0.144428 0.116094
2 0.440134 0.735163 0.108318 0.098377
2 0.581914 0.722824 0.085629 0.073699
2 0.704148 0.717359 0.070722 0.062769
8 0.857617 0.759179 0.146409 0.146409
8 0.067840 0.916100 0.082480 0.079001
