2 0.128376 0.119677 0.203552 0.186154
2 0.345260 0.099556 0.140445 0.145913
2 0.495931 0.064361 0.073038 0.075524
8 0.605915 0.055418 0.058630 0.057636
8 0.764439 0.116284 0.169428 0.179370
8 0.915731 0.052023 0.043888 0.050847
8 0.047882 0.279629 0.042564 0.043559
8 0.156498 0.303727 0.084797 0.091756
3 0.451876 0.310434 0.103678 0.105170
8 0.626317 0.333952 0.155685 0.152205
8 0.781516 0.292630 0.066082 0.069562
8 0.887898 0.288573 0.056973 0.061446
2 0.160755 0.578938 0.268310 0.248427
2 0.421747 0.524945 0.165295 0.140441
2 0.634021 0.526353 0.171093 0.143256
4 0.790267 0.482384 0.052336 0.055318
