3 0.142203 0.142452 0.231207 0.231704
3 0.332312 0.054506 0.058299 0.055814
4 0.511481 0.050614 0.051012 0.048029
4 0.617061 0.061877 0.071549 0.070554
4 0.724156 0.055335 0.054489 0.057471
3 0.831538 0.062539 0.072377 0.071879
3 0.084982 0.357816 0.116764 0.109308
3 0.240949 0.359557 0.106824 0.112789
3 0.357732 0.323285 0.037264 0.040247
3 0.445606 0.330656 0.050513 0.054987
2 0.580504 0.364275 0.129683 0.122227
2 0.774966 0.376033 0.168607 0.145742
4 0.932809 0.330572 0.059293 0.054820
8 0.089204 0.560368 0.125208 0.133161
2 0.235584 0.533702 0.077345 0.079830
2 0.416832 0.603514 0.196090 0.219453
2 0.616302 0.553163 0.113781 0.118751
4 0.757056 0.533619 0.079664 0.079664
4 0.862265 0.513579 0.040080 0.039583
