3 0.057488 0.059227 0.061776 0.065255
3 0.164897 0.059144 0.064095 0.065089
3 0.285948 0.073305 0.087447 0.093412
3 0.406754 0.057322 0.063433 0.061445
3 0.518044 0.063533 0.070388 0.073868
3 0.632510 0.060386 0.068070 0.067573
3 0.751054 0.069413 0.080159 0.085627
3 0.869016 0.061380 0.066082 0.069562
3 0.057985 0.196230 0.062770 0.064261
3 0.171428 0.201364 0.074033 0.074530
3 0.280406 0.192835 0.054489 0.057471
3 0.389195 0.202938 0.075191 0.077677
4 0.486984 0.179171 0.030143 0.030143
3 0.577220 0.198384 0.060616 0.068569
3 0.687289 0.206997 0.071380 0.085795
3 0.881389 0.194492 0.053328 0.060785
3 0.074877 0.347781 0.096555 0.107987
3 0.203247 0.332046 0.072044 0.076518
3 0.323913 0.331797 0.079002 0.076019
3 0.436916 0.322854 0.058133 0.058133
3 0.544844 0.326663 0.067739 0.065751
3 0.656516 0.328568 0.066082 0.069562
3 0.763147 0.324262 0.057470 0.060949
3 0.874646 0.336932 0.077343 0.086291
3 0.064195 0.485750 0.075191 0.077677
3 0.179870 0.482853 0.065916 0.071881
3 0.315815 0.513825 0.115931 0.133826
3 0.463337 0.501404 0.089100 0.108983
3 0.657089 0.551833 0.207854 0.209842
3 0.869884 0.518959 0.127193 0.144094
3 0.074961 0.751203 0.096722 0.099208
3 0.212771 0.745406 0.091092 0.087613
3 0.346968 0.747146 0.087613 0.091092
3 0.475476 0.739609 0.079002 0.076019
3 0.635679 0.783583 0.152535 0.163967
3 0.830403 0.771739 0.148233 0.140279
3 0.053347 0.938645 0.053495 0.058465
3 0.153690 0.937816 0.057305 0.056808
