3 0.063532 0.068254 0.073865 0.083309
3 0.180130 0.062871 0.069560 0.072543
3 0.295434 0.064859 0.072044 0.076518
3 0.404009 0.056246 0.054820 0.059293
3 0.525623 0.076617 0.098047 0.100036
3 0.656964 0.060551 0.076353 0.067903
3 0.780754 0.066762 0.083308 0.080326
2 0.086637 0.232447 0.120075 0.121069
3 0.236209 0.212488 0.091094 0.081152
3 0.353927 0.199488 0.054655 0.055152
3 0.480839 0.232862 0.108479 0.121900
3 0.620137 0.210087 0.080824 0.076350
3 0.760125 0.226318 0.110801 0.108813
3 0.893696 0.205450 0.068567 0.067076
3 0.057074 0.371065 0.060948 0.063930
3 0.185351 0.392098 0.105004 0.105998
3 0.318624 0.374377 0.071549 0.070554
3 0.513251 0.450396 0.229552 0.222593
3 0.717541 0.384977 0.091257 0.091754
3 0.862175 0.385969 0.108651 0.093738
3 0.107173 0.692577 0.161147 0.172580
3 0.276243 0.647940 0.086786 0.083307
3 0.413041 0.654234 0.097882 0.095894
3 0.557297 0.664007 0.102020 0.115441
3 0.716843 0.670714 0.127362 0.128854
3 0.853275 0.637259 0.056476 0.061943
3 0.063863 0.866951 0.074527 0.086954
3 0.172843 0.848731 0.054987 0.050513
3 0.286671 0.871506 0.082642 0.096063
