2 0.135817 0.180057 0.218435 0.306915
3 0.454558 0.092270 0.118416 0.131340
2 0.668477 0.170034 0.221256 0.286870
8 0.850637 0.053264 0.054324 0.053330
8 0.942946 0.048627 0.042067 0.044056
8 0.049538 0.402592 0.045876 0.048859
8 0.153412 0.417332 0.072375 0.078340
8 0.267950 0.412446 0.067076 0.068567
8 0.377646 0.410458 0.064592 0.064592
8 0.481141 0.405573 0.052833 0.054821
3 0.583150 0.411204 0.063101 0.066083
3 0.696014 0.417995 0.073203 0.079665
3 0.810055 0.413605 0.066910 0.070887
3 0.926706 0.420810 0.078337 0.085296
3 0.048544 0.530043 0.043889 0.044387
3 0.147378 0.541802 0.063432 0.067906
3 0.248732 0.532113 0.050515 0.048527
3 0.352988 0.542547 0.068401 0.069395
3 0.457455 0.535509 0.052336 0.055318
3 0.551101 0.529049 0.045878 0.042398
3 0.638993 0.528552 0.040411 0.041405
3 0.748708 0.554886 0.091091 0.094073
3 0.867752 0.536254 0.057305 0.056808
3 0.068999 0.689560 0.084798 0.085295
3 0.187010 0.678629 0.061445 0.063433
3 0.291273 0.674156 0.057471 0.054489
4 0.401198 0.686248 0.074197 0.078671
4 0.530631 0.694942 0.095563 0.096060
8 0.721604 0.752249 0.196258 0.210673
8 0.901116 0.684177 0.074033 0.074530
4 0.063036 0.937291 0.072874 0.071382
