3 0.054688 0.144531 0.065625 0.245312
3 0.143750 0.050781 0.043750 0.057813
3 0.223438 0.064062 0.046875 0.084375
4 0.296094 0.062500 0.029687 0.081250
3 0.446875 0.043750 0.034375 0.043750
3 0.524219 0.049219 0.051562 0.054688
4 0.600000 0.039062 0.031250 0.034375
4 0.665625 0.046094 0.031250 0.048438
2 0.753906 0.053125 0.076563 0.062500
2 0.858594 0.052344 0.064062 0.060937
4 0.932813 0.032031 0.015625 0.020313
2 0.095312 0.357812 0.146875 0.112500
8 0.267969 0.353906 0.129688 0.104688
8 0.402344 0.332813 0.070312 0.062500
4 0.500781 0.339844 0.057813 0.076563
4 0.584375 0.328906 0.040625 0.054688
4 0.664844 0.327344 0.051562 0.051562
4 0.735156 0.317969 0.020313 0.032813
4 0.789844 0.323437 0.020313 0.043750
4 0.853906 0.322656 0.039062 0.042188
4 0.921875 0.317969 0.028125 0.032813
4 0.045312 0.478125 0.046875 0.059375
8 0.128125 0.480469 0.050000 0.064062
3 0.210938 0.469531 0.046875 0.042188
3 0.289062 0.465625 0.040625 0.034375
3 0.396094 0.486719 0.104688 0.076563
3 0.535937 0.507812 0.106250 0.118750
3 0.670312 0.555469 0.093750 0.214062
3 0.786719 0.504687 0.070312 0.112500
3 0.892188 0.487500 0.071875 0.078125
3 0.046094 0.725000 0.048438 0.056250
3 0.149219 0.737500 0.089063 0.081250
3 0.368750 0.744531 0.078125 0.095312
3 0.500781 0.750781 0.117188 0.107813
3 0.611719 0.729688 0.035937 0.065625
3 0.696875 0.729688 0.065625 0.065625
3 0.782031 0.719531 0.035937 0.045312
3 0.854688 0.729688 0.040625 0.065625
3 0.064062 0.868750 0.084375 0.059375
3 0.171875 0.879687 0.062500 0.081250
3 0.263281 0.871875 0.051562 0.065625
3 0.350000 0.877344 0.053125 0.076563
3 0.438281 0.865625 0.054688 0.053125
