3 0.092931 0.092682 0.132663 0.132166
3 0.275122 0.110738 0.143919 0.168276
3 0.433216 0.066348 0.081983 0.079498
3 0.557211 0.066763 0.076847 0.080327
3 0.677182 0.061131 0.073040 0.069063
3 0.791222 0.059972 0.066745 0.066745
4 0.897853 0.058896 0.058132 0.064594
4 0.051443 0.262700 0.049687 0.047201
4 0.149664 0.271148 0.058629 0.064097
3 0.420882 0.322408 0.154191 0.166617
4 0.573693 0.270071 0.062936 0.061942
3 0.693429 0.287214 0.086783 0.096228
3 0.851925 0.309488 0.141275 0.140778
3 0.083821 0.511235 0.114442 0.122396
4 0.225143 0.495916 0.078336 0.091757
8 0.363567 0.518607 0.108310 0.137140
3 0.546755 0.536989 0.168435 0.173903
3 0.765797 0.542288 0.181520 0.184503
3 0.103281 0.762371 0.153363 0.165292
3 0.257830 0.711524 0.065586 0.063598
8 0.390795 0.735788 0.109641 0.112126
8 0.549291 0.743821 0.117257 0.128193
3 0.719162 0.747216 0.131999 0.134982
3 0.876927 0.726181 0.094404 0.092913
