4 0.072145 0.073636 0.091091 0.094073
4 0.202369 0.066431 0.079664 0.079664
4 0.330847 0.069413 0.086620 0.085626
4 0.451994 0.059061 0.066414 0.064923
3 0.622389 0.121252 0.185329 0.189306
3 0.817297 0.084981 0.115769 0.116763
3 0.075542 0.305691 0.097884 0.089434
3 0.203071 0.294513 0.068567 0.067076
3 0.314163 0.294844 0.065751 0.067739
3 0.416819 0.284824 0.049190 0.047699
3 0.547752 0.319769 0.123555 0.117590
3 0.749048 0.345356 0.188647 0.168764
3 0.105850 0.550808 0.158501 0.151542
3 0.269556 0.518099 0.079662 0.086124
3 0.406895 0.526214 0.104342 0.102353
3 0.538274 0.509900 0.070223 0.069726
3 0.659623 0.520915 0.084797 0.091756
3 0.776807 0.505429 0.059789 0.060783
3 0.882322 0.506754 0.061445 0.063433
3 0.066762 0.713566 0.080326 0.083308
3 0.197641 0.721682 0.092084 0.099540
3 0.353204 0.744041 0.131335 0.144259
3 0.504427 0.717707 0.080655 0.091591
3 0.679527 0.772032 0.180854 0.200240
3 0.871322 0.729880 0.114444 0.115935
