4 0.078523 0.074795 0.103846 0.096390
4 0.247328 0.109330 0.144583 0.165460
3 0.407243 0.071732 0.086288 0.090264
3 0.628921 0.168621 0.267143 0.284044
3 0.185431 0.508089 0.317664 0.306728
3 0.488473 0.449128 0.198747 0.188806
4 0.661089 0.379236 0.056478 0.049022
3 0.791551 0.413852 0.114278 0.118254
8 0.920368 0.386276 0.053162 0.063104
3 0.087216 0.771626 0.121233 0.130677
3 0.237108 0.752910 0.089766 0.093245
4 0.363450 0.742641 0.073702 0.072707
3 0.669954 0.825780 0.264834 0.238986
3 0.906203 0.770798 0.118582 0.129021
