3 0.117188 0.107813 0.190625 0.171875
3 0.300781 0.072656 0.107813 0.101562
3 0.424219 0.082812 0.070312 0.121875
3 0.626563 0.100781 0.265625 0.157812
3 0.820312 0.053906 0.053125 0.064062
3 0.900781 0.060156 0.039062 0.076563
3 0.096875 0.346875 0.150000 0.237500
3 0.240625 0.258594 0.068750 0.060937
3 0.357031 0.324219 0.095312 0.192188
3 0.489063 0.299219 0.100000 0.142187
3 0.614844 0.338281 0.082812 0.220312
3 0.792969 0.325000 0.204687 0.193750
3 0.948438 0.249219 0.037500 0.042188
3 0.042969 0.519531 0.042188 0.039062
3 0.121875 0.591406 0.046875 0.182812
3 0.211719 0.538281 0.064062 0.076563
3 0.333594 0.562500 0.110937 0.125000
3 0.450000 0.540625 0.053125 0.081250
3 0.538281 0.538281 0.054688 0.076563
3 0.641406 0.536719 0.082812 0.073438
3 0.750781 0.561719 0.067187 0.123438
3 0.839063 0.538281 0.040625 0.076563
3 0.921875 0.540625 0.056250 0.081250
3 0.050000 0.757812 0.056250 0.081250
3 0.146875 0.803906 0.068750 0.173437
3 0.236719 0.800000 0.042188 0.165625
3 0.325781 0.777344 0.067187 0.120313
3 0.423438 0.746094 0.059375 0.057813
3 0.504687 0.734375 0.034375 0.034375
3 0.583594 0.750781 0.054688 0.067187
3 0.694531 0.754687 0.098437 0.075000
3 0.800000 0.740625 0.043750 0.046875
3 0.885938 0.750000 0.059375 0.065625
