3 0.053906 0.073438 0.064062 0.103125
3 0.194531 0.104688 0.148438 0.165625
3 0.335156 0.075000 0.064062 0.106250
3 0.478906 0.098437 0.154688 0.153125
3 0.660156 0.101562 0.139063 0.159375
3 0.807031 0.057031 0.085938 0.070312
3 0.903906 0.051562 0.039062 0.059375
3 0.037500 0.244531 0.031250 0.045312
4 0.123438 0.255469 0.071875 0.067187
3 0.256250 0.260156 0.125000 0.076563
3 0.414844 0.307812 0.123438 0.171875
3 0.567969 0.257031 0.114062 0.070312
3 0.687500 0.250000 0.056250 0.056250
3 0.786719 0.271094 0.073438 0.098437
3 0.899219 0.257812 0.082812 0.071875
3 0.044531 0.460156 0.045312 0.064062
3 0.123438 0.448437 0.043750 0.040625
2 0.235156 0.471094 0.110937 0.085938
2 0.360938 0.462500 0.071875 0.068750
2 0.448437 0.446875 0.034375 0.037500
2 0.557031 0.478125 0.114062 0.100000
2 0.686719 0.462500 0.076563 0.068750
2 0.826562 0.485938 0.134375 0.115625
3 0.051562 0.614062 0.059375 0.071875
4 0.170313 0.631250 0.109375 0.106250
2 0.299219 0.614062 0.079687 0.071875
2 0.417187 0.614844 0.087500 0.073438
8 0.524219 0.619531 0.057813 0.082812
8 0.617188 0.611719 0.059375 0.067187
8 0.707031 0.603906 0.051562 0.051562
8 0.804688 0.619531 0.075000 0.082812
8 0.914062 0.628125 0.075000 0.100000
8 0.048438 0.739062 0.053125 0.040625
8 0.137500 0.767188 0.056250 0.096875
8 0.223438 0.746094 0.046875 0.054688
8 0.296875 0.739062 0.031250 0.040625
8 0.375000 0.749219 0.056250 0.060937
8 0.475000 0.768750 0.075000 0.100000
4 0.581250 0.746094 0.068750 0.054688
4 0.684375 0.752344 0.068750 0.067187
8 0.777344 0.742188 0.048438 0.046875
8 0.859375 0.743750 0.046875 0.050000
8 0.066406 0.911719 0.089063 0.117188
8 0.169531 0.870313 0.048438 0.034375
8 0.244531 0.869531 0.032813 0.032813
4 0.328125 0.876563 0.065625 0.046875
4 0.421094 0.878906 0.051562 0.051562
2 0.550781 0.887500 0.139063 0.068750
8 0.682031 0.879687 0.054688 0.053125
4 0.759375 0.873437 0.031250 0.040625
2 0.841406 0.902344 0.064062 0.098437
4 0.933594 0.870313 0.051562 0.034375
