3 0.091523 0.093014 0.129846 0.132829
3 0.230086 0.057323 0.056973 0.061446
3 0.382743 0.107423 0.159161 0.161647
4 0.550755 0.079020 0.088935 0.104842
4 0.692264 0.080012 0.106329 0.106826
8 0.150650 0.356403 0.248101 0.247106
8 0.392240 0.305806 0.146906 0.145912
8 0.604964 0.328330 0.187979 0.190962
3 0.167625 0.672524 0.282050 0.294974
3 0.439697 0.621514 0.173070 0.192953
3 0.609188 0.562633 0.077677 0.075191
4 0.725183 0.557747 0.065917 0.065420
3 0.847714 0.569838 0.089104 0.089601
8 0.058399 0.896893 0.063598 0.065586
