2 0.208594 0.203906 0.373437 0.364063
4 0.482031 0.068750 0.104688 0.093750
2 0.612500 0.067969 0.087500 0.092188
3 0.720313 0.041406 0.059375 0.039062
3 0.826562 0.061719 0.084375 0.079687
3 0.063281 0.450781 0.082812 0.060937
3 0.212500 0.466406 0.146875 0.092188
3 0.361719 0.453906 0.082812 0.067187
2 0.478125 0.455469 0.081250 0.070312
8 0.589844 0.457031 0.073438 0.073438
4 0.708594 0.457031 0.095312 0.073438
4 0.879687 0.511719 0.178125 0.182812
4 0.101562 0.710938 0.159375 0.146875
4 0.247656 0.689063 0.064062 0.103125
4 0.333594 0.666406 0.039062 0.057813
4 0.405469 0.660937 0.035937 0.046875
4 0.498437 0.671875 0.081250 0.068750
4 0.594531 0.659375 0.042188 0.043750
4 0.692187 0.684375 0.084375 0.093750
8 0.811719 0.678906 0.085938 0.082812
8 0.920312 0.673438 0.062500 0.071875
8 0.067969 0.896094 0.092188 0.154688
8 0.175000 0.846875 0.053125 0.056250
8 0.267188 0.839844 0.062500 0.042188
4 0.362500 0.854688 0.059375 0.071875
