3 0.083594 0.072656 0.123438 0.101562
3 0.204687 0.057031 0.050000 0.070312
3 0.303125 0.057813 0.078125 0.071875
3 0.402344 0.046875 0.051562 0.050000
3 0.489063 0.059375 0.053125 0.075000
3 0.571094 0.044531 0.042188 0.045312
3 0.647656 0.046094 0.042188 0.048438
3 0.730469 0.053906 0.054688 0.064062
3 0.821094 0.062500 0.057813 0.081250
3 0.924219 0.082031 0.079687 0.120313
3 0.044531 0.216406 0.045312 0.079687
3 0.155469 0.260937 0.107813 0.168750
3 0.284375 0.219531 0.081250 0.085938
3 0.389062 0.221094 0.059375 0.089063
3 0.519531 0.271094 0.132812 0.189062
3 0.666406 0.228906 0.092188 0.104688
3 0.778125 0.206250 0.062500 0.059375
3 0.872656 0.197656 0.057813 0.042188
3 0.056250 0.422656 0.068750 0.045312
3 0.164062 0.436719 0.078125 0.073438
3 0.289062 0.446094 0.103125 0.092188
3 0.452344 0.441406 0.154688 0.082812
3 0.579688 0.425781 0.031250 0.051562
3 0.650781 0.431250 0.042188 0.062500
3 0.735156 0.445312 0.057813 0.090625
3 0.824219 0.441406 0.051562 0.082812
3 0.924219 0.460156 0.079687 0.120313
4 0.042188 0.578906 0.040625 0.048438
2 0.146094 0.586719 0.098437 0.064062
8 0.292187 0.612500 0.125000 0.115625
8 0.444531 0.600781 0.110937 0.092188
8 0.584375 0.609375 0.100000 0.109375
8 0.692969 0.578906 0.048438 0.048438
8 0.785156 0.585156 0.067187 0.060937
8 0.896875 0.591406 0.087500 0.073438
8 0.086719 0.765625 0.129688 0.121875
8 0.210938 0.731250 0.050000 0.053125
8 0.310937 0.740625 0.081250 0.071875
8 0.448437 0.755469 0.125000 0.101562
8 0.567969 0.729688 0.045312 0.050000
8 0.658594 0.735938 0.067187 0.062500
4 0.756250 0.731250 0.059375 0.053125
8 0.839844 0.724219 0.039062 0.039062
4 0.924219 0.725781 0.060937 0.042188
8 0.046094 0.889844 0.048438 0.057813
3 0.132812 0.900000 0.056250 0.078125
3 0.233594 0.895312 0.076563 0.068750
3 0.386719 0.907813 0.160938 0.093750
