3 0.118769 0.112059 0.184339 0.170918
3 0.311439 0.081254 0.110304 0.109310
3 0.476561 0.090198 0.131173 0.127196
3 0.644108 0.081502 0.116267 0.109805
3 0.781858 0.063782 0.069891 0.074365
3 0.899067 0.064941 0.076186 0.076683
3 0.119097 0.342427 0.184995 0.200405
3 0.334542 0.325450 0.156510 0.166451
3 0.543226 0.332323 0.170753 0.180198
3 0.733098 0.302097 0.119247 0.119744
3 0.875878 0.283548 0.076681 0.082646
3 0.088292 0.553952 0.123386 0.132830
3 0.239819 0.530267 0.088939 0.085460
3 0.374369 0.538218 0.092415 0.101362
3 0.493238 0.514865 0.055152 0.054655
3 0.616591 0.536726 0.101858 0.098378
3 0.768187 0.538465 0.111299 0.101855
3 0.901001 0.517763 0.064427 0.060451
3 0.063533 0.704087 0.073866 0.076849
3 0.195948 0.713029 0.101196 0.094734
