3 0.079018 0.080758 0.104837 0.108317
3 0.228687 0.078936 0.104176 0.104673
8 0.379112 0.083408 0.108149 0.113617
2 0.540189 0.081916 0.124053 0.110632
8 0.703224 0.081171 0.112623 0.109144
8 0.850850 0.075210 0.092250 0.097221
8 0.069413 0.227722 0.085626 0.086620
8 0.186761 0.216377 0.060948 0.063930
8 0.288209 0.209338 0.051343 0.049852
8 0.374246 0.200312 0.032793 0.031799
2 0.454110 0.201802 0.036271 0.034780
2 0.564097 0.225816 0.093744 0.082808
8 0.756984 0.289334 0.201393 0.209844
4 0.930915 0.213230 0.058630 0.057636
4 0.067673 0.480919 0.082148 0.083639
4 0.203594 0.488786 0.100864 0.099372
4 0.341702 0.483072 0.086454 0.087945
4 0.470715 0.485309 0.081980 0.092419
4 0.608540 0.492347 0.104506 0.106495
3 0.745632 0.483238 0.081815 0.088277
3 0.895962 0.502532 0.129351 0.126865
3 0.108501 0.685171 0.163803 0.148393
3 0.282193 0.662235 0.095562 0.102521
3 0.423148 0.667288 0.096222 0.112626
3 0.560296 0.657846 0.089269 0.093742
3 0.704029 0.668943 0.107983 0.115936
3 0.857650 0.671676 0.108976 0.121403
