3 0.128906 0.100781 0.214062 0.157812
3 0.308594 0.068750 0.076563 0.093750
3 0.423438 0.075000 0.084375 0.106250
3 0.570312 0.081250 0.140625 0.118750
3 0.707812 0.053906 0.065625 0.064062
3 0.805469 0.072656 0.060937 0.101562
2 0.908594 0.059375 0.076563 0.075000
2 0.064844 0.264062 0.085938 0.100000
2 0.178125 0.251563 0.071875 0.075000
2 0.273438 0.246875 0.050000 0.065625
8 0.375781 0.246875 0.085938 0.065625
8 0.484375 0.235937 0.062500 0.043750
8 0.607812 0.258594 0.115625 0.089063
8 0.728125 0.255469 0.056250 0.082812
8 0.817969 0.250781 0.054688 0.073438
8 0.916406 0.246094 0.073438 0.064062
3 0.045312 0.378125 0.046875 0.059375
3 0.122656 0.375781 0.039062 0.054688
3 0.257031 0.459375 0.160938 0.221875
3 0.391406 0.372656 0.039062 0.048438
3 0.478906 0.394531 0.067187 0.092188
3 0.593750 0.375781 0.093750 0.054688
3 0.717187 0.394531 0.084375 0.092188
3 0.828906 0.404687 0.070312 0.112500
3 0.931250 0.394531 0.065625 0.092188
3 0.083594 0.653906 0.123438 0.098437
3 0.223438 0.666406 0.087500 0.123438
3 0.461719 0.682813 0.320312 0.156250
3 0.712500 0.650781 0.112500 0.092188
3 0.833594 0.645312 0.060937 0.081250
3 0.919531 0.638281 0.042188 0.067187
3 0.048438 0.832031 0.053125 0.073438
3 0.135156 0.846094 0.051562 0.101562
8 0.312500 0.813281 0.040625 0.035937
3 0.407813 0.871094 0.081250 0.151562
3 0.512500 0.823438 0.059375 0.056250
3 0.592187 0.812500 0.031250 0.034375
3 0.689844 0.846875 0.095312 0.103125
3 0.804688 0.824219 0.065625 0.057813
3 0.921094 0.841406 0.098437 0.092188
