3 0.075623 0.076617 0.098047 0.100036
3 0.217977 0.074298 0.098380 0.095397
3 0.368848 0.084402 0.112622 0.115604
3 0.494116 0.052354 0.047532 0.051509
3 0.597316 0.069332 0.069557 0.085464
3 0.720902 0.074879 0.088606 0.096559
3 0.877980 0.093676 0.137135 0.134152
3 0.064774 0.248367 0.076349 0.087285
3 0.170927 0.230231 0.048029 0.051012
3 0.276695 0.243563 0.075191 0.077677
3 0.390632 0.235944 0.062439 0.062439
3 0.538523 0.281988 0.142597 0.154527
3 0.701348 0.246377 0.093247 0.083305
3 0.826012 0.235529 0.067575 0.061610
3 0.073222 0.448045 0.093245 0.089766
3 0.210059 0.450861 0.091919 0.095398
3 0.362891 0.463033 0.125708 0.119743
3 0.551752 0.487547 0.162804 0.168769
3 0.744658 0.473386 0.132992 0.140448
3 0.123738 0.707404 0.194276 0.180358
3 0.359071 0.717592 0.186818 0.200736
2 0.570117 0.690429 0.146409 0.146409
2 0.782523 0.702020 0.189972 0.169592
8 0.060386 0.896572 0.067573 0.068070
