2 0.075781 0.058594 0.107813 0.073438
2 0.253125 0.086719 0.178125 0.129688
2 0.653906 0.127344 0.554688 0.210938
2 0.117188 0.335156 0.190625 0.135937
2 0.302344 0.314063 0.110937 0.093750
2 0.452344 0.310937 0.120313 0.087500
3 0.582812 0.302344 0.071875 0.070312
3 0.685937 0.296875 0.065625 0.059375
3 0.794531 0.316406 0.082812 0.098437
8 0.890625 0.305469 0.040625 0.076563
2 0.053906 0.470313 0.064062 0.065625
2 0.155469 0.466406 0.070312 0.057813
2 0.282813 0.490625 0.115625 0.106250
3 0.393750 0.471094 0.037500 0.067187
3 0.478125 0.488281 0.062500 0.101562
3 0.589063 0.492969 0.090625 0.110937
3 0.784375 0.535156 0.231250 0.195312
3 0.093750 0.750000 0.143750 0.165625
3 0.234375 0.739844 0.068750 0.145313
3 0.352344 0.707812 0.098437 0.081250
3 0.477344 0.711719 0.082812 0.089063
3 0.620313 0.723437 0.134375 0.112500
3 0.756250 0.699219 0.068750 0.064062
3 0.865625 0.728906 0.081250 0.123438
3 0.059375 0.905469 0.075000 0.076563
4 0.153125 0.891406 0.043750 0.048438
3 0.270313 0.918750 0.121875 0.103125
3 0.395313 0.891406 0.059375 0.048438
