3 0.109375 0.098437 0.175000 0.153125
3 0.264062 0.055469 0.065625 0.067187
3 0.379688 0.046875 0.096875 0.050000
3 0.514062 0.091406 0.103125 0.139063
3 0.633594 0.050000 0.067187 0.056250
3 0.738281 0.055469 0.073438 0.067187
3 0.838281 0.071875 0.057813 0.100000
3 0.067187 0.257031 0.090625 0.095312
3 0.164062 0.235156 0.034375 0.051562
3 0.235156 0.248438 0.039062 0.078125
3 0.311719 0.225000 0.045312 0.031250
3 0.390625 0.252344 0.043750 0.085938
3 0.544531 0.285938 0.195312 0.153125
3 0.729688 0.257031 0.106250 0.095312
3 0.882812 0.270313 0.131250 0.121875
4 0.048438 0.417969 0.053125 0.042188
8 0.130469 0.417187 0.042188 0.040625
8 0.209375 0.439063 0.046875 0.084375
4 0.304688 0.446875 0.075000 0.100000
4 0.397656 0.422656 0.042188 0.051562
4 0.521875 0.445312 0.137500 0.096875
4 0.667188 0.449219 0.084375 0.104688
4 0.775000 0.436719 0.062500 0.079687
4 0.872656 0.438281 0.064062 0.082812
4 0.057031 0.567969 0.070312 0.064062
3 0.151562 0.567187 0.050000 0.062500
3 0.227344 0.554688 0.032813 0.037500
3 0.556250 0.686719 0.556250 0.301563
3 0.907813 0.569531 0.078125 0.067187
3 0.068750 0.917969 0.093750 0.092188
