8 0.159841 0.163569 0.266483 0.273939
8 0.383993 0.077032 0.092912 0.100865
8 0.562815 0.118603 0.175557 0.184007
4 0.786359 0.115372 0.182019 0.177545
4 0.072974 0.390481 0.092748 0.090263
4 0.206663 0.392138 0.085127 0.093578
4 0.344384 0.395947 0.101194 0.101194
4 0.478352 0.383608 0.078505 0.076517
4 0.598559 0.386839 0.072043 0.082979
8 0.747546 0.413171 0.135644 0.135644
8 0.089370 0.589298 0.125540 0.128523
4 0.214799 0.545906 0.035773 0.041738
8 0.327280 0.574475 0.101361 0.098875
8 0.471019 0.573895 0.098213 0.097716
4 0.588694 0.552117 0.049188 0.054159
8 0.695446 0.560645 0.075193 0.071216
4 0.807063 0.553193 0.057802 0.056311
2 0.084402 0.754785 0.115604 0.112622
2 0.291546 0.808697 0.208017 0.220444
2 0.552789 0.804885 0.224253 0.212821
2 0.806221 0.777141 0.193619 0.157332
