3 0.060156 0.093750 0.076563 0.143750
3 0.157031 0.055469 0.048438 0.067187
3 0.235156 0.046875 0.039062 0.050000
3 0.320312 0.059375 0.062500 0.075000
3 0.421875 0.051562 0.071875 0.059375
3 0.546875 0.089844 0.109375 0.135937
3 0.665625 0.041406 0.059375 0.039062
3 0.750781 0.050000 0.042188 0.056250
3 0.823438 0.046094 0.034375 0.048438
3 0.894531 0.046094 0.039062 0.048438
3 0.057813 0.231250 0.071875 0.062500
3 0.163281 0.229687 0.070312 0.059375
3 0.263281 0.239844 0.060937 0.079687
3 0.349219 0.229687 0.042188 0.059375
3 0.425781 0.225000 0.042188 0.050000
3 0.503125 0.233594 0.043750 0.067187
3 0.589063 0.228906 0.059375 0.057813
3 0.710938 0.232031 0.115625 0.064062
3 0.824219 0.249219 0.042188 0.098437
3 0.916406 0.232813 0.073438 0.065625
3 0.052344 0.374219 0.060937 0.082812
3 0.137500 0.368750 0.040625 0.071875
3 0.203906 0.375000 0.023438 0.084375
3 0.262500 0.357031 0.025000 0.048438
3 0.334375 0.357031 0.050000 0.048438
3 0.410938 0.355469 0.034375 0.045312
3 0.509375 0.365625 0.093750 0.065625
3 0.606250 0.357031 0.031250 0.048438
3 0.664844 0.346094 0.017188 0.026562
3 0.721875 0.358594 0.028125 0.051562
3 0.802344 0.384375 0.064062 0.103125
3 0.882031 0.352344 0.026562 0.039062
3 0.939844 0.353906 0.020313 0.042188
3 0.033594 0.482031 0.023438 0.023438
3 0.102344 0.487500 0.045312 0.034375
3 0.185938 0.491406 0.053125 0.042188
3 0.263281 0.490625 0.032813 0.040625
3 0.328906 0.496094 0.029687 0.051562
3 0.390625 0.492969 0.025000 0.045312
3 0.464062 0.514844 0.053125 0.089063
3 0.543750 0.485156 0.037500 0.029687
3 0.607812 0.487500 0.021875 0.034375
3 0.677344 0.500781 0.048438 0.060937
8 0.784375 0.523438 0.096875 0.106250
3 0.910156 0.503125 0.085938 0.065625
3 0.039844 0.639844 0.035937 0.057813
3 0.116406 0.633594 0.048438 0.045312
3 0.197656 0.633594 0.045312 0.045312
8 0.308594 0.655469 0.107813 0.089063
3 0.500000 0.645312 0.053125 0.068750
3 0.578125 0.635156 0.034375 0.048438
3 0.642969 0.625000 0.026562 0.028125
4 0.708594 0.632812 0.035937 0.043750
3 0.775781 0.634375 0.029687 0.046875
3 0.850781 0.650000 0.051562 0.078125
3 0.924219 0.624219 0.026562 0.026562
3 0.034375 0.749219 0.025000 0.029687
3 0.096875 0.744531 0.031250 0.020313
3 0.168750 0.754687 0.043750 0.040625
3 0.240625 0.749219 0.031250 0.029687
3 0.332813 0.766406 0.084375 0.064062
2 0.476562 0.792188 0.134375 0.115625
3 0.588281 0.744531 0.020313 0.020313
3 0.653906 0.760156 0.042188 0.051562
3 0.737500 0.757812 0.056250 0.046875
3 0.823438 0.760156 0.046875 0.051562
4 0.917969 0.760156 0.073438 0.051562
4 0.052344 0.918750 0.060937 0.068750
4 0.140625 0.913281 0.046875 0.057813
