2 0.075539 0.081007 0.097880 0.108815
2 0.207045 0.065852 0.076517 0.078505
4 0.371733 0.112392 0.162141 0.171585
8 0.524240 0.054176 0.054655 0.055152
8 0.620761 0.051194 0.047699 0.049190
4 0.708146 0.047385 0.038092 0.041572
8 0.811909 0.067343 0.079995 0.081486
4 0.920513 0.051443 0.047201 0.049687
3 0.078190 0.298288 0.103180 0.112127
3 0.219507 0.284954 0.088939 0.085460
3 0.369461 0.300108 0.123224 0.115768
3 0.498141 0.264335 0.046209 0.044220
3 0.656673 0.321306 0.182023 0.158163
3 0.815826 0.263838 0.047203 0.043226
3 0.908178 0.267979 0.047532 0.051509
2 0.077776 0.497520 0.102353 0.104342
