8 0.079687 0.066406 0.115625 0.089063
4 0.192969 0.042969 0.042188 0.042188
4 0.278906 0.073438 0.060937 0.103125
8 0.367188 0.048438 0.046875 0.053125
8 0.515625 0.104688 0.181250 0.165625
8 0.665625 0.048438 0.050000 0.053125
8 0.746875 0.047656 0.043750 0.051562
8 0.845313 0.054688 0.084375 0.065625
8 0.056250 0.250781 0.068750 0.057813
4 0.135937 0.235937 0.021875 0.028125
3 0.229687 0.302344 0.096875 0.160938
8 0.342969 0.247656 0.060937 0.051562
8 0.439844 0.250781 0.064062 0.057813
8 0.541406 0.252344 0.070312 0.060937
3 0.653125 0.279687 0.084375 0.115625
4 0.759375 0.249219 0.059375 0.054688
8 0.849219 0.250781 0.051562 0.057813
4 0.925781 0.232031 0.032813 0.020313
3 0.065625 0.451562 0.087500 0.068750
3 0.177344 0.461719 0.067187 0.089063
8 0.267969 0.435937 0.045312 0.037500
8 0.346094 0.439844 0.042188 0.045312
8 0.423438 0.441406 0.043750 0.048438
8 0.502344 0.439063 0.045312 0.043750
8 0.590625 0.455469 0.062500 0.076563
8 0.697656 0.457031 0.082812 0.079687
8 0.801562 0.458594 0.056250 0.082812
8 0.909375 0.458594 0.090625 0.082812
8 0.047656 0.567187 0.051562 0.053125
8 0.157031 0.586719 0.098437 0.092188
8 0.273438 0.578125 0.065625 0.075000
3 0.366406 0.569531 0.051562 0.057813
3 0.467187 0.574219 0.081250 0.067187
8 0.567187 0.564063 0.050000 0.046875
4 0.682031 0.593750 0.110937 0.106250
4 0.793750 0.571094 0.043750 0.060937
4 0.870313 0.580469 0.040625 0.079687
4 0.940625 0.578906 0.031250 0.076563
4 0.032031 0.696875 0.020313 0.031250
4 0.100000 0.700000 0.046875 0.037500
4 0.190625 0.729688 0.065625 0.096875
4 0.279687 0.712500 0.043750 0.062500
3 0.366406 0.715625 0.060937 0.068750
3 0.452344 0.703906 0.042188 0.045312
3 0.518750 0.700781 0.021875 0.039062
3 0.580469 0.697656 0.032813 0.032813
8 0.651563 0.707031 0.040625 0.051562
3 0.725781 0.702344 0.039062 0.042188
3 0.790625 0.700000 0.021875 0.037500
3 0.862500 0.705469 0.053125 0.048438
3 0.060156 0.832031 0.076563 0.039062
3 0.154688 0.840625 0.043750 0.056250
3 0.232031 0.840625 0.042188 0.056250
3 0.306250 0.834375 0.037500 0.043750
3 0.370312 0.828906 0.021875 0.032813
3 0.452344 0.864062 0.073438 0.103125
3 0.538281 0.828125 0.029687 0.031250
3 0.620313 0.867969 0.065625 0.110937
3 0.713281 0.838281 0.051562 0.051562
3 0.803125 0.846875 0.059375 0.068750
3 0.889062 0.846875 0.043750 0.068750
