3 0.108594 0.135156 0.173437 0.226562
3 0.351562 0.126562 0.243750 0.209375
3 0.585938 0.084375 0.156250 0.125000
4 0.723437 0.035156 0.050000 0.026562
3 0.821875 0.067187 0.078125 0.090625
8 0.908594 0.050781 0.026562 0.057813
3 0.060156 0.335938 0.076563 0.106250
3 0.163281 0.318750 0.060937 0.071875
4 0.255469 0.308594 0.054688 0.051562
3 0.494531 0.353906 0.223438 0.142187
3 0.677344 0.335938 0.073438 0.106250
3 0.809375 0.360156 0.121875 0.154688
3 0.175000 0.593750 0.306250 0.243750
3 0.419531 0.514062 0.114062 0.084375
3 0.563281 0.516406 0.104688 0.089063
3 0.745313 0.553906 0.190625 0.164062
3 0.128125 0.830469 0.212500 0.160938
3 0.329688 0.796875 0.121875 0.093750
3 0.468750 0.790625 0.087500 0.081250
