3 0.075209 0.079185 0.097218 0.105171
4 0.210110 0.064940 0.082646 0.076681
4 0.341310 0.071069 0.091920 0.088938
4 0.462838 0.056411 0.063102 0.059623
4 0.609073 0.103035 0.139947 0.152871
4 0.763886 0.068005 0.080823 0.082811
8 0.888804 0.065934 0.080658 0.078670
8 0.065272 0.263390 0.077345 0.079830
3 0.175470 0.255689 0.053990 0.064429
3 0.349098 0.336596 0.204372 0.226243
3 0.538495 0.262146 0.086291 0.077343
3 0.664526 0.264135 0.075853 0.081321
3 0.789724 0.273245 0.085623 0.099541
3 0.897550 0.246662 0.041901 0.046375
3 0.049455 0.516146 0.045712 0.044717
3 0.149438 0.527243 0.064426 0.066911
3 0.251526 0.516228 0.049853 0.044882
3 0.348919 0.523351 0.057139 0.059127
3 0.481866 0.558712 0.119908 0.129849
3 0.666634 0.565996 0.161319 0.144418
3 0.813507 0.515566 0.042564 0.043559
3 0.916739 0.537512 0.074030 0.087451
4 0.077195 0.743138 0.101190 0.120576
2 0.273853 0.780068 0.203882 0.194437
4 0.487509 0.750257 0.134319 0.134816
3 0.675808 0.762100 0.151542 0.158501
3 0.850657 0.734606 0.107489 0.103512
