8 0.051562 0.057031 0.059375 0.070312
4 0.148438 0.057031 0.065625 0.070312
4 0.243750 0.055469 0.056250 0.067187
4 0.346094 0.079687 0.079687 0.115625
3 0.440625 0.046875 0.040625 0.050000
3 0.541406 0.051562 0.092188 0.059375
2 0.784375 0.123438 0.325000 0.203125
2 0.100781 0.310156 0.157812 0.101562
2 0.261719 0.306250 0.095312 0.093750
8 0.372656 0.286719 0.057813 0.054688
4 0.464844 0.285156 0.057813 0.051562
4 0.549219 0.283594 0.042188 0.048438
4 0.624219 0.296875 0.039062 0.075000
4 0.697656 0.287500 0.039062 0.056250
4 0.817187 0.340625 0.131250 0.162500
8 0.062500 0.487500 0.081250 0.062500
8 0.164062 0.484375 0.053125 0.056250
8 0.240625 0.474219 0.031250 0.035937
8 0.310937 0.478125 0.040625 0.043750
8 0.378906 0.467187 0.026562 0.021875
8 0.456250 0.493750 0.059375 0.075000
8 0.546875 0.483594 0.053125 0.054688
8 0.625781 0.474219 0.035937 0.035937
4 0.692969 0.483594 0.029687 0.054688
4 0.778906 0.510938 0.073438 0.109375
8 0.867969 0.472656 0.035937 0.032813
8 0.936719 0.473438 0.032813 0.034375
8 0.039062 0.617188 0.034375 0.034375
3 0.111719 0.617188 0.042188 0.034375
8 0.182812 0.619531 0.031250 0.039062
4 0.249219 0.621094 0.032813 0.042188
3 0.327344 0.624219 0.054688 0.048438
4 0.403125 0.607812 0.028125 0.015625
8 0.476562 0.632812 0.050000 0.065625
8 0.560156 0.623437 0.048438 0.046875
2 0.712500 0.653125 0.187500 0.106250
2 0.101562 0.850781 0.159375 0.220312
2 0.286719 0.812500 0.142187 0.143750
2 0.501563 0.802344 0.218750 0.123438
2 0.753125 0.831250 0.215625 0.181250
