3 0.175781 0.445312 0.307812 0.846875
4 0.403125 0.059375 0.078125 0.075000
8 0.507812 0.064844 0.062500 0.085938
4 0.596875 0.037500 0.046875 0.031250
4 0.698438 0.061719 0.087500 0.079687
4 0.792969 0.039062 0.032813 0.034375
3 0.934375 0.040625 0.034375 0.037500
3 0.032031 0.921094 0.020313 0.035937
3 0.092188 0.925781 0.031250 0.045312
3 0.154688 0.920312 0.025000 0.034375
3 0.220312 0.925781 0.037500 0.045312
2 0.307031 0.928125 0.067187 0.050000
2 0.408594 0.920312 0.067187 0.034375
2 0.526563 0.928125 0.100000 0.050000
4 0.649219 0.932031 0.076563 0.057813
