3 0.090278 0.103948 0.127357 0.154696
3 0.248327 0.074712 0.099705 0.096225
3 0.377584 0.064445 0.070719 0.075690
3 0.510765 0.080261 0.105832 0.107323
3 0.695547 0.110072 0.175395 0.166944
3 0.869898 0.072063 0.083471 0.090928
3 0.095911 0.313559 0.138622 0.152043
8 0.270361 0.298237 0.121897 0.121400
2 0.426867 0.283082 0.100534 0.091090
4 0.593377 0.312481 0.142929 0.149889
4 0.763404 0.295505 0.107983 0.115936
8 0.896655 0.273394 0.068235 0.071715
8 0.071399 0.485425 0.089598 0.102025
8 0.195009 0.471429 0.068069 0.074034
8 0.321587 0.484264 0.096225 0.099705
8 0.449791 0.470849 0.071382 0.072874
8 0.560363 0.470519 0.061277 0.072213
8 0.669596 0.467536 0.067242 0.066248
8 0.780522 0.466957 0.064095 0.065089
8 0.893293 0.467867 0.070887 0.066910
8 0.053430 0.609360 0.053661 0.056146
4 0.169340 0.629566 0.088606 0.096559
4 0.320619 0.648779 0.125539 0.134983
3 0.489524 0.645880 0.122724 0.129186
3 0.654890 0.642319 0.119081 0.122063
8 0.797256 0.619877 0.075689 0.077180
3 0.086307 0.816457 0.119415 0.110964
3 0.232315 0.807598 0.083305 0.093247
3 0.418738 0.866642 0.199902 0.211335
3 0.618931 0.817617 0.112788 0.113285
8 0.745193 0.784575 0.049687 0.047201
8 0.852275 0.798156 0.076352 0.074363
