4 0.085156 0.099219 0.126562 0.154688
4 0.203906 0.063281 0.042188 0.082812
8 0.339844 0.110937 0.160938 0.178125
4 0.482812 0.055469 0.056250 0.067187
4 0.568750 0.065625 0.046875 0.087500
4 0.667969 0.076563 0.082812 0.109375
4 0.780469 0.071875 0.073438 0.100000
4 0.879687 0.050000 0.056250 0.056250
8 0.050781 0.264062 0.057813 0.059375
8 0.149219 0.269531 0.070312 0.070312
4 0.235937 0.257031 0.034375 0.045312
4 0.305469 0.253906 0.035937 0.039062
8 0.374219 0.253906 0.032813 0.039062
4 0.434375 0.246875 0.018750 0.025000
8 0.508594 0.261719 0.060937 0.054688
8 0.590625 0.250781 0.034375 0.032813
8 0.664062 0.257812 0.043750 0.046875
4 0.753906 0.275781 0.067187 0.082812
8 0.844531 0.257812 0.045312 0.046875
8 0.925781 0.258594 0.048438 0.048438
2 0.103125 0.382812 0.162500 0.062500
8 0.236719 0.368750 0.035937 0.034375
8 0.310937 0.371875 0.043750 0.040625
4 0.426563 0.392188 0.118750 0.081250
8 0.553906 0.392969 0.067187 0.082812
8 0.707031 0.404687 0.170313 0.106250
8 0.871094 0.402344 0.089063 0.101562
3 0.049219 0.515625 0.054688 0.046875
3 0.152344 0.527344 0.082812 0.070312
3 0.252344 0.519531 0.048438 0.054688
3 0.342187 0.514062 0.062500 0.043750
3 0.564844 0.592187 0.314063 0.200000
8 0.794531 0.519531 0.076563 0.054688
4 0.905469 0.550781 0.076563 0.117188
4 0.048438 0.759375 0.053125 0.065625
8 0.140625 0.759375 0.062500 0.065625
4 0.246875 0.775781 0.081250 0.098437
8 0.357812 0.762500 0.071875 0.071875
4 0.456250 0.757031 0.056250 0.060937
8 0.539844 0.751563 0.042188 0.050000
4 0.614062 0.747656 0.037500 0.042188
8 0.720313 0.774219 0.106250 0.095312
8 0.851562 0.775781 0.087500 0.098437
