4 0.040625 0.044531 0.037500 0.045312
8 0.113281 0.047656 0.039062 0.051562
4 0.189844 0.057813 0.045312 0.071875
3 0.300781 0.175781 0.107813 0.307812
3 0.421875 0.062500 0.065625 0.081250
3 0.531250 0.060156 0.084375 0.076563
3 0.645312 0.064844 0.075000 0.085938
3 0.742188 0.044531 0.050000 0.045312
3 0.866406 0.069531 0.129688 0.095312
3 0.170313 0.496875 0.296875 0.265625
3 0.410156 0.412500 0.114062 0.096875
3 0.557813 0.425781 0.112500 0.123438
3 0.673438 0.396094 0.050000 0.064062
3 0.770312 0.415625 0.075000 0.103125
3 0.879687 0.400781 0.075000 0.073438
3 0.056250 0.703125 0.068750 0.078125
3 0.167187 0.710938 0.084375 0.093750
3 0.285938 0.724219 0.084375 0.120313
3 0.383594 0.692969 0.042188 0.057813
3 0.479687 0.702344 0.081250 0.076563
3 0.585156 0.689063 0.060937 0.050000
3 0.679688 0.713281 0.059375 0.098437
3 0.766406 0.701562 0.045312 0.075000
3 0.846094 0.696875 0.045312 0.065625
3 0.938281 0.707031 0.070312 0.085938
3 0.057031 0.872656 0.070312 0.107813
3 0.192969 0.871875 0.132812 0.106250
3 0.326562 0.871875 0.065625 0.106250
3 0.442188 0.860938 0.096875 0.084375
3 0.575781 0.866406 0.101562 0.095312
3 0.773438 0.875781 0.225000 0.114062
