2 0.095498 0.095498 0.137797 0.137797
8 0.282367 0.103283 0.145911 0.153367
8 0.432168 0.057985 0.064261 0.062770
4 0.609862 0.122079 0.200900 0.190959
4 0.811449 0.085064 0.113450 0.116929
8 0.080840 0.320257 0.108480 0.115439
8 0.232807 0.313879 0.106164 0.102684
4 0.422309 0.345428 0.185169 0.165783
8 0.600155 0.302534 0.081486 0.079995
8 0.761992 0.351230 0.152035 0.177386
8 0.085312 0.544119 0.117425 0.119413
4 0.226114 0.528137 0.074030 0.087451
8 0.336337 0.511905 0.056974 0.054986
8 0.447920 0.520186 0.077015 0.071547
4 0.585775 0.545114 0.108976 0.121403
4 0.727142 0.528882 0.085460 0.088939
4 0.857824 0.527888 0.087448 0.086951
4 0.092351 0.717777 0.131502 0.135479
8 0.240178 0.687302 0.074033 0.074530
8 0.356775 0.685149 0.069726 0.070223
8 0.466946 0.681505 0.061942 0.062936
4 0.597873 0.707425 0.111297 0.114776
8 0.734166 0.686474 0.071382 0.072874
8 0.853600 0.691277 0.079001 0.082480
8 0.072310 0.880903 0.091420 0.102356
8 0.221332 0.891502 0.117590 0.123555
4 0.357250 0.863180 0.064426 0.066911
8 0.498258 0.898293 0.127692 0.137136
8 0.631545 0.853988 0.050515 0.048527
4 0.746812 0.884630 0.090425 0.109811
2 0.888972 0.888687 0.105995 0.117925
