2 0.138397 0.124727 0.223594 0.196255
2 0.408308 0.114953 0.225918 0.176707
2 0.629758 0.088459 0.128192 0.123718
2 0.816363 0.097898 0.154527 0.142597
2 0.116120 0.347797 0.179040 0.161145
2 0.306432 0.317406 0.112791 0.100364
2 0.464079 0.319726 0.112458 0.105002
2 0.676799 0.355247 0.222273 0.176045
3 0.879141 0.310285 0.092584 0.086122
3 0.079267 0.541447 0.105334 0.107820
3 0.217426 0.526375 0.081652 0.077675
3 0.361214 0.537139 0.116104 0.099203
3 0.509398 0.528362 0.090597 0.081649
3 0.659330 0.542357 0.118587 0.109639
3 0.829200 0.552212 0.133326 0.129349
2 0.051029 0.683913 0.048859 0.045876
3 0.169125 0.708011 0.097552 0.094072
3 0.313299 0.715713 0.101524 0.109477
3 0.446511 0.697080 0.074199 0.072210
3 0.565592 0.698902 0.074861 0.075855
2 0.737177 0.744032 0.180530 0.166115
