3 0.109242 0.119432 0.165285 0.185666
3 0.269596 0.059724 0.067242 0.066248
3 0.391868 0.068253 0.086786 0.083307
3 0.504733 0.054342 0.050016 0.055484
3 0.594746 0.047799 0.039417 0.042400
3 0.690135 0.058316 0.061445 0.063433
3 0.790671 0.051111 0.050018 0.049024
3 0.887309 0.051939 0.052668 0.050680
3 0.059060 0.295955 0.064920 0.079336
4 0.160238 0.281545 0.048527 0.050515
4 0.276595 0.304152 0.093741 0.095729
8 0.403568 0.289328 0.069562 0.066082
8 0.498335 0.272021 0.030971 0.031468
8 0.582195 0.283615 0.048691 0.054656
4 0.692507 0.300426 0.081815 0.088277
4 0.806980 0.285602 0.057636 0.058630
4 0.906059 0.281627 0.052668 0.050680
4 0.051442 0.426973 0.049684 0.060123
4 0.139065 0.415876 0.037430 0.037927
4 0.339919 0.433846 0.070388 0.073868
2 0.512684 0.486513 0.184669 0.179201
2 0.702208 0.448089 0.104342 0.102353
2 0.866463 0.462415 0.135976 0.131005
3 0.075706 0.672438 0.098212 0.104177
2 0.269896 0.735625 0.202217 0.230551
2 0.466178 0.662416 0.101032 0.084132
2 0.658113 0.710529 0.194276 0.180358
4 0.854277 0.678069 0.108480 0.115439
