8 0.067922 0.068171 0.082645 0.083142
8 0.187777 0.061960 0.069229 0.070721
8 0.327179 0.088294 0.119909 0.123388
8 0.494969 0.087796 0.127364 0.122393
8 0.633802 0.056246 0.061280 0.059292
8 0.760672 0.077611 0.102520 0.102022
8 0.890405 0.059227 0.068237 0.065254
8 0.057737 0.224498 0.062274 0.058298
8 0.173426 0.237666 0.081154 0.084633
8 0.288406 0.229385 0.061113 0.068072
8 0.408485 0.242469 0.088772 0.094240
8 0.562000 0.265905 0.130176 0.141111
8 0.718451 0.244622 0.093078 0.098546
8 0.840135 0.227066 0.061445 0.063433
8 0.070820 0.427496 0.088441 0.092417
8 0.211748 0.433375 0.104673 0.104176
8 0.351976 0.424846 0.085129 0.087117
8 0.503443 0.446128 0.128687 0.129682
8 0.661808 0.437517 0.098542 0.112460
8 0.804814 0.428572 0.097054 0.094569
8 0.078936 0.608375 0.104673 0.104176
8 0.215603 0.594794 0.078008 0.077014
8 0.330108 0.588169 0.063267 0.063764
8 0.429722 0.580219 0.046871 0.047865
4 0.532758 0.589825 0.068567 0.067076
8 0.637308 0.584857 0.052667 0.057140
4 0.730870 0.582787 0.046041 0.053000
4 0.828204 0.585768 0.059458 0.058961
4 0.937197 0.590074 0.068070 0.067573
4 0.065851 0.749443 0.078502 0.089438
4 0.176951 0.731638 0.053827 0.053827
4 0.292199 0.748200 0.087448 0.086951
3 0.674928 0.749360 0.087282 0.089270
