3 0.046640 0.046391 0.040080 0.039583
3 0.143271 0.058896 0.064592 0.064592
3 0.254633 0.063368 0.068566 0.073537
3 0.433547 0.128291 0.201395 0.203383
3 0.611617 0.062043 0.066910 0.070887
3 0.743424 0.079929 0.108648 0.106660
4 0.880566 0.064692 0.076683 0.076186
3 0.078688 0.324143 0.104177 0.098212
3 0.197230 0.296982 0.044387 0.043889
3 0.295981 0.309901 0.063763 0.069728
3 0.403877 0.308741 0.063929 0.067409
3 0.515582 0.309155 0.071715 0.068235
3 0.629219 0.311143 0.067738 0.072212
3 0.723170 0.289860 0.030640 0.029646
3 0.825083 0.316773 0.084467 0.083473
3 0.942018 0.301536 0.058962 0.052997
3 0.064361 0.453744 0.075524 0.073038
3 0.172914 0.443973 0.052005 0.053496
3 0.274841 0.447533 0.062108 0.060617
2 0.419433 0.482396 0.138792 0.130342
2 0.577982 0.457138 0.090266 0.079827
4 0.759560 0.500364 0.184671 0.166280
4 0.067012 0.666337 0.080824 0.076350
8 0.241862 0.724141 0.180525 0.191957
8 0.427033 0.671388 0.100866 0.086451
8 0.572509 0.678759 0.101194 0.101194
8 0.709043 0.672466 0.083638 0.088608
8 0.825990 0.657808 0.061280 0.059292
