3 0.067921 0.071401 0.082643 0.089603
3 0.183885 0.058316 0.061445 0.063433
3 0.331124 0.107756 0.143424 0.162313
3 0.481113 0.061297 0.068401 0.069395
3 0.596345 0.065024 0.073866 0.076849
3 0.733232 0.079184 0.110139 0.105168
3 0.868706 0.063947 0.071713 0.074696
3 0.070075 0.276574 0.086951 0.087448
3 0.205466 0.276738 0.095234 0.087778
3 0.317698 0.251896 0.041572 0.038092
3 0.414813 0.269784 0.063928 0.073869
3 0.554675 0.295868 0.128026 0.126037
3 0.744521 0.305887 0.163969 0.146074
3 0.095746 0.492124 0.138294 0.137300
3 0.265807 0.476887 0.112789 0.106824
3 0.409540 0.470512 0.084630 0.094075
3 0.559435 0.481524 0.125046 0.116098
3 0.698030 0.454032 0.061611 0.061114
3 0.817199 0.463720 0.087449 0.080490
3 0.076699 0.659049 0.100199 0.108649
8 0.212986 0.646544 0.082148 0.083639
3 0.381616 0.687369 0.166284 0.165290
3 0.544440 0.643978 0.070056 0.078506
3 0.705871 0.688115 0.164793 0.166781
3 0.891976 0.665094 0.118253 0.120738
3 0.059310 0.845390 0.065422 0.059457
4 0.195682 0.871144 0.119415 0.110964
8 0.322479 0.837358 0.044884 0.043392
8 0.436467 0.863030 0.094735 0.094735
8 0.554744 0.843984 0.053164 0.056643
2 0.659890 0.846964 0.066581 0.062604
3 0.768673 0.851272 0.062272 0.071219
3 0.868382 0.839511 0.049190 0.047699
