2 0.257559 0.255322 0.461918 0.457444
4 0.556202 0.051692 0.046704 0.050184
8 0.675479 0.080096 0.104009 0.106992
2 0.844288 0.101709 0.144752 0.150219
2 0.089454 0.584803 0.125709 0.113282
2 0.258027 0.586543 0.122230 0.116762
2 0.423226 0.588531 0.118253 0.120738
2 0.625145 0.621240 0.197091 0.186156
4 0.802905 0.564019 0.068235 0.071715
4 0.923355 0.568987 0.084136 0.081651
4 0.054258 0.788810 0.055317 0.058796
4 0.158978 0.793779 0.064757 0.068734
8 0.308600 0.827813 0.145251 0.136801
4 0.455666 0.788479 0.058133 0.058133
4 0.582888 0.819286 0.106326 0.119747
8 0.715239 0.794358 0.067904 0.069893
