2 0.069531 0.071875 0.095312 0.100000
2 0.203906 0.067187 0.104688 0.090625
2 0.412500 0.135937 0.243750 0.228125
2 0.707031 0.130469 0.276562 0.217188
2 0.148438 0.407813 0.253125 0.246875
2 0.426563 0.485156 0.234375 0.401562
2 0.657813 0.334375 0.159375 0.100000
2 0.837500 0.337500 0.131250 0.106250
2 0.058594 0.750781 0.073438 0.060937
8 0.178906 0.766406 0.098437 0.092188
2 0.295312 0.760938 0.065625 0.081250
4 0.382031 0.740625 0.039062 0.040625
4 0.454688 0.739062 0.037500 0.037500
4 0.527344 0.737500 0.039062 0.034375
3 0.607031 0.768750 0.051562 0.096875
3 0.698438 0.751563 0.062500 0.062500
3 0.825781 0.789062 0.123438 0.137500
8 0.063281 0.922656 0.082812 0.060937
