2 0.148830 0.140131 0.244460 0.227063
4 0.365100 0.077280 0.098875 0.101361
4 0.503466 0.075128 0.088108 0.097056
2 0.695991 0.107998 0.207533 0.162796
2 0.901425 0.075539 0.115276 0.097878
2 0.112975 0.364967 0.172751 0.132985
2 0.332480 0.374492 0.177386 0.152035
2 0.503839 0.332426 0.076353 0.067903
2 0.636159 0.341949 0.100369 0.086948
4 0.774347 0.347997 0.086120 0.099044
4 0.902784 0.335739 0.080493 0.074528
3 0.045315 0.514313 0.037430 0.037927
3 0.141460 0.527894 0.064095 0.065089
4 0.233776 0.511581 0.029977 0.032462
2 0.334945 0.532779 0.082315 0.074859
3 0.454881 0.531869 0.069063 0.073040
3 0.594284 0.554973 0.119744 0.119247
3 0.724808 0.523920 0.052667 0.057140
4 0.820275 0.521021 0.049852 0.051343
8 0.094255 0.729553 0.135311 0.140282
8 0.287441 0.740815 0.162309 0.162806
4 0.459408 0.707277 0.093741 0.095729
3 0.608242 0.715806 0.113285 0.112788
3 0.781790 0.724831 0.144756 0.130838
