8 0.132596 0.138064 0.211993 0.222928
8 0.315725 0.060469 0.065751 0.067739
4 0.421031 0.058565 0.054487 0.063932
8 0.548370 0.083491 0.112291 0.113782
8 0.695842 0.073967 0.094735 0.094735
8 0.838052 0.075126 0.101030 0.097053
2 0.111731 0.367983 0.170263 0.148392
2 0.289179 0.337262 0.093909 0.086950
2 0.420291 0.332294 0.078008 0.077014
8 0.533140 0.323019 0.059955 0.058464
4 0.643209 0.331632 0.070719 0.075690
2 0.821849 0.411796 0.196749 0.236018
4 0.040924 0.603939 0.049850 0.057803
3 0.199253 0.650392 0.176558 0.150710
4 0.367381 0.611557 0.069063 0.073040
4 0.482935 0.610066 0.072046 0.070057
4 0.589936 0.600874 0.051674 0.051674
8 0.703208 0.616773 0.084467 0.083473
4 0.819397 0.605512 0.057470 0.060949
4 0.919551 0.605843 0.054653 0.061613
4 0.042167 0.788154 0.031136 0.035609
4 0.116092 0.783847 0.028984 0.026996
4 0.190274 0.786332 0.030474 0.031965
4 0.264198 0.785256 0.028321 0.029812
4 0.339954 0.788320 0.032958 0.035940
8 0.420315 0.789313 0.037430 0.037927
