3 0.087880 0.085892 0.122560 0.118584
3 0.217305 0.049372 0.047037 0.045545
4 0.307836 0.049952 0.043723 0.046706
4 0.417021 0.071815 0.083969 0.090431
8 0.532726 0.055169 0.059127 0.057139
8 0.770650 0.059641 0.063101 0.066083
4 0.881527 0.061960 0.069229 0.070721
3 0.067756 0.232990 0.082313 0.087780
3 0.201525 0.232243 0.096725 0.086286
3 0.450466 0.340310 0.313357 0.302422
3 0.774159 0.310914 0.245120 0.243628
3 0.081088 0.593446 0.108977 0.114942
4 0.202911 0.560155 0.046373 0.048362
4 0.290058 0.557174 0.039417 0.042400
8 0.421885 0.600152 0.134320 0.128355
8 0.708580 0.582514 0.092085 0.093079
4 0.840956 0.580693 0.084963 0.089436
4 0.063781 0.747588 0.074363 0.076352
3 0.196445 0.756282 0.102190 0.093740
3 0.382571 0.797771 0.180693 0.176717
3 0.559210 0.751397 0.083970 0.083970
3 0.681455 0.743281 0.072212 0.067738
3 0.810816 0.753715 0.096559 0.088606
4 0.927094 0.732847 0.047865 0.046871
