2 0.078125 0.122656 0.112500 0.201563
2 0.215625 0.042188 0.093750 0.040625
2 0.375781 0.078906 0.157812 0.114062
4 0.524219 0.067969 0.070312 0.092188
8 0.655469 0.087500 0.123438 0.131250
8 0.778125 0.057031 0.053125 0.070312
8 0.874219 0.066406 0.070312 0.089063
8 0.045312 0.290625 0.046875 0.065625
8 0.153125 0.304688 0.100000 0.093750
8 0.267969 0.286719 0.060937 0.057813
8 0.354687 0.279687 0.043750 0.043750
8 0.441406 0.294531 0.060937 0.073438
8 0.543750 0.294531 0.075000 0.073438
8 0.668750 0.307812 0.106250 0.100000
4 0.785156 0.292187 0.057813 0.068750
4 0.867969 0.277344 0.039062 0.039062
2 0.065625 0.442188 0.087500 0.100000
8 0.167187 0.417187 0.046875 0.050000
2 0.278125 0.438281 0.106250 0.092188
4 0.411719 0.450781 0.092188 0.117188
4 0.542969 0.453125 0.101562 0.121875
4 0.659375 0.421094 0.062500 0.057813
4 0.755469 0.440625 0.060937 0.096875
4 0.840625 0.416406 0.040625 0.048438
4 0.917188 0.424219 0.043750 0.064062
8 0.043750 0.571094 0.043750 0.045312
3 0.132031 0.579688 0.064062 0.062500
3 0.214844 0.575000 0.032813 0.053125
8 0.289062 0.569531 0.046875 0.042188
2 0.377344 0.571094 0.060937 0.045312
8 0.486719 0.594531 0.089063 0.092188
4 0.600000 0.582031 0.068750 0.067187
4 0.693750 0.571094 0.050000 0.045312
8 0.778906 0.576562 0.051562 0.056250
4 0.869531 0.586719 0.060937 0.076563
4 0.050000 0.710156 0.056250 0.070312
4 0.139844 0.703125 0.054688 0.056250
4 0.222656 0.700000 0.042188 0.050000
3 0.336719 0.735156 0.117188 0.120313
3 0.510938 0.711719 0.162500 0.073438
3 0.671094 0.728906 0.089063 0.107813
3 0.767969 0.701562 0.035937 0.053125
3 0.836719 0.696875 0.032813 0.043750
3 0.932813 0.719531 0.090625 0.089063
3 0.119531 0.882031 0.195312 0.104688
3 0.321094 0.864844 0.139063 0.070312
3 0.476562 0.882031 0.103125 0.104688
4 0.577344 0.848437 0.029687 0.037500
4 0.640625 0.867188 0.028125 0.075000
4 0.706250 0.850781 0.034375 0.042188
3 0.776563 0.867969 0.037500 0.076563
3 0.858594 0.861719 0.057813 0.064062
3 0.939063 0.850781 0.034375 0.042188
