3 0.066018 0.062539 0.078837 0.071878
3 0.187798 0.066349 0.075522 0.079499
3 0.302728 0.060966 0.064757 0.068734
3 0.417072 0.065687 0.074694 0.078174
3 0.537645 0.062787 0.078340 0.072375
3 0.656444 0.063119 0.069063 0.073040
2 0.803135 0.090777 0.134320 0.128355
2 0.095830 0.264297 0.138461 0.128520
2 0.321458 0.294686 0.224093 0.189297
2 0.583749 0.291457 0.211173 0.182840
2 0.797681 0.254110 0.126538 0.108147
4 0.062953 0.471263 0.072707 0.073702
4 0.175338 0.467454 0.063101 0.066083
3 0.383244 0.466874 0.066414 0.064923
3 0.495424 0.468861 0.068898 0.068898
3 0.616607 0.478965 0.083140 0.089105
3 0.749949 0.486667 0.093574 0.104509
3 0.869894 0.464390 0.058464 0.059955
2 0.065273 0.619534 0.077346 0.073369
2 0.234595 0.681894 0.172240 0.198088
