8 0.046875 0.083594 0.050000 0.123438
8 0.123438 0.036719 0.034375 0.029687
8 0.195312 0.042969 0.040625 0.042188
8 0.299219 0.075781 0.098437 0.107813
8 0.407031 0.066406 0.048438 0.089063
3 0.505469 0.046094 0.079687 0.048438
8 0.671094 0.101562 0.182812 0.159375
2 0.852344 0.067969 0.110937 0.092188
4 0.046094 0.243750 0.048438 0.056250
4 0.128906 0.240625 0.048438 0.050000
8 0.235937 0.262500 0.096875 0.093750
8 0.334375 0.235156 0.031250 0.039062
8 0.397656 0.234375 0.026562 0.037500
8 0.502344 0.263281 0.114062 0.095312
4 0.609375 0.252344 0.031250 0.073438
8 0.693750 0.242188 0.068750 0.053125
8 0.791406 0.255469 0.057813 0.079687
8 0.893750 0.253125 0.078125 0.075000
8 0.076563 0.410156 0.109375 0.129688
4 0.177344 0.357812 0.023438 0.025000
8 0.247656 0.372656 0.048438 0.054688
2 0.339844 0.367969 0.067187 0.045312
2 0.450781 0.365625 0.085938 0.040625
2 0.558594 0.362500 0.060937 0.034375
2 0.646094 0.357031 0.045312 0.023438
2 0.732812 0.360156 0.059375 0.029687
2 0.817187 0.360156 0.040625 0.029687
2 0.896094 0.364844 0.048438 0.039062
2 0.056250 0.532813 0.068750 0.046875
2 0.151562 0.524219 0.053125 0.029687
2 0.245312 0.528906 0.065625 0.039062
3 0.340625 0.541406 0.056250 0.064062
8 0.423438 0.539062 0.040625 0.059375
3 0.545312 0.557031 0.134375 0.095312
3 0.700000 0.553125 0.106250 0.087500
3 0.822656 0.540625 0.070312 0.062500
3 0.927344 0.534375 0.070312 0.050000
3 0.084375 0.670312 0.125000 0.062500
3 0.300000 0.757812 0.237500 0.237500
3 0.524219 0.689063 0.142187 0.100000
3 0.698438 0.708594 0.137500 0.139063
3 0.832812 0.670312 0.062500 0.062500
