2 0.094505 0.090031 0.135811 0.126864
2 0.285290 0.099389 0.158005 0.145578
2 0.445932 0.061131 0.073040 0.069063
8 0.555169 0.056163 0.057139 0.059127
3 0.653005 0.053431 0.049685 0.053662
2 0.789899 0.095332 0.135975 0.137466
3 0.083242 0.273619 0.113285 0.112788
2 0.249004 0.285047 0.129183 0.135645
8 0.390725 0.251094 0.065751 0.067739
8 0.535863 0.285792 0.134152 0.137135
8 0.681444 0.250514 0.069065 0.066579
4 0.790703 0.249935 0.059457 0.065422
8 0.886613 0.237182 0.041903 0.039914
3 0.057488 0.431102 0.061776 0.065255
4 0.159348 0.427956 0.052997 0.058962
4 0.254733 0.422986 0.050018 0.049024
4 0.354930 0.435327 0.059786 0.073704
4 0.465913 0.434414 0.072377 0.071879
4 0.575482 0.428038 0.057139 0.059127
4 0.674725 0.424974 0.052502 0.052999
4 0.773256 0.430854 0.055812 0.064760
3 0.047716 0.538093 0.042233 0.041736
3 0.150537 0.549685 0.072875 0.064922
3 0.275757 0.559954 0.088939 0.085460
3 0.390517 0.541405 0.052834 0.048360
3 0.497494 0.551756 0.073040 0.069063
3 0.633810 0.577843 0.111295 0.121237
3 0.775568 0.561115 0.082313 0.087780
3 0.092187 0.739987 0.131176 0.114275
3 0.234475 0.716719 0.065751 0.067739
3 0.369677 0.735516 0.114280 0.105333
3 0.520026 0.726241 0.096228 0.086783
3 0.655931 0.721273 0.086788 0.076846
3 0.781136 0.715476 0.074697 0.065253
3 0.899720 0.714565 0.074366 0.063431
3 0.058730 0.873610 0.064261 0.062770
3 0.163302 0.869801 0.054655 0.055152
3 0.253862 0.859863 0.035774 0.035277
3 0.337193 0.863755 0.043061 0.043061
3 0.432974 0.870545 0.059624 0.056642
3 0.528966 0.863093 0.042233 0.041736
3 0.623422 0.872285 0.056145 0.060121
3 0.717873 0.869222 0.045047 0.053994
3 0.805032 0.863590 0.041239 0.042731
3 0.890224 0.861105 0.039749 0.037761
