3 0.195312 0.195312 0.346875 0.346875
3 0.479687 0.150781 0.153125 0.257812
3 0.610938 0.056250 0.040625 0.068750
3 0.726562 0.085156 0.121875 0.126562
3 0.870313 0.080469 0.096875 0.117188
3 0.096875 0.473438 0.150000 0.140625
3 0.241406 0.432812 0.070312 0.059375
3 0.357812 0.461719 0.093750 0.117188
3 0.474219 0.461719 0.070312 0.117188
3 0.572656 0.460938 0.057813 0.115625
3 0.705469 0.504687 0.139063 0.203125
3 0.860938 0.476562 0.103125 0.146875
3 0.048438 0.671094 0.053125 0.060937
3 0.125781 0.670312 0.032813 0.059375
3 0.209375 0.707812 0.065625 0.134375
3 0.313281 0.688281 0.073438 0.095312
3 0.483594 0.726562 0.198437 0.171875
3 0.643750 0.685156 0.053125 0.089063
3 0.774219 0.736719 0.139063 0.192188
