2 0.103534 0.089615 0.153868 0.126032
2 0.369135 0.134411 0.288196 0.215623
2 0.614574 0.088295 0.113448 0.123390
2 0.758310 0.065768 0.085296 0.078337
2 0.107012 0.353534 0.160824 0.131994
2 0.291490 0.348983 0.120406 0.122891
2 0.460596 0.339043 0.127368 0.103011
2 0.606467 0.318755 0.075360 0.062436
2 0.727608 0.320080 0.077016 0.065087
4 0.851054 0.330351 0.080159 0.085627
4 0.052105 0.491345 0.051011 0.054490
2 0.158100 0.500039 0.072377 0.071879
2 0.284150 0.501942 0.090101 0.075686
2 0.421092 0.504758 0.095235 0.081317
2 0.561230 0.509065 0.097387 0.089931
3 0.730331 0.539209 0.151212 0.150218
2 0.172184 0.788345 0.291169 0.257865
2 0.410318 0.710673 0.095562 0.102521
2 0.543987 0.701480 0.081651 0.084136
2 0.690508 0.715971 0.121568 0.113117
2 0.852490 0.712079 0.114280 0.105333
