4 0.087134 0.089867 0.121068 0.126536
8 0.241745 0.076120 0.099041 0.099041
4 0.375972 0.067343 0.079995 0.081486
8 0.492111 0.058979 0.062273 0.064758
4 0.594303 0.054424 0.054158 0.055649
8 0.735969 0.095166 0.140613 0.137134
8 0.089784 0.272773 0.126368 0.129848
8 0.250819 0.273438 0.107814 0.131177
8 0.372479 0.229546 0.044884 0.043392
8 0.467504 0.236502 0.056808 0.057305
8 0.610968 0.279647 0.140612 0.143594
8 0.770736 0.258448 0.088273 0.101197
3 0.906035 0.249502 0.093247 0.083305
8 0.146344 0.511366 0.239490 0.232034
2 0.382441 0.463833 0.142932 0.136967
4 0.533917 0.432035 0.070885 0.073371
4 0.647886 0.429385 0.067573 0.068070
8 0.792517 0.460770 0.131835 0.130840
8 0.926763 0.420193 0.047201 0.049687
8 0.047799 0.694851 0.042398 0.045878
8 0.187719 0.742549 0.147238 0.141273
4 0.338996 0.711331 0.065417 0.078839
8 0.458890 0.712654 0.086455 0.081484
8 0.592540 0.721019 0.091256 0.098215
8 0.735848 0.724414 0.105998 0.105004
