3 0.123438 0.128125 0.203125 0.212500
3 0.291406 0.064062 0.064062 0.084375
3 0.489063 0.145313 0.262500 0.246875
3 0.686719 0.048438 0.064062 0.053125
3 0.825000 0.081250 0.143750 0.118750
3 0.068750 0.332031 0.093750 0.057813
3 0.231250 0.356250 0.162500 0.106250
3 0.376563 0.342187 0.059375 0.078125
3 0.481250 0.339844 0.081250 0.073438
3 0.589063 0.325781 0.065625 0.045312
3 0.683594 0.334375 0.054688 0.062500
3 0.781250 0.341406 0.071875 0.076563
3 0.097656 0.547656 0.151562 0.207813
3 0.272656 0.554688 0.129688 0.221875
3 0.408594 0.510938 0.073438 0.134375
3 0.517188 0.507812 0.075000 0.128125
3 0.631250 0.514844 0.084375 0.142187
3 0.800000 0.485156 0.184375 0.082812
3 0.066406 0.737500 0.089063 0.075000
3 0.229687 0.750000 0.168750 0.100000
3 0.457031 0.819531 0.217188 0.239063
3 0.662500 0.757031 0.125000 0.114062
3 0.844531 0.789062 0.170313 0.178125
