3 0.289844 0.320312 0.535937 0.596875
2 0.676562 0.078906 0.168750 0.114062
2 0.842969 0.078125 0.095312 0.112500
2 0.950000 0.050781 0.050000 0.057813
8 0.043750 0.673438 0.043750 0.040625
8 0.155469 0.724219 0.110937 0.142187
8 0.257031 0.675781 0.023438 0.045312
8 0.317969 0.669531 0.029687 0.032813
8 0.393750 0.690625 0.053125 0.075000
8 0.487500 0.705469 0.065625 0.104688
3 0.591406 0.692187 0.073438 0.078125
8 0.721094 0.706250 0.117188 0.106250
8 0.835938 0.680469 0.043750 0.054688
8 0.910156 0.678125 0.035937 0.050000
