3 0.050366 0.052354 0.047532 0.051509
3 0.196793 0.110074 0.156013 0.166948
3 0.353982 0.060303 0.070390 0.067407
3 0.469522 0.067923 0.070221 0.082648
3 0.608097 0.089702 0.119246 0.126205
3 0.749221 0.068503 0.073368 0.083807
3 0.860685 0.057488 0.058795 0.061777
3 0.058647 0.270082 0.064095 0.065089
3 0.179532 0.283332 0.087116 0.091589
3 0.306063 0.275133 0.077677 0.075191
3 0.413777 0.263457 0.049355 0.051840
3 0.538580 0.296996 0.111461 0.118918
3 0.668166 0.266604 0.058133 0.058133
3 0.799446 0.298735 0.114442 0.122396
3 0.081752 0.456149 0.110305 0.102849
3 0.204391 0.426835 0.046209 0.044220
3 0.310668 0.440250 0.077512 0.071050
3 0.417636 0.432550 0.047697 0.055650
3 0.513633 0.434123 0.055317 0.058796
3 0.609906 0.431390 0.047863 0.053331
3 0.733478 0.466751 0.110632 0.124053
3 0.854463 0.425096 0.043228 0.040742
3 0.060469 0.606350 0.067739 0.065751
3 0.169905 0.604032 0.061611 0.061114
3 0.284437 0.610822 0.078174 0.074694
3 0.381706 0.586393 0.025837 0.025837
3 0.467172 0.603535 0.056145 0.060121
3 0.622487 0.668792 0.166775 0.190635
3 0.773721 0.597158 0.047368 0.047368
3 0.889923 0.622664 0.095397 0.098380
4 0.065521 0.845848 0.077843 0.072872
3 0.219610 0.876074 0.142270 0.133323
4 0.361397 0.837817 0.050844 0.056809
4 0.452817 0.834173 0.043060 0.049522
4 0.562428 0.854047 0.087282 0.089270
3 0.702456 0.860340 0.104839 0.101856
3 0.822396 0.832268 0.044717 0.045712
3 0.910216 0.833511 0.042232 0.048197
