8 0.078125 0.066406 0.112500 0.089063
8 0.199219 0.050781 0.060937 0.057813
4 0.284375 0.037500 0.040625 0.031250
4 0.356250 0.056250 0.034375 0.068750
8 0.445312 0.075000 0.075000 0.106250
8 0.534375 0.067969 0.034375 0.092188
8 0.617969 0.060156 0.064062 0.076563
4 0.694531 0.040625 0.020313 0.037500
3 0.175781 0.257031 0.307812 0.189062
4 0.395313 0.182812 0.062500 0.040625
4 0.496094 0.194531 0.070312 0.064062
3 0.638281 0.264844 0.145313 0.204687
3 0.858594 0.280469 0.226562 0.235937
4 0.042188 0.454688 0.040625 0.043750
3 0.264062 0.474219 0.071875 0.082812
3 0.371875 0.471094 0.075000 0.076563
8 0.479687 0.477344 0.071875 0.089063
2 0.603125 0.464844 0.106250 0.064062
8 0.733594 0.470313 0.085938 0.075000
8 0.841406 0.471094 0.060937 0.076563
8 0.936719 0.464844 0.060937 0.064062
8 0.042188 0.581250 0.040625 0.050000
8 0.116406 0.573438 0.039062 0.034375
8 0.182812 0.567187 0.025000 0.021875
2 0.243750 0.567969 0.028125 0.023438
2 0.332813 0.579688 0.081250 0.046875
8 0.475781 0.637500 0.135937 0.162500
4 0.600000 0.576562 0.043750 0.040625
4 0.685156 0.587500 0.057813 0.062500
4 0.785937 0.591406 0.075000 0.070312
4 0.888281 0.589063 0.060937 0.065625
4 0.045312 0.792969 0.046875 0.079687
4 0.139844 0.792969 0.073438 0.079687
3 0.236719 0.789062 0.051562 0.071875
3 0.345313 0.797656 0.096875 0.089063
3 0.496875 0.797656 0.137500 0.089063
3 0.630469 0.794531 0.060937 0.082812
3 0.720313 0.803906 0.050000 0.101562
3 0.809375 0.789844 0.059375 0.073438
3 0.907813 0.800000 0.068750 0.093750
