3 0.099058 0.103780 0.144916 0.154361
3 0.282905 0.089618 0.134486 0.126036
4 0.416797 0.049290 0.042895 0.045381
3 0.545041 0.086057 0.124383 0.118915
3 0.730106 0.096655 0.157012 0.140112
3 0.087299 0.289216 0.121399 0.128358
3 0.233216 0.264786 0.081983 0.079498
3 0.402924 0.303457 0.168273 0.156841
3 0.565405 0.257664 0.068237 0.065254
3 0.724526 0.312238 0.161478 0.174402
3 0.883161 0.258658 0.066248 0.067242
3 0.077527 0.499437 0.101855 0.111299
3 0.276162 0.533799 0.205376 0.180025
3 0.493365 0.521382 0.139781 0.155190
3 0.680061 0.514755 0.144422 0.141937
3 0.119431 0.757890 0.185663 0.178207
3 0.313674 0.727666 0.114775 0.117757
3 0.482986 0.740336 0.134648 0.143098
4 0.623256 0.697937 0.055814 0.058299
8 0.725575 0.701001 0.060451 0.064427
4 0.838295 0.711270 0.076515 0.084965
