4 0.150567 0.151312 0.247934 0.249426
4 0.425282 0.131106 0.212990 0.209013
4 0.631088 0.087301 0.108976 0.121403
4 0.761606 0.061463 0.063763 0.069728
4 0.865195 0.055998 0.055317 0.058796
4 0.079268 0.371029 0.105336 0.101359
4 0.206080 0.350079 0.058961 0.059458
4 0.340342 0.382458 0.121234 0.124216
8 0.503731 0.378234 0.116763 0.115769
8 0.651833 0.367386 0.091091 0.094073
8 0.822300 0.410367 0.160151 0.180034
8 0.064030 0.583277 0.074861 0.075855
8 0.183029 0.579798 0.075359 0.068897
4 0.309882 0.591558 0.088441 0.092417
2 0.569560 0.720909 0.342171 0.351119
4 0.859346 0.613005 0.146743 0.135310
