3 0.107008 0.108748 0.160817 0.164297
3 0.269462 0.067012 0.076350 0.080824
3 0.410725 0.090199 0.118252 0.127199
3 0.565359 0.077611 0.102520 0.102022
3 0.710826 0.077942 0.099703 0.102686
3 0.865342 0.088708 0.121234 0.124216
3 0.094255 0.309346 0.135310 0.146743
3 0.239494 0.271666 0.066413 0.071384
3 0.371963 0.289967 0.109476 0.107985
3 0.510999 0.273322 0.078174 0.074694
3 0.646608 0.293446 0.102517 0.114944
3 0.781310 0.279782 0.078171 0.087616
3 0.902264 0.275807 0.073203 0.079665
3 0.079184 0.481669 0.105168 0.110139
3 0.234980 0.490945 0.116760 0.128690
3 0.422005 0.506842 0.168935 0.160485
3 0.607578 0.489040 0.111957 0.124881
3 0.771283 0.488045 0.126867 0.122890
3 0.094918 0.698612 0.136638 0.134650
3 0.333477 0.739268 0.251255 0.215962
3 0.559556 0.687930 0.112788 0.113285
3 0.775337 0.741921 0.228724 0.221268
