4 0.065625 0.057813 0.087500 0.071875
3 0.171094 0.046875 0.054688 0.050000
4 0.248438 0.042188 0.031250 0.040625
4 0.310156 0.036719 0.023438 0.029687
8 0.376563 0.040625 0.040625 0.037500
8 0.448437 0.041406 0.034375 0.039062
8 0.516406 0.039844 0.032813 0.035937
8 0.582812 0.037500 0.031250 0.031250
8 0.653906 0.044531 0.042188 0.045312
8 0.728906 0.038281 0.039062 0.032813
8 0.799219 0.038281 0.032813 0.032813
4 0.908594 0.072656 0.117188 0.101562
4 0.049219 0.184375 0.054688 0.053125
4 0.132812 0.180469 0.043750 0.045312
3 0.218750 0.192188 0.059375 0.068750
3 0.308594 0.186719 0.051562 0.057813
2 0.414062 0.201563 0.090625 0.087500
8 0.508594 0.173437 0.029687 0.031250
2 0.593750 0.189062 0.071875 0.062500
8 0.688281 0.183594 0.048438 0.051562
4 0.777344 0.181250 0.060937 0.046875
3 0.096094 0.347656 0.148438 0.135937
8 0.246875 0.327344 0.084375 0.095312
3 0.360156 0.314063 0.073438 0.068750
3 0.690625 0.442969 0.518750 0.326562
2 0.084375 0.694531 0.125000 0.107813
2 0.234375 0.705469 0.106250 0.129688
8 0.352344 0.676562 0.060937 0.071875
4 0.436719 0.656250 0.039062 0.031250
4 0.503125 0.651563 0.025000 0.021875
4 0.556250 0.647656 0.012500 0.014063
4 0.641406 0.700781 0.089063 0.120313
2 0.785156 0.769531 0.129688 0.257812
8 0.916406 0.667969 0.064062 0.054688
8 0.038281 0.947656 0.032813 0.029687
