3 0.060937 0.075781 0.078125 0.107813
3 0.168750 0.050781 0.068750 0.057813
3 0.265625 0.064062 0.056250 0.084375
3 0.348438 0.041406 0.040625 0.039062
3 0.442188 0.055469 0.078125 0.067187
3 0.561719 0.053125 0.092188 0.062500
3 0.667969 0.041406 0.051562 0.039062
3 0.753125 0.051562 0.050000 0.059375
3 0.853125 0.052344 0.081250 0.060937
3 0.250000 0.351562 0.456250 0.375000
3 0.588281 0.203125 0.151562 0.078125
3 0.735156 0.194531 0.073438 0.060937
3 0.860938 0.254688 0.109375 0.181250
3 0.085938 0.618750 0.128125 0.090625
3 0.211719 0.613281 0.054688 0.079687
3 0.293750 0.588281 0.040625 0.029687
4 0.369531 0.593750 0.042188 0.040625
8 0.468750 0.621875 0.087500 0.096875
4 0.589063 0.603906 0.084375 0.060937
4 0.705469 0.646094 0.079687 0.145313
3 0.808594 0.608594 0.057813 0.070312
