3 0.127381 0.123901 0.201562 0.194603
8 0.344030 0.091688 0.141111 0.130176
4 0.479618 0.047302 0.040411 0.041405
4 0.578982 0.060303 0.070390 0.067407
4 0.686325 0.056743 0.053825 0.060287
3 0.815485 0.088460 0.115270 0.123721
3 0.941736 0.051608 0.049024 0.050018
3 0.075124 0.325868 0.097049 0.120412
3 0.190069 0.290672 0.042563 0.050019
3 0.300507 0.311871 0.088441 0.092417
3 0.429512 0.303837 0.080824 0.076350
3 0.587719 0.333069 0.147240 0.134813
3 0.759782 0.324127 0.106989 0.116931
3 0.891885 0.299449 0.068070 0.067573
3 0.074549 0.484600 0.095898 0.078501
3 0.207968 0.482117 0.081487 0.073534
3 0.331797 0.484851 0.076019 0.079002
3 0.453269 0.484767 0.078339 0.078836
3 0.559647 0.468454 0.044220 0.046209
3 0.650118 0.468122 0.047037 0.045545
3 0.764830 0.491889 0.092085 0.093079
3 0.895054 0.484684 0.080658 0.078670
3 0.046474 0.601730 0.039749 0.037761
3 0.153456 0.627568 0.084963 0.089436
3 0.292005 0.632701 0.102686 0.099703
3 0.412711 0.608272 0.050349 0.050846
3 0.506864 0.608356 0.048029 0.051012
3 0.601619 0.611171 0.053164 0.056643
3 0.697655 0.609267 0.048360 0.052834
3 0.830668 0.651335 0.130011 0.136970
3 0.065439 0.798465 0.077678 0.068731
3 0.180274 0.793662 0.063599 0.059126
4 0.319554 0.831094 0.126533 0.133989
3 0.460872 0.797058 0.065420 0.065917
3 0.587058 0.813620 0.099041 0.099041
3 0.711513 0.793083 0.060452 0.057967
8 0.816698 0.792586 0.061446 0.056973
