8 0.108333 0.112806 0.163466 0.172413
8 0.258427 0.052106 0.048029 0.051012
8 0.389784 0.091523 0.126368 0.129848
8 0.583036 0.109492 0.172247 0.165785
8 0.798733 0.104523 0.169268 0.155847
8 0.100053 0.316743 0.146906 0.145912
8 0.250338 0.276829 0.063101 0.066083
3 0.360551 0.281964 0.067903 0.076353
3 0.473714 0.279147 0.069229 0.070721
3 0.594649 0.289499 0.082974 0.091425
3 0.715322 0.277574 0.068070 0.067573
8 0.829313 0.279313 0.071051 0.071051
8 0.079101 0.487411 0.105004 0.105998
3 0.215437 0.475238 0.077675 0.081652
3 0.333171 0.475073 0.069393 0.081323
3 0.441354 0.466957 0.057635 0.065091
3 0.537120 0.460912 0.046041 0.053000
3 0.631305 0.469194 0.053161 0.069564
8 0.737363 0.469110 0.068401 0.069395
8 0.847710 0.466957 0.064095 0.065089
3 0.055334 0.614887 0.057470 0.060949
3 0.183976 0.642711 0.111628 0.116598
3 0.334179 0.646605 0.099533 0.124387
3 0.470228 0.634928 0.084132 0.101032
3 0.604730 0.639317 0.096886 0.109810
3 0.740293 0.631947 0.083636 0.095069
3 0.850697 0.611989 0.048194 0.055153
8 0.058647 0.785707 0.064095 0.065089
4 0.164874 0.787778 0.057799 0.069232
3 0.280506 0.790343 0.082812 0.074362
3 0.425109 0.811544 0.115769 0.116763
3 0.581243 0.807735 0.106162 0.109145
3 0.784574 0.855598 0.212825 0.204872
