2 0.096094 0.352344 0.148438 0.660937
3 0.235937 0.060156 0.062500 0.076563
3 0.343750 0.085156 0.084375 0.126562
3 0.469531 0.054688 0.098437 0.065625
3 0.591406 0.050781 0.076563 0.057813
3 0.677344 0.043750 0.026562 0.043750
3 0.776563 0.054688 0.103125 0.065625
8 0.886719 0.039844 0.048438 0.035937
3 0.051562 0.757812 0.059375 0.081250
3 0.130469 0.741406 0.029687 0.048438
3 0.200000 0.747656 0.040625 0.060937
3 0.272656 0.741406 0.035937 0.048438
3 0.356250 0.753125 0.062500 0.071875
3 0.462500 0.760156 0.081250 0.085938
3 0.559375 0.739062 0.043750 0.043750
3 0.684375 0.764844 0.137500 0.095312
3 0.821094 0.749219 0.067187 0.064062
3 0.917188 0.752344 0.056250 0.070312
