8 0.080096 0.078604 0.106992 0.104009
8 0.258075 0.102784 0.159826 0.152370
8 0.415311 0.059807 0.064923 0.066414
8 0.537274 0.070903 0.090098 0.088607
4 0.665852 0.064858 0.078505 0.076517
8 0.776951 0.053513 0.053827 0.053827
4 0.885492 0.060634 0.074034 0.068069
8 0.062456 0.260822 0.071713 0.074696
3 0.186776 0.271505 0.089103 0.096062
3 0.327280 0.272912 0.101361 0.098875
3 0.514993 0.305869 0.186163 0.164788
3 0.727937 0.310180 0.149551 0.173410
8 0.865213 0.241776 0.036602 0.036602
3 0.056990 0.475349 0.060782 0.066250
3 0.164412 0.472615 0.066250 0.060782
3 0.305493 0.499528 0.126537 0.114607
3 0.486146 0.509052 0.144093 0.133654
3 0.645313 0.481890 0.084302 0.079331
3 0.789739 0.504831 0.113779 0.125212
3 0.083822 0.675087 0.114445 0.109474
4 0.242202 0.679311 0.112456 0.117923
8 0.376166 0.654716 0.064757 0.068734
2 0.502600 0.667800 0.098877 0.094900
8 0.659766 0.680221 0.125708 0.119743
2 0.795380 0.649251 0.056311 0.057802
2 0.907625 0.657945 0.077677 0.075191
4 0.108499 0.865069 0.163800 0.161314
4 0.265632 0.815632 0.062439 0.062439
4 0.366902 0.810332 0.049355 0.051840
3 0.478373 0.830290 0.084797 0.091756
4 0.610048 0.831532 0.088772 0.094240
8 0.730936 0.817619 0.064923 0.066414
4 0.837993 0.814555 0.060286 0.060286
