3 0.075781 0.067187 0.107813 0.090625
3 0.205469 0.053125 0.082812 0.062500
3 0.323437 0.072656 0.084375 0.101562
3 0.445312 0.059375 0.090625 0.075000
3 0.550000 0.048438 0.050000 0.053125
3 0.643750 0.043750 0.068750 0.043750
8 0.734375 0.040625 0.043750 0.037500
8 0.811719 0.046094 0.042188 0.048438
2 0.922656 0.100781 0.110937 0.157812
4 0.069531 0.261719 0.095312 0.095312
8 0.183594 0.258594 0.064062 0.089063
8 0.281250 0.237500 0.062500 0.046875
3 0.398438 0.281250 0.103125 0.134375
3 0.576562 0.274219 0.184375 0.120313
3 0.739844 0.250000 0.073438 0.071875
3 0.111719 0.483594 0.179688 0.201563
3 0.320312 0.494531 0.168750 0.223438
3 0.475000 0.460938 0.071875 0.156250
3 0.599219 0.445312 0.107813 0.125000
3 0.727344 0.464844 0.079687 0.164062
3 0.821875 0.412500 0.040625 0.059375
3 0.903906 0.435156 0.054688 0.104688
3 0.063281 0.697656 0.082812 0.114062
3 0.173437 0.695312 0.068750 0.109375
3 0.282813 0.758594 0.081250 0.235937
3 0.424219 0.677344 0.132812 0.073438
3 0.651563 0.726562 0.253125 0.171875
