3 0.079766 0.070322 0.106333 0.087444
3 0.195883 0.046557 0.035442 0.039916
3 0.302980 0.076204 0.090262 0.099209
3 0.420877 0.055004 0.057305 0.056808
3 0.541319 0.081339 0.095063 0.109479
3 0.685683 0.078190 0.105667 0.103181
3 0.833860 0.081090 0.102021 0.108980
3 0.067674 0.219876 0.082149 0.077178
3 0.201689 0.228572 0.097054 0.094569
3 0.322842 0.213004 0.054984 0.063435
3 0.424334 0.208283 0.057968 0.053992
3 0.555615 0.233954 0.114280 0.105333
3 0.719045 0.248199 0.122392 0.133824
3 0.228160 0.563706 0.403121 0.408588
3 0.623431 0.519984 0.296788 0.321144
8 0.834294 0.379535 0.037264 0.040247
8 0.913308 0.378542 0.032792 0.038260
3 0.054756 0.838208 0.056312 0.051341
