8 0.109410 0.110653 0.165621 0.168106
2 0.322751 0.102866 0.170428 0.152533
8 0.495892 0.071069 0.085460 0.088939
8 0.642225 0.086720 0.118750 0.120241
3 0.807860 0.090530 0.121896 0.127861
3 0.056991 0.268994 0.060783 0.059789
3 0.222546 0.324393 0.182517 0.170587
3 0.395114 0.279346 0.074528 0.080493
3 0.498462 0.259222 0.043725 0.040245
3 0.603424 0.275619 0.075524 0.073038
3 0.712806 0.263942 0.053662 0.049685
3 0.812070 0.268498 0.055317 0.058796
3 0.072145 0.501761 0.091091 0.094073
3 0.191934 0.488844 0.058793 0.068238
3 0.288104 0.476421 0.044884 0.043392
3 0.379733 0.482467 0.050016 0.055484
3 0.465440 0.471618 0.030805 0.033787
3 0.550377 0.481059 0.050680 0.052668
3 0.644778 0.484123 0.048856 0.058798
3 0.737949 0.479319 0.047699 0.049190
3 0.829640 0.476586 0.046706 0.043723
3 0.930284 0.491328 0.066744 0.073206
3 0.051111 0.618796 0.049024 0.050018
3 0.149416 0.622854 0.058133 0.058133
3 0.266702 0.637760 0.086454 0.087945
3 0.378740 0.616063 0.048031 0.044551
3 0.479209 0.622853 0.064594 0.058132
3 0.592889 0.633620 0.073203 0.079665
3 0.716702 0.637760 0.086454 0.087945
3 0.833460 0.621031 0.057471 0.054489
3 0.069164 0.770158 0.085129 0.087117
3 0.199266 0.767590 0.085958 0.081982
3 0.331841 0.768418 0.088608 0.083638
3 0.479642 0.787880 0.118584 0.122560
3 0.619203 0.763450 0.072707 0.073702
3 0.741938 0.772974 0.083802 0.092750
3 0.884722 0.780923 0.113120 0.108646
