8 0.113716 0.114959 0.174233 0.176718
8 0.286506 0.070490 0.082313 0.087780
8 0.425324 0.082994 0.106824 0.112789
8 0.560739 0.066846 0.074528 0.080493
8 0.709467 0.092848 0.134485 0.132496
8 0.863069 0.067259 0.082314 0.081320
8 0.056743 0.278618 0.060286 0.060286
8 0.176584 0.295760 0.090594 0.094570
8 0.318484 0.299486 0.102520 0.102022
8 0.485648 0.319029 0.143097 0.141109
4 0.644329 0.292944 0.085460 0.088939
4 0.758201 0.275388 0.053827 0.053827
2 0.893323 0.314061 0.127196 0.131173
8 0.059724 0.468033 0.066248 0.067242
2 0.207016 0.501654 0.138957 0.134483
4 0.390489 0.508528 0.140279 0.148233
4 0.580081 0.513000 0.150714 0.157176
4 0.741857 0.475486 0.083639 0.082148
4 0.879669 0.491635 0.103014 0.114447
4 0.056660 0.667277 0.060120 0.062605
4 0.166812 0.674731 0.071050 0.077512
8 0.277469 0.666780 0.061114 0.061611
3 0.396886 0.679450 0.087448 0.086951
3 0.513964 0.667195 0.055979 0.062441
8 0.617029 0.666283 0.062108 0.060617
2 0.730070 0.671334 0.075690 0.070719
8 0.874728 0.698662 0.124381 0.125375
4 0.073553 0.852992 0.093907 0.093410
4 0.198869 0.838749 0.066414 0.064923
8 0.313367 0.843800 0.073535 0.075027
4 0.441475 0.854897 0.092250 0.097221
4 0.575331 0.851005 0.084963 0.089436
4 0.700630 0.844628 0.076186 0.076683
4 0.813986 0.838666 0.062273 0.064758
