3 0.066762 0.068254 0.080326 0.083308
3 0.188699 0.062705 0.074199 0.072210
3 0.302480 0.061215 0.064260 0.069231
3 0.398522 0.047634 0.037595 0.042069
3 0.503858 0.074631 0.082642 0.096063
3 0.615019 0.054507 0.051839 0.055815
3 0.726301 0.075625 0.080654 0.098051
3 0.838964 0.057820 0.055979 0.062441
3 0.942028 0.060138 0.062107 0.067078
3 0.068005 0.209198 0.082811 0.080823
3 0.179981 0.196281 0.050513 0.054987
3 0.360826 0.223360 0.099702 0.109146
3 0.491243 0.209779 0.073037 0.081984
3 0.594436 0.192554 0.045048 0.047534
3 0.719274 0.224601 0.116598 0.111628
3 0.862240 0.214582 0.080655 0.091591
3 0.067011 0.366443 0.080823 0.082811
3 0.175697 0.349383 0.048196 0.048693
3 0.278649 0.366609 0.069724 0.083145
4 0.382858 0.349549 0.050018 0.049024
4 0.488191 0.361060 0.070057 0.072046
4 0.591074 0.349632 0.047699 0.049190
4 0.687567 0.357168 0.056309 0.064263
4 0.779193 0.344498 0.036436 0.038921
4 0.866902 0.350957 0.049355 0.051840
4 0.061131 0.489682 0.069063 0.073040
2 0.195565 0.511296 0.109805 0.116267
4 0.337252 0.493076 0.083805 0.079829
4 0.475562 0.508729 0.104174 0.111133
4 0.621681 0.502434 0.099538 0.098544
8 0.755411 0.494154 0.079498 0.081983
8 0.866096 0.478916 0.053993 0.051508
8 0.091688 0.681425 0.130177 0.134651
4 0.230748 0.645237 0.058298 0.062274
4 0.333791 0.643166 0.058133 0.058133
4 0.431119 0.637121 0.046540 0.046043
4 0.528369 0.644491 0.059789 0.060783
4 0.627011 0.638694 0.047699 0.049190
4 0.715638 0.636873 0.040576 0.045547
8 0.813169 0.645733 0.063764 0.063267
3 0.079930 0.844881 0.106661 0.102187
3 0.244659 0.860781 0.132994 0.133988
3 0.436199 0.876433 0.159823 0.165291
3 0.603788 0.833867 0.085627 0.080159
3 0.743661 0.846289 0.105998 0.105004
3 0.882896 0.835523 0.084467 0.083473
