4 0.039844 0.049219 0.035937 0.054688
4 0.118750 0.054688 0.053125 0.065625
8 0.205469 0.049219 0.051562 0.054688
4 0.300781 0.083594 0.070312 0.123438
8 0.394531 0.049219 0.048438 0.054688
4 0.477344 0.039844 0.048438 0.035937
8 0.613281 0.116406 0.154688 0.189062
8 0.739844 0.038281 0.029687 0.032813
8 0.804688 0.036719 0.031250 0.029687
8 0.881250 0.046094 0.053125 0.048438
3 0.045312 0.271094 0.046875 0.051562
3 0.110937 0.255469 0.015625 0.020313
3 0.158594 0.250781 0.010937 0.010937
8 0.230469 0.279687 0.064062 0.068750
8 0.316406 0.269531 0.039062 0.048438
4 0.389844 0.287500 0.039062 0.084375
4 0.467969 0.294531 0.048438 0.098437
8 0.546094 0.269531 0.039062 0.048438
4 0.633594 0.289844 0.067187 0.089063
8 0.718750 0.263281 0.034375 0.035937
8 0.784375 0.264062 0.028125 0.037500
8 0.855469 0.267969 0.045312 0.045312
8 0.935937 0.270313 0.046875 0.050000
8 0.065625 0.434375 0.087500 0.112500
4 0.179688 0.427344 0.071875 0.098437
4 0.275781 0.403906 0.051562 0.051562
8 0.382031 0.450000 0.092188 0.143750
2 0.535156 0.522656 0.145313 0.289062
