3 0.108168 0.108665 0.163137 0.164131
3 0.322774 0.100795 0.176724 0.148390
3 0.522618 0.095913 0.132661 0.138626
3 0.662164 0.058648 0.058629 0.064097
3 0.761480 0.053845 0.051011 0.054490
3 0.893312 0.088376 0.124050 0.123553
3 0.137155 0.332115 0.221110 0.192280
3 0.369820 0.302635 0.155192 0.133320
3 0.563690 0.307689 0.142931 0.143428
4 0.702249 0.259741 0.045048 0.047534
4 0.800585 0.275228 0.063595 0.078508
4 0.902353 0.262971 0.051508 0.053993
3 0.062786 0.515875 0.072374 0.084801
3 0.185275 0.515957 0.082976 0.084964
3 0.297666 0.500471 0.051508 0.053993
3 0.407128 0.514798 0.076681 0.082646
3 0.529334 0.513390 0.077345 0.079830
4 0.636304 0.495999 0.047534 0.045048
8 0.741409 0.512148 0.073369 0.077346
4 0.852955 0.503204 0.058961 0.059458
4 0.071566 0.648625 0.089932 0.090926
4 0.180932 0.624113 0.039914 0.041903
3 0.283773 0.646556 0.076846 0.086788
3 0.457243 0.676777 0.180037 0.147230
3 0.648700 0.668336 0.112950 0.130348
3 0.787136 0.642498 0.074197 0.078671
8 0.105352 0.878078 0.157504 0.165457
8 0.260872 0.828308 0.065420 0.065917
8 0.359233 0.817791 0.043392 0.044884
4 0.495510 0.861597 0.140945 0.132495
4 0.636480 0.822595 0.051011 0.054490
4 0.745290 0.837087 0.078006 0.083474
4 0.858304 0.828723 0.060285 0.066747
