8 0.147338 0.144853 0.241477 0.236506
8 0.347814 0.062374 0.070554 0.071549
8 0.460375 0.060055 0.064426 0.066911
8 0.590702 0.076782 0.106330 0.100365
3 0.719905 0.057157 0.061611 0.061114
8 0.839819 0.069329 0.088939 0.085460
4 0.944890 0.044321 0.033455 0.035443
3 0.110319 0.401759 0.167439 0.187819
8 0.278601 0.345859 0.079002 0.076019
8 0.405019 0.349337 0.084964 0.082976
8 0.538185 0.352319 0.091920 0.088938
3 0.694575 0.379233 0.132826 0.142767
4 0.845953 0.346770 0.079333 0.077842
8 0.063781 0.578838 0.074363 0.076352
4 0.164645 0.557969 0.038591 0.034614
3 0.283480 0.592998 0.110636 0.104671
3 0.434937 0.596229 0.104174 0.111133
8 0.560437 0.568569 0.058299 0.055814
8 0.664307 0.571054 0.059789 0.060783
8 0.770485 0.572793 0.062770 0.064261
8 0.877718 0.571219 0.061611 0.061114
8 0.073387 0.745936 0.093575 0.098049
8 0.220328 0.752643 0.112457 0.111463
8 0.367705 0.746931 0.091587 0.100037
8 0.518219 0.756039 0.120738 0.118253
8 0.659414 0.733100 0.071879 0.072377
8 0.806828 0.762084 0.132332 0.130343
8 0.074298 0.921102 0.095397 0.098380
3 0.204406 0.910088 0.074363 0.076352
3 0.338229 0.921929 0.104508 0.100034
8 0.468033 0.905036 0.067242 0.066248
