3 0.116406 0.083594 0.189062 0.123438
3 0.300781 0.084375 0.110937 0.125000
3 0.478906 0.116406 0.176563 0.189062
3 0.727344 0.163281 0.251563 0.282813
3 0.089844 0.483594 0.135937 0.289062
3 0.234375 0.387500 0.084375 0.096875
3 0.367969 0.407031 0.114062 0.135937
3 0.519531 0.439844 0.120313 0.201563
3 0.650781 0.386719 0.073438 0.095312
3 0.799219 0.407813 0.154688 0.137500
3 0.059375 0.696094 0.075000 0.067187
3 0.221875 0.769531 0.181250 0.214062
3 0.397656 0.725000 0.101562 0.125000
3 0.571094 0.700000 0.048438 0.075000
3 0.645312 0.678906 0.031250 0.032813
2 0.739844 0.707031 0.089063 0.089063
4 0.837500 0.681250 0.037500 0.037500
3 0.928906 0.714844 0.076563 0.104688
3 0.064844 0.941406 0.085938 0.060937
