3 0.075373 0.083327 0.097547 0.113454
3 0.216403 0.076949 0.095231 0.100699
8 0.334598 0.052602 0.053496 0.052005
3 0.480897 0.112394 0.149220 0.171588
3 0.640117 0.066183 0.080161 0.079167
3 0.747396 0.049455 0.044717 0.045712
3 0.881838 0.095581 0.135478 0.137963
3 0.069744 0.284126 0.086289 0.083804
3 0.224015 0.307396 0.132332 0.130343
4 0.386911 0.308145 0.104998 0.131840
8 0.524162 0.279986 0.079499 0.075522
3 0.686187 0.327521 0.156675 0.170593
3 0.155373 0.573450 0.257546 0.231201
3 0.386544 0.515734 0.116763 0.115769
3 0.524875 0.489896 0.071550 0.064094
3 0.650933 0.502070 0.092417 0.088441
3 0.772615 0.494205 0.060780 0.072710
3 0.893452 0.503892 0.093079 0.092085
3 0.062788 0.770352 0.072377 0.071879
8 0.203907 0.797017 0.120240 0.125211
4 0.355205 0.784431 0.091587 0.100037
8 0.510439 0.798507 0.130179 0.128190
3 0.662666 0.774989 0.084633 0.081154
3 0.793925 0.785259 0.087776 0.101694
