3 0.262500 0.157812 0.481250 0.271875
3 0.551562 0.040625 0.028125 0.037500
2 0.703125 0.060156 0.206250 0.076563
3 0.875000 0.071094 0.068750 0.098437
3 0.044531 0.355469 0.045312 0.054688
2 0.148438 0.349219 0.093750 0.042188
4 0.250000 0.365625 0.040625 0.075000
4 0.346875 0.370312 0.084375 0.084375
4 0.435937 0.353906 0.025000 0.051562
4 0.510938 0.359375 0.056250 0.062500
4 0.600781 0.352344 0.054688 0.048438
4 0.681250 0.352344 0.037500 0.048438
4 0.749219 0.347656 0.029687 0.039062
3 0.833594 0.358594 0.070312 0.060937
3 0.070312 0.480469 0.096875 0.067187
3 0.189844 0.486719 0.073438 0.079687
4 0.293750 0.489844 0.065625 0.085938
4 0.395313 0.482812 0.068750 0.071875
8 0.546094 0.502344 0.164062 0.110937
8 0.697656 0.482812 0.070312 0.071875
8 0.816406 0.500781 0.098437 0.107813
4 0.928906 0.474219 0.057813 0.054688
3 0.056250 0.629687 0.068750 0.075000
8 0.202344 0.707031 0.154688 0.229687
8 0.374219 0.667188 0.120313 0.150000
4 0.496875 0.645312 0.056250 0.106250
3 0.604688 0.627344 0.090625 0.070312
3 0.725000 0.628125 0.081250 0.071875
3 0.842969 0.635156 0.085938 0.085938
8 0.063281 0.907031 0.082812 0.101562
8 0.182812 0.893750 0.087500 0.075000
8 0.309375 0.898438 0.096875 0.084375
8 0.428906 0.895312 0.073438 0.078125
8 0.526563 0.885156 0.053125 0.057813
3 0.615625 0.888281 0.056250 0.064062
3 0.714844 0.883594 0.073438 0.054688
3 0.825000 0.890625 0.078125 0.068750
