4 0.217395 0.216898 0.381591 0.380597
4 0.506658 0.078604 0.106992 0.104009
4 0.668075 0.089204 0.126700 0.125209
3 0.868772 0.099137 0.184345 0.145076
3 0.069082 0.493087 0.084964 0.082976
3 0.202413 0.496980 0.092251 0.090760
3 0.345545 0.498883 0.103515 0.094568
3 0.560896 0.550388 0.237344 0.197577
3 0.785665 0.514287 0.124381 0.125375
3 0.072475 0.745876 0.091751 0.104178
3 0.208910 0.745379 0.092746 0.103184
3 0.324797 0.721778 0.049519 0.055981
3 0.432126 0.741571 0.076679 0.095567
3 0.545142 0.726746 0.058960 0.065919
3 0.662508 0.750184 0.087442 0.112793
3 0.808158 0.754571 0.113117 0.121568
3 0.069577 0.906863 0.085955 0.094903
3 0.170933 0.873242 0.026168 0.027659
3 0.277434 0.909181 0.098544 0.099538
3 0.397251 0.888976 0.050678 0.059129
3 0.496954 0.888893 0.059458 0.058961
3 0.600482 0.888976 0.057139 0.059127
