3 0.062208 0.064196 0.071216 0.075193
3 0.173278 0.060138 0.062107 0.067078
3 0.375504 0.163322 0.254059 0.273445
3 0.576310 0.057488 0.058795 0.061777
3 0.702952 0.083491 0.105830 0.113783
3 0.854279 0.074628 0.108484 0.096058
3 0.086803 0.406795 0.120406 0.122891
3 0.251847 0.411682 0.119244 0.132665
3 0.408540 0.401827 0.104505 0.112955
3 0.583147 0.419795 0.156845 0.148892
3 0.776095 0.420874 0.139616 0.151049
3 0.203820 0.691786 0.354440 0.302247
3 0.497166 0.609560 0.144257 0.137795
3 0.661467 0.591260 0.094734 0.101196
3 0.788853 0.580329 0.071381 0.079334
3 0.910771 0.585877 0.083969 0.090431
