3 0.139385 0.149575 0.225572 0.245952
3 0.379556 0.116202 0.165287 0.179205
3 0.544959 0.066515 0.077345 0.079830
3 0.657807 0.060470 0.059291 0.067741
3 0.794718 0.100966 0.126861 0.148732
3 0.082993 0.377097 0.112786 0.119746
3 0.314094 0.442682 0.259364 0.250914
3 0.535224 0.369065 0.092248 0.103681
3 0.736487 0.435563 0.219776 0.236676
3 0.152720 0.739403 0.252241 0.253732
3 0.373159 0.669429 0.099370 0.113785
3 0.542500 0.685824 0.150550 0.146574
3 0.725141 0.679118 0.125208 0.133161
3 0.883281 0.665454 0.100862 0.105833
