3 0.046094 0.047656 0.048438 0.051562
3 0.119531 0.046875 0.029687 0.050000
3 0.189062 0.050000 0.040625 0.056250
3 0.258594 0.042188 0.029687 0.040625
3 0.324219 0.059375 0.032813 0.075000
4 0.389062 0.039062 0.028125 0.034375
3 0.472656 0.054688 0.070312 0.065625
3 0.567969 0.051562 0.051562 0.059375
8 0.685937 0.075781 0.115625 0.107813
8 0.834375 0.088281 0.112500 0.132812
8 0.069531 0.245312 0.095312 0.112500
8 0.196875 0.256250 0.090625 0.134375
8 0.315625 0.237500 0.078125 0.096875
4 0.413281 0.225000 0.048438 0.071875
4 0.489063 0.215625 0.034375 0.053125
8 0.565625 0.229687 0.050000 0.081250
8 0.676562 0.231250 0.103125 0.084375
8 0.796875 0.217188 0.068750 0.056250
8 0.095312 0.430469 0.146875 0.145313
8 0.268750 0.415625 0.131250 0.115625
8 0.408594 0.395313 0.079687 0.075000
4 0.503906 0.386719 0.042188 0.057813
8 0.620313 0.423438 0.121875 0.131250
8 0.753125 0.390625 0.075000 0.065625
4 0.835938 0.371094 0.021875 0.026562
8 0.078906 0.604688 0.114062 0.134375
8 0.200781 0.560156 0.060937 0.045312
8 0.296094 0.575000 0.060937 0.075000
8 0.392188 0.568750 0.062500 0.062500
8 0.498437 0.573438 0.081250 0.071875
4 0.617969 0.563281 0.089063 0.051562
8 0.728906 0.565625 0.064062 0.056250
8 0.818750 0.560937 0.046875 0.046875
8 0.906250 0.567187 0.059375 0.059375
2 0.046094 0.722656 0.048438 0.032813
8 0.131250 0.730469 0.053125 0.048438
3 0.226562 0.753906 0.068750 0.095312
8 0.319531 0.727344 0.048438 0.042188
2 0.425000 0.767969 0.093750 0.123438
8 0.534375 0.729688 0.056250 0.046875
2 0.660937 0.789844 0.128125 0.167187
