3 0.107010 0.099057 0.160821 0.144915
4 0.308632 0.103199 0.154690 0.153199
4 0.489586 0.082413 0.116598 0.111628
8 0.655657 0.091275 0.126865 0.129351
4 0.811465 0.083658 0.094731 0.114117
4 0.088956 0.285406 0.124714 0.120737
4 0.244372 0.281515 0.098044 0.112957
3 0.412980 0.289544 0.150885 0.129014
3 0.563985 0.260647 0.062272 0.071219
3 0.660133 0.247065 0.042067 0.044056
3 0.746650 0.248639 0.043226 0.047203
3 0.841355 0.254352 0.057636 0.058630
4 0.942089 0.256257 0.055979 0.062441
3 0.084154 0.451804 0.115108 0.106658
3 0.222412 0.430935 0.072875 0.064922
3 0.333471 0.426298 0.060618 0.055648
3 0.447351 0.436484 0.079002 0.076019
3 0.622133 0.476645 0.181692 0.156341
3 0.809854 0.451971 0.104009 0.106992
3 0.074050 0.646245 0.094901 0.092416
3 0.205908 0.640532 0.080492 0.080989
4 0.324034 0.636640 0.066744 0.073206
3 0.433481 0.634901 0.063763 0.069728
3 0.632985 0.632168 0.062770 0.064261
3 0.740963 0.629849 0.063102 0.059623
3 0.845380 0.628938 0.056311 0.057802
3 0.084650 0.793599 0.116101 0.112125
8 0.247906 0.799894 0.120737 0.124714
4 0.471666 0.848336 0.237007 0.221598
4 0.657764 0.762629 0.046704 0.050184
4 0.745739 0.760973 0.041404 0.046872
4 0.840372 0.768426 0.058795 0.061777
4 0.931241 0.755921 0.034283 0.036768
