4 0.043750 0.085938 0.043750 0.128125
8 0.131250 0.046875 0.062500 0.050000
3 0.245312 0.092188 0.096875 0.140625
3 0.437500 0.089844 0.218750 0.135937
3 0.624219 0.063281 0.085938 0.082812
3 0.732031 0.040625 0.060937 0.037500
3 0.832812 0.051562 0.071875 0.059375
3 0.917969 0.055469 0.029687 0.067187
3 0.056250 0.229687 0.068750 0.065625
3 0.151562 0.222656 0.053125 0.051562
8 0.253125 0.245312 0.081250 0.096875
4 0.356250 0.238281 0.056250 0.082812
8 0.467187 0.242188 0.096875 0.090625
3 0.582812 0.224219 0.065625 0.054688
3 0.673438 0.242188 0.046875 0.090625
3 0.780469 0.260156 0.098437 0.126562
4 0.895312 0.233594 0.062500 0.073438
4 0.041406 0.378906 0.039062 0.042188
4 0.143750 0.393750 0.096875 0.071875
3 0.277344 0.416406 0.101562 0.117188
3 0.381250 0.396875 0.037500 0.078125
3 0.451562 0.381250 0.034375 0.046875
3 0.525781 0.389844 0.045312 0.064062
3 0.605469 0.389062 0.045312 0.062500
3 0.700000 0.410938 0.075000 0.106250
3 0.804688 0.408594 0.065625 0.101562
3 0.083594 0.544531 0.123438 0.070312
3 0.209375 0.550000 0.059375 0.081250
4 0.305469 0.552344 0.064062 0.085938
4 0.402344 0.536719 0.060937 0.054688
4 0.485938 0.530469 0.037500 0.042188
3 0.564063 0.539844 0.050000 0.060937
3 0.644531 0.551562 0.042188 0.084375
3 0.727344 0.543750 0.054688 0.068750
3 0.842969 0.553125 0.107813 0.087500
3 0.943750 0.532031 0.025000 0.045312
3 0.041406 0.700781 0.039062 0.139063
3 0.104688 0.657813 0.018750 0.053125
8 0.185156 0.664844 0.073438 0.067187
8 0.300781 0.681250 0.089063 0.100000
8 0.435937 0.669531 0.112500 0.076563
8 0.575000 0.671094 0.096875 0.079687
8 0.693750 0.658594 0.071875 0.054688
8 0.795312 0.662500 0.062500 0.062500
8 0.907813 0.676562 0.093750 0.090625
4 0.042188 0.826562 0.040625 0.043750
8 0.122656 0.831250 0.051562 0.053125
8 0.225781 0.847656 0.085938 0.085938
8 0.334375 0.835156 0.062500 0.060937
8 0.419531 0.825781 0.039062 0.042188
8 0.486719 0.817969 0.026562 0.026562
8 0.560156 0.828125 0.051562 0.046875
8 0.645312 0.827344 0.050000 0.045312
8 0.729688 0.828906 0.050000 0.048438
8 0.817187 0.832031 0.056250 0.054688
4 0.904687 0.840625 0.050000 0.071875
