3 0.091521 0.099475 0.129844 0.145750
3 0.323747 0.141291 0.244294 0.229382
3 0.525525 0.061711 0.069726 0.070223
3 0.632962 0.057571 0.056476 0.061943
3 0.729225 0.051029 0.045876 0.048859
3 0.866971 0.092185 0.140117 0.131170
3 0.081007 0.352207 0.108814 0.104340
3 0.254586 0.369431 0.149724 0.138788
3 0.506056 0.423671 0.265163 0.247268
3 0.740154 0.360075 0.114609 0.120076
3 0.906154 0.367446 0.127858 0.134817
3 0.117692 0.679837 0.182185 0.175226
3 0.297963 0.636777 0.089601 0.089104
3 0.440286 0.651436 0.105498 0.118422
2 0.589873 0.644312 0.104673 0.104176
2 0.750473 0.657397 0.125871 0.130345
2 0.908198 0.643070 0.100697 0.101692
2 0.065189 0.853612 0.077178 0.082149
8 0.202302 0.863134 0.107655 0.101193
8 0.338131 0.847648 0.076187 0.070222
8 0.492975 0.880938 0.145251 0.136801
8 0.656768 0.862556 0.091587 0.100037
8 0.789559 0.858166 0.085294 0.091258
8 0.924713 0.859159 0.096226 0.093244
