2 0.080594 0.071647 0.107989 0.090094
3 0.216078 0.063450 0.072707 0.073702
3 0.334342 0.067757 0.074859 0.082315
3 0.458805 0.074962 0.086286 0.096725
3 0.563888 0.044073 0.033952 0.034946
3 0.643421 0.046971 0.036767 0.040744
3 0.737671 0.061961 0.062769 0.070722
3 0.831655 0.045646 0.035111 0.038093
3 0.082995 0.217406 0.112791 0.100364
3 0.219937 0.205981 0.071050 0.077512
3 0.378707 0.244652 0.157341 0.154855
2 0.591535 0.241999 0.179871 0.149549
3 0.762208 0.201591 0.071218 0.068732
3 0.882884 0.211612 0.081318 0.088774
3 0.086554 0.428919 0.119909 0.123388
3 0.217742 0.391819 0.054159 0.049188
3 0.326281 0.405400 0.074363 0.076352
3 0.475505 0.437366 0.135311 0.140282
3 0.617432 0.397616 0.059789 0.060783
3 0.770808 0.461963 0.157167 0.189477
3 0.932542 0.409210 0.077509 0.083971
3 0.058813 0.631825 0.064427 0.060451
3 0.160072 0.629176 0.048194 0.055153
3 0.266834 0.641515 0.077345 0.079830
3 0.415045 0.660394 0.130015 0.117588
3 0.567271 0.643336 0.084467 0.083473
3 0.717164 0.660808 0.124880 0.118418
3 0.882187 0.661306 0.117425 0.119413
3 0.073717 0.819739 0.094235 0.108154
3 0.201767 0.805992 0.072209 0.080659
4 0.330382 0.817171 0.095065 0.103018
4 0.478471 0.826446 0.113117 0.121568
4 0.619887 0.810546 0.080324 0.089769
4 0.746047 0.807233 0.082645 0.083142
4 0.873437 0.808558 0.084301 0.085792
