4 0.060156 0.060937 0.076563 0.078125
4 0.156250 0.060156 0.046875 0.076563
4 0.253125 0.092969 0.078125 0.142187
4 0.369531 0.067187 0.085938 0.090625
3 0.510156 0.062500 0.126562 0.081250
4 0.642969 0.044531 0.070312 0.045312
3 0.753906 0.064062 0.082812 0.084375
3 0.862500 0.049219 0.065625 0.054688
3 0.181250 0.291406 0.318750 0.185938
3 0.425000 0.290625 0.100000 0.184375
3 0.570312 0.243750 0.121875 0.090625
3 0.707812 0.232813 0.084375 0.068750
3 0.829688 0.248438 0.090625 0.100000
3 0.927344 0.223438 0.035937 0.050000
3 0.078125 0.478906 0.112500 0.120313
4 0.191406 0.466406 0.045312 0.095312
4 0.286719 0.457813 0.076563 0.078125
8 0.450000 0.507812 0.181250 0.178125
8 0.628906 0.471094 0.107813 0.104688
8 0.783594 0.489844 0.132812 0.142187
3 0.116406 0.746094 0.189062 0.229687
3 0.296094 0.713281 0.101562 0.164062
3 0.410938 0.657031 0.059375 0.051562
4 0.499219 0.654687 0.048438 0.046875
3 0.589844 0.664062 0.064062 0.065625
8 0.678125 0.656250 0.043750 0.050000
2 0.784375 0.681250 0.100000 0.100000
8 0.917188 0.691406 0.096875 0.120313
8 0.046094 0.917188 0.048438 0.043750
