2 0.100000 0.120313 0.156250 0.196875
2 0.372656 0.071094 0.320312 0.098437
4 0.606250 0.058594 0.078125 0.073438
4 0.707031 0.046094 0.054688 0.048438
4 0.782813 0.039844 0.028125 0.035937
4 0.859375 0.067969 0.056250 0.092188
2 0.948438 0.047656 0.053125 0.051562
2 0.074219 0.332031 0.104688 0.157812
2 0.258594 0.307812 0.195312 0.109375
2 0.502344 0.287500 0.223438 0.068750
2 0.697656 0.295312 0.098437 0.084375
2 0.844531 0.297656 0.126562 0.089063
2 0.097656 0.492969 0.151562 0.095312
2 0.256250 0.474219 0.096875 0.057813
2 0.384375 0.478906 0.090625 0.067187
2 0.572656 0.481250 0.217188 0.071875
3 0.753125 0.472656 0.075000 0.054688
3 0.861719 0.485938 0.073438 0.081250
3 0.053906 0.600781 0.064062 0.051562
3 0.172656 0.600781 0.104688 0.051562
3 0.297656 0.599219 0.076563 0.048438
3 0.418750 0.609375 0.096875 0.068750
3 0.552344 0.619531 0.101562 0.089063
2 0.657031 0.589844 0.039062 0.029687
3 0.748437 0.607031 0.075000 0.064062
3 0.852344 0.619531 0.064062 0.089063
3 0.946875 0.600000 0.056250 0.050000
3 0.048438 0.726562 0.053125 0.056250
2 0.183594 0.750000 0.148438 0.103125
2 0.328125 0.737500 0.071875 0.078125
2 0.460156 0.737500 0.123438 0.078125
2 0.622656 0.735938 0.132812 0.075000
3 0.762500 0.731250 0.078125 0.065625
3 0.869531 0.750781 0.067187 0.104688
