4 0.063533 0.065024 0.073866 0.076849
3 0.169364 0.052106 0.048029 0.051012
3 0.281923 0.073719 0.088772 0.094240
3 0.421609 0.080841 0.102518 0.108483
3 0.547368 0.056743 0.060286 0.060286
8 0.685759 0.088707 0.127695 0.124215
8 0.843888 0.074464 0.100202 0.095728
8 0.065024 0.232283 0.076849 0.073866
8 0.185491 0.232614 0.074033 0.074530
8 0.315089 0.242220 0.095729 0.093741
8 0.440229 0.226486 0.064758 0.062273
8 0.547948 0.223836 0.061446 0.056973
8 0.664549 0.233939 0.082149 0.077178
2 0.798813 0.242386 0.097552 0.094072
8 0.074216 0.381531 0.095232 0.094238
8 0.280851 0.452832 0.230378 0.236840
2 0.548813 0.441569 0.216302 0.214313
2 0.777124 0.404220 0.151049 0.139616
2 0.133342 0.723150 0.213485 0.214976
4 0.336915 0.665431 0.105005 0.099537
4 0.491469 0.672719 0.114113 0.114113
4 0.645296 0.663194 0.103018 0.095065
8 0.775194 0.648952 0.069065 0.066579
