3 0.073438 0.088281 0.103125 0.132812
3 0.210938 0.064062 0.103125 0.084375
3 0.337500 0.071094 0.081250 0.098437
4 0.441406 0.063281 0.057813 0.082812
4 0.521094 0.039844 0.032813 0.035937
4 0.592969 0.046875 0.042188 0.050000
4 0.665625 0.041406 0.034375 0.039062
4 0.732812 0.042188 0.031250 0.040625
8 0.088281 0.228906 0.132812 0.079687
4 0.230469 0.231250 0.082812 0.084375
4 0.325000 0.203906 0.037500 0.029687
4 0.392969 0.205469 0.029687 0.032813
4 0.471875 0.219531 0.059375 0.060937
4 0.560937 0.221875 0.050000 0.065625
4 0.641406 0.214844 0.042188 0.051562
4 0.718750 0.217188 0.043750 0.056250
4 0.791406 0.212500 0.032813 0.046875
4 0.854688 0.217969 0.025000 0.057813
4 0.921875 0.212500 0.040625 0.046875
4 0.048438 0.325781 0.053125 0.035937
8 0.179688 0.356250 0.140625 0.096875
3 0.303906 0.324219 0.039062 0.032813
3 0.370312 0.325781 0.025000 0.035937
3 0.444531 0.339062 0.054688 0.062500
3 0.528906 0.335156 0.045312 0.054688
3 0.612500 0.328906 0.053125 0.042188
3 0.688281 0.323437 0.029687 0.031250
3 0.772656 0.340625 0.070312 0.065625
3 0.867188 0.337500 0.050000 0.059375
4 0.949219 0.330469 0.045312 0.045312
8 0.042188 0.460938 0.040625 0.043750
2 0.158594 0.505469 0.123438 0.132812
8 0.330469 0.512500 0.151562 0.146875
8 0.485938 0.489844 0.090625 0.101562
8 0.596875 0.465625 0.062500 0.053125
3 0.689063 0.476562 0.053125 0.075000
3 0.770312 0.464062 0.040625 0.050000
3 0.839844 0.451562 0.029687 0.025000
3 0.914062 0.457031 0.050000 0.035937
3 0.038281 0.638281 0.032813 0.035937
3 0.105469 0.641406 0.032813 0.042188
3 0.185938 0.643750 0.059375 0.046875
3 0.281250 0.664844 0.062500 0.089063
3 0.373437 0.653906 0.053125 0.067187
3 0.461719 0.653125 0.054688 0.065625
3 0.563281 0.671875 0.079687 0.103125
3 0.665625 0.650000 0.056250 0.059375
3 0.753125 0.653906 0.050000 0.067187
3 0.830469 0.638281 0.035937 0.035937
3 0.899219 0.634375 0.032813 0.028125
3 0.054688 0.783594 0.065625 0.051562
3 0.146094 0.774219 0.048438 0.032813
3 0.225781 0.783594 0.042188 0.051562
3 0.295312 0.778125 0.028125 0.040625
3 0.367969 0.785937 0.048438 0.056250
3 0.446875 0.778906 0.040625 0.042188
3 0.525000 0.783594 0.046875 0.051562
3 0.597656 0.778906 0.029687 0.042188
3 0.660937 0.782031 0.028125 0.048438
3 0.725781 0.783594 0.032813 0.051562
3 0.797656 0.787500 0.042188 0.059375
3 0.864844 0.772656 0.023438 0.029687
3 0.934375 0.802344 0.046875 0.089063
3 0.041406 0.911719 0.039062 0.060937
3 0.116406 0.903906 0.042188 0.045312
4 0.196875 0.906250 0.050000 0.050000
3 0.281250 0.903125 0.050000 0.043750
4 0.354687 0.898438 0.028125 0.034375
4 0.419531 0.907031 0.032813 0.051562
8 0.488281 0.898438 0.035937 0.034375
8 0.552344 0.893750 0.023438 0.025000
2 0.671094 0.912500 0.145313 0.062500
4 0.796094 0.900781 0.035937 0.039062
3 0.886719 0.910156 0.076563 0.057813
