8 0.163652 0.158681 0.274105 0.264163
2 0.491845 0.155697 0.292991 0.258196
8 0.753321 0.099308 0.140943 0.145416
3 0.094006 0.409594 0.134813 0.147240
3 0.282970 0.412160 0.153365 0.152371
3 0.474366 0.413818 0.139284 0.155687
3 0.645327 0.398167 0.112454 0.124384
3 0.796680 0.391707 0.099536 0.111466
3 0.121501 0.628391 0.189803 0.184832
3 0.308508 0.581023 0.095068 0.090097
3 0.441277 0.575475 0.082480 0.079001
3 0.612804 0.627399 0.172409 0.182848
3 0.804487 0.596923 0.121400 0.121897
2 0.098395 0.842429 0.143591 0.153533
4 0.269169 0.818246 0.110139 0.105168
4 0.402076 0.803425 0.066578 0.075525
4 0.529741 0.821146 0.100033 0.110968
