2 0.120758 0.106840 0.188317 0.160481
2 0.327319 0.083571 0.135814 0.113943
3 0.467751 0.058234 0.057304 0.063269
3 0.610969 0.095166 0.140613 0.137134
8 0.755583 0.056826 0.057967 0.060452
4 0.873863 0.070738 0.088276 0.088276
2 0.121996 0.332897 0.190793 0.203220
2 0.330110 0.299357 0.135147 0.136141
2 0.514767 0.304078 0.145084 0.145581
2 0.680393 0.283376 0.098212 0.104177
2 0.849744 0.303580 0.152539 0.144585
2 0.117033 0.550772 0.180867 0.142095
2 0.311388 0.543738 0.119577 0.128027
2 0.509818 0.572886 0.188312 0.186323
2 0.725157 0.559140 0.153364 0.158832
2 0.909765 0.546057 0.125705 0.132664
2 0.081339 0.758506 0.109479 0.095063
8 0.206296 0.735486 0.050018 0.049024
2 0.314280 0.742193 0.075360 0.062436
4 0.467548 0.787824 0.141272 0.153699
4 0.670050 0.794944 0.174400 0.167938
4 0.874803 0.790640 0.146406 0.159330
