3 0.232133 0.243069 0.411067 0.432938
3 0.613991 0.068004 0.087283 0.082810
3 0.729920 0.056412 0.056642 0.059624
3 0.872887 0.103284 0.139450 0.153368
3 0.116449 0.596810 0.179698 0.184172
8 0.280004 0.533377 0.056808 0.057305
4 0.401275 0.551347 0.096226 0.093244
4 0.533951 0.539918 0.080328 0.070387
4 0.676838 0.560787 0.116101 0.112125
4 0.821460 0.550188 0.083471 0.090928
4 0.920685 0.518803 0.025671 0.028156
4 0.091854 0.801086 0.130508 0.136473
4 0.231494 0.763241 0.059789 0.060783
3 0.341233 0.770032 0.069891 0.074365
3 0.447264 0.756533 0.053828 0.047366
3 0.548681 0.766471 0.059788 0.067244
3 0.692787 0.802410 0.138625 0.139122
3 0.830467 0.759267 0.048360 0.052834
3 0.926879 0.761502 0.056808 0.057305
