4 0.233942 0.100632 0.149059 0.148065
2 0.405995 0.078190 0.105667 0.103181
2 0.559722 0.080923 0.113120 0.108646
8 0.707430 0.077032 0.092912 0.100865
8 0.841453 0.070821 0.085957 0.088442
8 0.062125 0.254313 0.071051 0.071051
8 0.195968 0.273774 0.107488 0.109973
8 0.352085 0.281061 0.116596 0.124549
8 0.488015 0.250089 0.066581 0.062604
8 0.615181 0.274768 0.099039 0.111963
8 0.743778 0.254396 0.068732 0.071218
8 0.847489 0.244293 0.048029 0.051012
8 0.066597 0.428280 0.079995 0.081486
8 0.209897 0.449811 0.116596 0.124549
4 0.356179 0.428942 0.087283 0.082810
4 0.490741 0.434242 0.093907 0.093410
8 0.615808 0.420247 0.065917 0.065420
8 0.726911 0.421158 0.066248 0.067242
8 0.873539 0.460825 0.137629 0.146577
8 0.056246 0.605572 0.059293 0.054820
8 0.152332 0.600769 0.045215 0.045215
4 0.259034 0.615426 0.080493 0.074528
4 0.379313 0.613688 0.071051 0.071051
2 0.536594 0.644160 0.154364 0.131995
8 0.695114 0.615178 0.074530 0.074033
4 0.800614 0.603668 0.048029 0.051012
2 0.079846 0.813438 0.106492 0.117428
4 0.209134 0.782962 0.061943 0.056476
8 0.320186 0.790002 0.071549 0.070554
2 0.499414 0.836206 0.198753 0.162963
8 0.668796 0.779236 0.050018 0.049024
2 0.775537 0.787185 0.072875 0.064922
8 0.879971 0.778408 0.047368 0.047368
