3 0.061719 0.099219 0.079687 0.154688
8 0.149219 0.035156 0.026562 0.026562
3 0.215625 0.049219 0.037500 0.054688
3 0.296094 0.040625 0.054688 0.037500
3 0.410938 0.056250 0.106250 0.068750
3 0.557031 0.064062 0.117188 0.084375
3 0.683594 0.047656 0.067187 0.051562
3 0.785937 0.074219 0.068750 0.104688
3 0.899219 0.058594 0.089063 0.073438
4 0.059375 0.257031 0.075000 0.092188
8 0.152344 0.238281 0.042188 0.054688
2 0.246094 0.242969 0.076563 0.064062
8 0.367969 0.250781 0.098437 0.079687
2 0.471094 0.232813 0.039062 0.043750
2 0.554688 0.236719 0.059375 0.051562
4 0.679688 0.267969 0.121875 0.114062
4 0.797656 0.233594 0.045312 0.045312
4 0.871094 0.231250 0.032813 0.040625
3 0.948438 0.248438 0.053125 0.075000
4 0.050781 0.396875 0.057813 0.075000
8 0.136719 0.384375 0.045312 0.050000
4 0.215625 0.381250 0.043750 0.043750
4 0.296875 0.402344 0.050000 0.085938
8 0.385156 0.386719 0.057813 0.054688
4 0.474219 0.378906 0.051562 0.039062
4 0.575000 0.396875 0.081250 0.075000
8 0.670312 0.392969 0.040625 0.067187
3 0.781250 0.396875 0.112500 0.075000
3 0.117188 0.580469 0.190625 0.201563
3 0.295312 0.512500 0.096875 0.065625
4 0.408594 0.510156 0.060937 0.060937
3 0.510938 0.582812 0.075000 0.206250
3 0.653125 0.535156 0.140625 0.110937
3 0.845313 0.556250 0.175000 0.153125
3 0.052344 0.760938 0.060937 0.081250
3 0.207813 0.767969 0.181250 0.095312
3 0.358594 0.771094 0.051562 0.101562
3 0.470313 0.752344 0.103125 0.064062
3 0.578125 0.758594 0.043750 0.076563
3 0.671094 0.753125 0.073438 0.065625
3 0.785156 0.751563 0.085938 0.062500
3 0.894531 0.748437 0.064062 0.056250
