3 0.101791 0.104276 0.150383 0.155354
3 0.312426 0.106178 0.181029 0.159157
3 0.502975 0.081420 0.112126 0.109641
3 0.651357 0.078523 0.096390 0.103846
3 0.781962 0.067012 0.076350 0.080824
3 0.906911 0.076370 0.085623 0.099541
3 0.057488 0.262352 0.061776 0.065255
3 0.156864 0.258461 0.048028 0.057473
3 0.304780 0.324380 0.159487 0.189311
3 0.494151 0.296636 0.128852 0.133823
3 0.636948 0.266990 0.067572 0.074531
3 0.751519 0.267072 0.071713 0.074696
3 0.858862 0.260282 0.055151 0.061115
3 0.081916 0.526126 0.110632 0.124053
3 0.213252 0.494574 0.063930 0.060948
4 0.329428 0.506665 0.080657 0.085130
4 0.481174 0.539128 0.134150 0.150056
3 0.662778 0.538878 0.141107 0.149558
3 0.837536 0.530681 0.118747 0.133162
3 0.055997 0.690301 0.058795 0.061777
3 0.165747 0.697671 0.072044 0.076518
3 0.331132 0.736673 0.168440 0.154521
3 0.518372 0.725331 0.117919 0.131837
3 0.674827 0.716304 0.105830 0.113783
3 0.814807 0.704793 0.085791 0.090761
3 0.077445 0.908198 0.101692 0.100697
3 0.226556 0.912422 0.106162 0.109145
