3 0.181461 0.154867 0.309723 0.256536
3 0.491593 0.126218 0.220612 0.199238
3 0.784793 0.156776 0.275762 0.260353
3 0.081419 0.390580 0.109639 0.118587
3 0.249273 0.406481 0.135972 0.150387
3 0.469775 0.444739 0.214477 0.226904
3 0.707868 0.422960 0.171912 0.183345
3 0.903195 0.393146 0.128192 0.123718
3 0.099886 0.678437 0.146574 0.150550
3 0.265502 0.657156 0.096555 0.107987
3 0.390312 0.633139 0.064925 0.059954
3 0.548213 0.686884 0.161976 0.167444
3 0.744775 0.670735 0.142601 0.135145
3 0.910579 0.648293 0.099209 0.090262
