4 0.063036 0.062291 0.072874 0.071382
4 0.181962 0.067012 0.076350 0.080824
4 0.301695 0.068668 0.075190 0.084137
4 0.405280 0.047716 0.041736 0.042233
4 0.508607 0.069082 0.076515 0.084965
2 0.674290 0.108168 0.164131 0.163137
4 0.838367 0.067343 0.073534 0.081487
4 0.943536 0.054011 0.046372 0.054822
4 0.062455 0.278221 0.071711 0.087617
2 0.192740 0.279708 0.101031 0.090592
8 0.327368 0.277474 0.079662 0.086124
2 0.499406 0.316559 0.173739 0.164294
2 0.736541 0.333701 0.210507 0.198577
2 0.072725 0.526772 0.092250 0.097221
2 0.212958 0.527269 0.097716 0.098213
2 0.364835 0.530497 0.117097 0.104670
2 0.550368 0.554346 0.166287 0.152368
3 0.770987 0.599568 0.185649 0.242813
3 0.060469 0.801768 0.067738 0.072212
3 0.181332 0.813859 0.084464 0.096394
4 0.302903 0.807980 0.068232 0.084636
3 0.523080 0.793321 0.052336 0.055318
3 0.630141 0.802513 0.072707 0.073702
4 0.733333 0.788518 0.044717 0.045712
4 0.826122 0.794481 0.052169 0.057637
