3 0.079687 0.083594 0.115625 0.123438
3 0.212500 0.072656 0.081250 0.101562
4 0.323437 0.042188 0.071875 0.040625
3 0.417187 0.053125 0.046875 0.062500
3 0.521875 0.060937 0.093750 0.078125
3 0.642969 0.050781 0.079687 0.057813
3 0.753906 0.042188 0.073438 0.040625
3 0.851562 0.054688 0.053125 0.065625
3 0.930469 0.046094 0.035937 0.048438
3 0.068750 0.220312 0.093750 0.081250
4 0.234375 0.198437 0.028125 0.037500
4 0.309375 0.216406 0.053125 0.073438
8 0.392969 0.199219 0.045312 0.039062
8 0.560156 0.205469 0.042188 0.051562
4 0.639844 0.206250 0.048438 0.053125
3 0.725000 0.214844 0.053125 0.070312
3 0.827344 0.204687 0.082812 0.050000
3 0.142187 0.398438 0.240625 0.206250
3 0.386719 0.382812 0.179688 0.175000
3 0.546875 0.340625 0.071875 0.090625
4 0.632812 0.314063 0.031250 0.037500
4 0.695312 0.312500 0.025000 0.034375
8 0.794531 0.338281 0.104688 0.085938
3 0.911719 0.325781 0.060937 0.060937
8 0.054688 0.570312 0.065625 0.068750
4 0.150000 0.571094 0.056250 0.070312
4 0.238281 0.564844 0.051562 0.057813
3 0.340625 0.564844 0.084375 0.057813
3 0.485156 0.597656 0.135937 0.123438
3 0.617969 0.566406 0.060937 0.060937
3 0.711719 0.557813 0.057813 0.043750
3 0.814844 0.563281 0.079687 0.054688
4 0.907031 0.552344 0.035937 0.032813
4 0.049219 0.718750 0.054688 0.050000
4 0.135937 0.725781 0.050000 0.064062
4 0.217188 0.729688 0.043750 0.071875
4 0.288281 0.709375 0.029687 0.031250
4 0.360156 0.729688 0.045312 0.071875
2 0.477344 0.752344 0.120313 0.117188
4 0.593750 0.728125 0.043750 0.068750
4 0.661719 0.718750 0.023438 0.050000
4 0.724219 0.735156 0.032813 0.082812
2 0.817969 0.720313 0.085938 0.053125
8 0.920312 0.728906 0.050000 0.070312
2 0.090625 0.899219 0.137500 0.107813
2 0.277344 0.910156 0.167187 0.129688
2 0.425781 0.883594 0.060937 0.076563
2 0.525781 0.881250 0.070312 0.071875
2 0.645312 0.875781 0.100000 0.060937
2 0.798438 0.892188 0.137500 0.093750
