2 0.140625 0.154688 0.237500 0.265625
4 0.353906 0.064062 0.120313 0.084375
2 0.508594 0.089844 0.120313 0.135937
8 0.648438 0.089844 0.090625 0.135937
8 0.832031 0.089844 0.207813 0.135937
8 0.041406 0.338281 0.039062 0.032813
8 0.113281 0.347656 0.035937 0.051562
3 0.197656 0.357812 0.064062 0.071875
4 0.295312 0.357031 0.062500 0.070312
2 0.403906 0.382031 0.085938 0.120313
4 0.507812 0.346094 0.053125 0.048438
3 0.596094 0.354687 0.054688 0.065625
4 0.667969 0.332031 0.020313 0.020313
3 0.752344 0.372656 0.079687 0.101562
4 0.839063 0.339844 0.025000 0.035937
4 0.901563 0.359375 0.031250 0.075000
3 0.056250 0.505469 0.068750 0.057813
3 0.151562 0.507031 0.053125 0.060937
3 0.259375 0.524219 0.093750 0.095312
8 0.402344 0.569531 0.123438 0.185938
8 0.532031 0.507812 0.067187 0.062500
8 0.632812 0.509375 0.065625 0.065625
8 0.721875 0.501563 0.043750 0.050000
8 0.808594 0.519531 0.060937 0.085938
8 0.892969 0.498437 0.039062 0.043750
8 0.962500 0.494531 0.031250 0.035937
3 0.041406 0.730469 0.039062 0.067187
3 0.113281 0.725000 0.035937 0.056250
3 0.187500 0.713281 0.043750 0.032813
3 0.269531 0.718750 0.051562 0.043750
3 0.378125 0.724219 0.096875 0.054688
4 0.482031 0.717969 0.042188 0.042188
3 0.558594 0.721094 0.042188 0.048438
3 0.635938 0.715625 0.043750 0.037500
3 0.714063 0.735938 0.043750 0.078125
3 0.792969 0.732812 0.045312 0.071875
3 0.870313 0.713281 0.040625 0.032813
