3 0.125312 0.114128 0.197425 0.175057
2 0.309612 0.071898 0.081649 0.090597
2 0.447437 0.082166 0.104174 0.111133
2 0.585358 0.067922 0.083142 0.082645
2 0.715553 0.071235 0.087282 0.089270
2 0.859887 0.085064 0.113450 0.116929
2 0.115370 0.347612 0.177541 0.201400
3 0.293688 0.295357 0.090428 0.096890
3 0.457045 0.332044 0.148392 0.170263
3 0.630510 0.299579 0.107820 0.105334
3 0.758459 0.280617 0.057468 0.067410
3 0.863251 0.283847 0.063928 0.073869
2 0.161417 0.620083 0.269634 0.255716
3 0.408651 0.554497 0.135977 0.124545
2 0.577811 0.539673 0.111798 0.094897
3 0.715841 0.529903 0.075358 0.075358
3 0.841039 0.535783 0.085129 0.087117
3 0.061960 0.826839 0.070721 0.069229
3 0.197210 0.849199 0.109972 0.113948
