2 0.170196 0.154290 0.287194 0.255381
3 0.418882 0.082910 0.122065 0.112620
4 0.557001 0.063534 0.063928 0.073869
8 0.681791 0.074547 0.097882 0.095894
2 0.866960 0.105847 0.183845 0.158494
2 0.079351 0.372889 0.105503 0.092579
3 0.212953 0.363450 0.072707 0.073702
3 0.315649 0.349952 0.043723 0.046706
8 0.432205 0.375209 0.098710 0.097219
8 0.560635 0.360386 0.068070 0.067573
8 0.676530 0.364527 0.074861 0.075855
8 0.801574 0.370075 0.087448 0.086951
4 0.921716 0.360138 0.062107 0.067078
4 0.096907 0.534124 0.140614 0.130673
3 0.283423 0.538927 0.141772 0.140281
8 0.453295 0.524850 0.109641 0.112126
8 0.657833 0.579423 0.209342 0.221272
8 0.090447 0.796520 0.127695 0.124215
8 0.245428 0.781117 0.093907 0.093410
