3 0.107813 0.085938 0.171875 0.128125
3 0.276562 0.054688 0.096875 0.065625
3 0.381250 0.052344 0.043750 0.060937
3 0.467969 0.060937 0.060937 0.078125
3 0.552344 0.067187 0.039062 0.090625
3 0.618750 0.057813 0.025000 0.071875
3 0.310156 0.414844 0.576562 0.460938
3 0.664844 0.226562 0.064062 0.084375
3 0.806250 0.238281 0.150000 0.107813
3 0.062500 0.718750 0.081250 0.078125
3 0.187500 0.723437 0.100000 0.087500
3 0.317969 0.715625 0.092188 0.071875
3 0.421094 0.709375 0.045312 0.059375
3 0.505469 0.707812 0.054688 0.056250
3 0.625000 0.761719 0.115625 0.164062
3 0.767969 0.746094 0.101562 0.132812
3 0.909375 0.750781 0.112500 0.142187
3 0.064844 0.921875 0.085938 0.087500
3 0.166406 0.911719 0.048438 0.067187
