3 0.045312 0.045312 0.046875 0.046875
3 0.139063 0.051562 0.071875 0.059375
3 0.230469 0.057031 0.042188 0.070312
3 0.369531 0.073438 0.167187 0.103125
3 0.516406 0.054688 0.057813 0.065625
3 0.610938 0.046875 0.062500 0.050000
3 0.704688 0.042969 0.056250 0.042188
3 0.835156 0.081250 0.135937 0.118750
3 0.087500 0.249219 0.131250 0.148438
3 0.315625 0.279687 0.256250 0.209375
3 0.501563 0.210938 0.046875 0.071875
3 0.589844 0.201563 0.060937 0.053125
3 0.708594 0.216406 0.107813 0.082812
3 0.826562 0.200781 0.059375 0.051562
3 0.932813 0.213281 0.084375 0.076563
3 0.063281 0.450781 0.082812 0.064062
3 0.172656 0.453125 0.067187 0.068750
3 0.271094 0.457031 0.060937 0.076563
3 0.365625 0.447656 0.059375 0.057813
3 0.467187 0.448437 0.075000 0.059375
3 0.594531 0.462500 0.110937 0.087500
3 0.720313 0.449219 0.071875 0.060937
3 0.818750 0.464844 0.056250 0.092188
3 0.089063 0.591406 0.134375 0.092188
3 0.218750 0.578125 0.056250 0.065625
3 0.297656 0.575000 0.032813 0.059375
3 0.368750 0.578125 0.040625 0.065625
3 0.439063 0.560156 0.031250 0.029687
3 0.501563 0.558594 0.025000 0.026562
3 0.579688 0.576562 0.062500 0.062500
3 0.698438 0.603125 0.106250 0.115625
3 0.807031 0.564063 0.042188 0.037500
3 0.882031 0.599219 0.039062 0.107813
3 0.066406 0.760938 0.089063 0.131250
3 0.158594 0.718750 0.026562 0.046875
3 0.221875 0.728125 0.031250 0.065625
3 0.292969 0.721875 0.042188 0.053125
3 0.375000 0.735156 0.053125 0.079687
3 0.471094 0.726562 0.070312 0.062500
3 0.554688 0.711719 0.028125 0.032813
3 0.635156 0.721094 0.064062 0.051562
3 0.732031 0.721875 0.060937 0.053125
3 0.817187 0.721094 0.040625 0.051562
3 0.914062 0.731250 0.084375 0.071875
4 0.053125 0.896875 0.062500 0.071875
4 0.147656 0.893750 0.057813 0.065625
4 0.232031 0.899219 0.042188 0.076563
