3 0.062500 0.063281 0.081250 0.082812
3 0.225000 0.097656 0.175000 0.151562
3 0.395313 0.069531 0.096875 0.095312
3 0.515625 0.097656 0.075000 0.151562
3 0.618750 0.049219 0.062500 0.054688
3 0.710156 0.053125 0.051562 0.062500
3 0.799219 0.044531 0.057813 0.045312
3 0.886719 0.046094 0.048438 0.048438
4 0.039062 0.235156 0.034375 0.054688
4 0.110156 0.223438 0.039062 0.031250
4 0.182031 0.234375 0.035937 0.053125
3 0.254688 0.246875 0.040625 0.078125
3 0.357812 0.275781 0.096875 0.135937
4 0.464062 0.229687 0.046875 0.043750
3 0.547656 0.248438 0.051562 0.081250
3 0.659375 0.258594 0.103125 0.101562
3 0.782031 0.257031 0.073438 0.098437
4 0.873437 0.249219 0.040625 0.082812
8 0.950000 0.275000 0.043750 0.134375
3 0.079687 0.444531 0.115625 0.132812
3 0.235937 0.446875 0.128125 0.137500
3 0.382812 0.445312 0.096875 0.134375
3 0.490625 0.400000 0.050000 0.043750
8 0.588281 0.420312 0.076563 0.084375
8 0.696875 0.431250 0.071875 0.106250
3 0.813281 0.428906 0.092188 0.101562
3 0.928906 0.410938 0.070312 0.065625
3 0.056250 0.587500 0.068750 0.075000
3 0.162500 0.582812 0.075000 0.065625
3 0.273438 0.593750 0.078125 0.087500
3 0.361719 0.571094 0.029687 0.042188
3 0.426563 0.590625 0.031250 0.081250
3 0.503906 0.589844 0.054688 0.079687
3 0.617188 0.596875 0.103125 0.093750
3 0.724219 0.588281 0.042188 0.076563
3 0.795312 0.570312 0.031250 0.040625
3 0.871094 0.579688 0.051562 0.059375
3 0.953906 0.572656 0.045312 0.045312
3 0.066406 0.741406 0.089063 0.126562
3 0.185156 0.702344 0.079687 0.048438
3 0.287500 0.696875 0.056250 0.037500
3 0.385937 0.708594 0.071875 0.060937
3 0.487500 0.714844 0.062500 0.073438
3 0.602344 0.717969 0.098437 0.079687
3 0.741406 0.742969 0.110937 0.129688
3 0.875000 0.733594 0.087500 0.110937
3 0.100781 0.899219 0.157812 0.114062
