2 0.167187 0.112500 0.290625 0.181250
3 0.367188 0.045312 0.040625 0.046875
3 0.445312 0.057813 0.046875 0.071875
4 0.517969 0.039844 0.029687 0.035937
3 0.585938 0.055469 0.037500 0.067187
4 0.831250 0.047656 0.050000 0.051562
4 0.899219 0.035156 0.017188 0.026562
3 0.955469 0.034375 0.026562 0.025000
3 0.034375 0.246094 0.025000 0.017188
4 0.097656 0.250781 0.032813 0.026562
4 0.170313 0.260156 0.043750 0.045312
4 0.266406 0.264844 0.079687 0.054688
4 0.374219 0.267969 0.067187 0.060937
4 0.453125 0.253906 0.021875 0.032813
3 0.535156 0.277344 0.073438 0.079687
3 0.626563 0.264844 0.040625 0.054688
3 0.704688 0.257031 0.046875 0.039062
3 0.790625 0.259375 0.056250 0.043750
3 0.878906 0.259375 0.051562 0.043750
3 0.957812 0.260937 0.037500 0.046875
3 0.056250 0.396875 0.068750 0.090625
3 0.145313 0.374219 0.040625 0.045312
3 0.227344 0.383594 0.054688 0.064062
3 0.317188 0.376563 0.056250 0.050000
3 0.400000 0.379688 0.040625 0.056250
3 0.465625 0.369531 0.021875 0.035937
3 0.532813 0.394531 0.043750 0.085938
3 0.605469 0.374219 0.032813 0.045312
3 0.675000 0.397656 0.037500 0.092188
3 0.744531 0.378125 0.032813 0.053125
3 0.814844 0.378906 0.039062 0.054688
3 0.900000 0.379688 0.062500 0.056250
3 0.037500 0.500781 0.031250 0.045312
4 0.092188 0.485938 0.009375 0.015625
3 0.161719 0.523438 0.060937 0.090625
3 0.247656 0.513281 0.042188 0.070312
3 0.317969 0.496875 0.029687 0.037500
3 0.412500 0.515625 0.090625 0.075000
3 0.514844 0.517969 0.045312 0.079687
3 0.600000 0.509375 0.056250 0.062500
3 0.679688 0.496094 0.034375 0.035937
3 0.748437 0.516406 0.034375 0.076563
4 0.818750 0.495312 0.037500 0.034375
4 0.896094 0.505469 0.048438 0.054688
4 0.038281 0.621875 0.032813 0.037500
4 0.104688 0.631250 0.031250 0.056250
4 0.166406 0.618750 0.023438 0.031250
4 0.228906 0.623437 0.032813 0.040625
4 0.302344 0.632031 0.045312 0.057813
2 0.395313 0.649219 0.071875 0.092188
4 0.498437 0.629687 0.065625 0.053125
4 0.599219 0.647656 0.067187 0.089063
4 0.703906 0.638281 0.073438 0.070312
8 0.802344 0.634375 0.054688 0.062500
8 0.885156 0.620313 0.042188 0.034375
8 0.066406 0.781250 0.089063 0.103125
4 0.164062 0.754687 0.037500 0.050000
4 0.238281 0.750781 0.042188 0.042188
4 0.310937 0.746094 0.034375 0.032813
4 0.383594 0.752344 0.042188 0.045312
4 0.455469 0.748437 0.032813 0.037500
4 0.517969 0.749219 0.023438 0.039062
8 0.587500 0.752344 0.046875 0.045312
3 0.686719 0.764062 0.082812 0.068750
3 0.810156 0.778906 0.095312 0.098437
