2 0.131250 0.100000 0.218750 0.156250
2 0.350000 0.057813 0.150000 0.071875
2 0.538281 0.057031 0.157812 0.070312
4 0.668750 0.043750 0.034375 0.043750
2 0.153125 0.482812 0.262500 0.540625
2 0.489063 0.375781 0.340625 0.326562
4 0.708594 0.232813 0.029687 0.040625
8 0.793750 0.253125 0.071875 0.081250
2 0.913281 0.270313 0.098437 0.115625
2 0.075000 0.821094 0.106250 0.067187
2 0.210156 0.826562 0.095312 0.078125
2 0.333594 0.832812 0.082812 0.090625
2 0.487500 0.848437 0.156250 0.121875
4 0.622656 0.815625 0.045312 0.056250
4 0.711719 0.815625 0.064062 0.056250
4 0.796094 0.810937 0.035937 0.046875
4 0.869531 0.814844 0.042188 0.054688
