8 0.065625 0.072656 0.087500 0.101562
8 0.216406 0.099219 0.145313 0.154688
3 0.370312 0.063281 0.093750 0.082812
3 0.496094 0.080469 0.089063 0.117188
3 0.642969 0.066406 0.135937 0.089063
3 0.829688 0.090625 0.168750 0.137500
3 0.065625 0.242188 0.087500 0.062500
3 0.185938 0.246875 0.084375 0.071875
3 0.297656 0.248438 0.070312 0.075000
3 0.400000 0.248438 0.065625 0.075000
3 0.542969 0.270313 0.151562 0.118750
4 0.669531 0.232813 0.032813 0.043750
3 0.757812 0.231250 0.075000 0.040625
3 0.859375 0.242969 0.059375 0.064062
3 0.076563 0.428906 0.109375 0.129688
8 0.188281 0.385937 0.045312 0.043750
8 0.260937 0.380469 0.031250 0.032813
4 0.323437 0.385156 0.025000 0.042188
3 0.386719 0.389844 0.032813 0.051562
3 0.453906 0.385156 0.032813 0.042188
3 0.517188 0.377344 0.025000 0.026562
3 0.596094 0.392188 0.064062 0.056250
3 0.712500 0.384375 0.100000 0.040625
3 0.807031 0.381250 0.020313 0.034375
3 0.878906 0.405469 0.054688 0.082812
3 0.042969 0.548438 0.042188 0.040625
3 0.124219 0.576562 0.051562 0.096875
3 0.224219 0.564063 0.079687 0.071875
3 0.331250 0.571875 0.065625 0.087500
3 0.431250 0.553125 0.065625 0.050000
3 0.535156 0.560937 0.073438 0.065625
3 0.621094 0.556250 0.029687 0.056250
3 0.693750 0.545312 0.046875 0.034375
3 0.798438 0.560937 0.093750 0.065625
3 0.917188 0.583594 0.075000 0.110937
3 0.164844 0.825000 0.285938 0.303125
3 0.435156 0.804688 0.185938 0.262500
8 0.574219 0.689844 0.023438 0.032813
8 0.628906 0.690625 0.017188 0.034375
3 0.695312 0.689063 0.046875 0.031250
3 0.819531 0.802344 0.132812 0.257812
