3 0.129861 0.147258 0.206522 0.241317
8 0.336378 0.083573 0.116432 0.113947
8 0.466096 0.052353 0.053993 0.051508
4 0.577782 0.073555 0.080489 0.093910
4 0.724065 0.088873 0.123056 0.124547
8 0.885291 0.081917 0.111132 0.110635
3 0.231967 0.365205 0.101359 0.105336
3 0.392185 0.379365 0.131171 0.133657
3 0.545654 0.361065 0.088108 0.097056
3 0.686749 0.361395 0.104674 0.097715
3 0.829296 0.355929 0.089767 0.086785
8 0.086058 0.549623 0.118916 0.117922
8 0.266848 0.564114 0.152373 0.146905
3 0.433414 0.536291 0.091754 0.091257
3 0.575315 0.540017 0.103680 0.098709
3 0.713151 0.533393 0.082479 0.085461
2 0.857519 0.548961 0.118088 0.116597
8 0.050946 0.706947 0.048693 0.048196
8 0.174590 0.737339 0.108482 0.108979
4 0.344195 0.752079 0.141441 0.138459
4 0.504296 0.726242 0.089767 0.086785
8 0.644798 0.734109 0.102022 0.102520
3 0.796229 0.731706 0.111135 0.097714
3 0.082498 0.916341 0.111796 0.101358
3 0.224090 0.905162 0.082480 0.079001
3 0.339555 0.895805 0.060286 0.060286
3 0.440185 0.891250 0.052171 0.051177
3 0.548820 0.901022 0.075690 0.070719
3 0.673768 0.910380 0.084963 0.089436
3 0.800558 0.905742 0.079167 0.080161
