3 0.055584 0.053595 0.057968 0.053992
3 0.161441 0.057322 0.063433 0.061445
3 0.276458 0.066266 0.077842 0.079333
3 0.394026 0.065190 0.069228 0.077181
3 0.511568 0.061711 0.076187 0.070222
3 0.621281 0.051856 0.054987 0.050513
3 0.717305 0.049372 0.047037 0.045545
4 0.830030 0.071897 0.088110 0.090595
4 0.081089 0.216778 0.108979 0.108482
4 0.213594 0.198643 0.067738 0.072212
4 0.336859 0.209408 0.089269 0.093742
4 0.461297 0.196738 0.069395 0.068401
4 0.593743 0.220340 0.106161 0.115606
4 0.733061 0.205185 0.084798 0.085295
3 0.890739 0.229944 0.140779 0.134814
4 0.067922 0.383796 0.082645 0.083142
4 0.174196 0.364252 0.042067 0.044056
3 0.269657 0.373030 0.061114 0.061611
3 0.376072 0.373941 0.061445 0.063433
3 0.476608 0.369967 0.050016 0.055484
4 0.569602 0.363672 0.045381 0.042895
3 0.667348 0.377006 0.059621 0.069563
3 0.776922 0.376425 0.069395 0.068401
3 0.090198 0.532706 0.127198 0.124712
3 0.226713 0.498091 0.056477 0.055483
3 0.388893 0.560199 0.177711 0.179699
3 0.574580 0.521029 0.105336 0.101359
3 0.720275 0.513493 0.096725 0.086286
3 0.846738 0.505047 0.068401 0.069395
3 0.052436 0.724417 0.051672 0.058134
3 0.155605 0.729965 0.064260 0.069231
3 0.256202 0.720442 0.046704 0.050184
3 0.357260 0.735845 0.067571 0.080992
4 0.457008 0.717377 0.042067 0.044056
3 0.569114 0.741806 0.094404 0.092913
3 0.698570 0.734188 0.075191 0.077677
8 0.858881 0.771701 0.155187 0.152702
