2 0.047656 0.186719 0.051562 0.329688
4 0.125000 0.053125 0.034375 0.062500
3 0.211719 0.077344 0.070312 0.110937
2 0.321875 0.165625 0.081250 0.287500
8 0.417187 0.040625 0.040625 0.037500
8 0.485938 0.039062 0.028125 0.034375
8 0.549219 0.041406 0.029687 0.039062
8 0.621094 0.053906 0.045312 0.064062
8 0.701562 0.047656 0.046875 0.051562
8 0.782813 0.045312 0.046875 0.046875
8 0.858594 0.042969 0.035937 0.042188
3 0.044531 0.418750 0.045312 0.065625
3 0.123438 0.414062 0.043750 0.056250
3 0.203906 0.421094 0.048438 0.070312
3 0.278125 0.402344 0.031250 0.032813
3 0.348438 0.413281 0.040625 0.054688
3 0.422656 0.402344 0.039062 0.032813
3 0.500781 0.411719 0.048438 0.051562
3 0.576562 0.407813 0.034375 0.043750
3 0.646875 0.399219 0.037500 0.026562
3 0.714063 0.401562 0.028125 0.031250
3 0.793750 0.421875 0.062500 0.071875
3 0.880469 0.406250 0.042188 0.040625
3 0.052344 0.523438 0.060937 0.062500
3 0.138281 0.516406 0.042188 0.048438
3 0.216406 0.510156 0.045312 0.035937
4 0.297656 0.523438 0.048438 0.062500
4 0.390625 0.527344 0.068750 0.070312
8 0.521875 0.577344 0.125000 0.170313
8 0.645312 0.519531 0.053125 0.054688
4 0.733594 0.517188 0.054688 0.050000
4 0.835156 0.532031 0.079687 0.079687
4 0.068750 0.747656 0.093750 0.101562
4 0.190625 0.732812 0.081250 0.071875
4 0.326562 0.760156 0.121875 0.126562
4 0.463281 0.742188 0.082812 0.090625
3 0.571875 0.745313 0.065625 0.096875
3 0.678125 0.734375 0.078125 0.075000
3 0.780469 0.729688 0.057813 0.065625
4 0.867969 0.745313 0.048438 0.096875
3 0.062500 0.885938 0.081250 0.056250
3 0.170313 0.885938 0.065625 0.056250
3 0.258594 0.885938 0.042188 0.056250
3 0.346875 0.914062 0.065625 0.112500
3 0.438281 0.882031 0.048438 0.048438
4 0.520312 0.887500 0.046875 0.059375
3 0.627344 0.890625 0.098437 0.065625
3 0.748437 0.889062 0.075000 0.062500
3 0.839844 0.885938 0.039062 0.056250
3 0.921875 0.886719 0.056250 0.057813
