3 0.073438 0.076563 0.103125 0.109375
3 0.187500 0.044531 0.056250 0.045312
8 0.296875 0.077344 0.093750 0.110937
2 0.407031 0.047656 0.057813 0.051562
4 0.485938 0.046094 0.031250 0.048438
3 0.551562 0.046094 0.031250 0.048438
4 0.615625 0.037500 0.028125 0.031250
8 0.680469 0.036719 0.032813 0.029687
4 0.803906 0.071875 0.145313 0.100000
4 0.078125 0.243750 0.112500 0.153125
4 0.197656 0.204687 0.057813 0.075000
3 0.294531 0.200781 0.067187 0.067187
8 0.432812 0.254688 0.140625 0.175000
8 0.560156 0.192969 0.045312 0.051562
4 0.631250 0.196094 0.028125 0.057813
8 0.719531 0.209375 0.079687 0.084375
8 0.828125 0.201563 0.068750 0.068750
8 0.935937 0.200000 0.078125 0.065625
2 0.096875 0.417187 0.150000 0.081250
2 0.244531 0.403906 0.076563 0.054688
2 0.346094 0.403906 0.057813 0.054688
8 0.432031 0.396875 0.045312 0.040625
4 0.511719 0.407031 0.045312 0.060937
2 0.616406 0.485938 0.095312 0.218750
4 0.711719 0.402344 0.026562 0.051562
3 0.826562 0.415625 0.159375 0.078125
4 0.044531 0.658594 0.045312 0.057813
4 0.128906 0.653906 0.054688 0.048438
4 0.209375 0.648438 0.037500 0.037500
8 0.293750 0.659375 0.062500 0.059375
4 0.378125 0.653906 0.037500 0.048438
4 0.446875 0.656250 0.031250 0.053125
4 0.505469 0.645312 0.017188 0.031250
4 0.560156 0.638281 0.023438 0.017188
4 0.616406 0.642188 0.020313 0.025000
4 0.670312 0.641406 0.018750 0.023438
4 0.724219 0.644531 0.020313 0.029687
8 0.782031 0.643750 0.026562 0.028125
