8 0.079929 0.080924 0.106660 0.108648
4 0.233313 0.084485 0.110302 0.115770
8 0.371439 0.064444 0.077180 0.075689
4 0.491491 0.070574 0.073533 0.087948
4 0.607674 0.067758 0.068399 0.082317
4 0.704524 0.044652 0.037099 0.036105
4 0.803245 0.071319 0.072041 0.089439
2 0.127962 0.276721 0.202725 0.178369
3 0.318772 0.231592 0.090595 0.088110
3 0.446594 0.225713 0.074363 0.076352
3 0.589773 0.248651 0.123222 0.122228
3 0.738163 0.230847 0.085626 0.086620
3 0.855843 0.218094 0.061611 0.061114
3 0.082414 0.466043 0.111629 0.110138
3 0.228313 0.455941 0.090926 0.089932
3 0.359115 0.453540 0.080657 0.085130
3 0.470617 0.442278 0.053659 0.062607
3 0.578744 0.445506 0.073040 0.069063
3 0.731953 0.486995 0.145083 0.152042
3 0.894517 0.457514 0.092085 0.093079
3 0.067176 0.653396 0.081152 0.091094
8 0.194165 0.648178 0.085130 0.080657
3 0.313832 0.639897 0.065089 0.064095
3 0.415339 0.633770 0.049355 0.051840
8 0.518530 0.640477 0.068237 0.065254
4 0.637239 0.656875 0.080654 0.098051
8 0.754622 0.640808 0.065420 0.065917
8 0.847435 0.623998 0.032296 0.032296
3 0.081171 0.806349 0.109144 0.112623
4 0.209122 0.780926 0.058795 0.061777
3 0.326241 0.798151 0.086783 0.096228
3 0.499725 0.839887 0.171250 0.179701
3 0.681067 0.803119 0.102684 0.106164
3 0.825540 0.801214 0.097881 0.102355
