3 0.064062 0.074219 0.084375 0.104688
3 0.217188 0.092969 0.153125 0.142187
3 0.489844 0.201563 0.323437 0.359375
3 0.721094 0.051562 0.070312 0.059375
3 0.874219 0.104688 0.167187 0.165625
3 0.100781 0.519531 0.157812 0.207813
3 0.242969 0.453906 0.057813 0.076563
3 0.337500 0.444531 0.062500 0.057813
3 0.446094 0.473438 0.085938 0.115625
3 0.546094 0.447656 0.045312 0.064062
3 0.621875 0.484375 0.037500 0.137500
3 0.689063 0.442969 0.028125 0.054688
3 0.256250 0.771875 0.468750 0.228125
3 0.652344 0.753125 0.254688 0.190625
3 0.839844 0.690625 0.051562 0.065625
3 0.932813 0.702344 0.065625 0.089063
