3 0.071094 0.088281 0.098437 0.132812
3 0.269531 0.093750 0.229687 0.143750
2 0.454688 0.064062 0.071875 0.084375
2 0.563281 0.096875 0.076563 0.150000
3 0.695312 0.078906 0.118750 0.114062
3 0.853125 0.082031 0.128125 0.120313
2 0.048438 0.253125 0.053125 0.093750
3 0.131250 0.227344 0.043750 0.042188
3 0.232031 0.267188 0.089063 0.121875
2 0.366406 0.289844 0.110937 0.167187
4 0.481250 0.226562 0.050000 0.040625
4 0.557031 0.228125 0.032813 0.043750
8 0.627344 0.222656 0.039062 0.032813
8 0.715625 0.237500 0.068750 0.062500
2 0.857031 0.267969 0.145313 0.123438
4 0.043750 0.438281 0.043750 0.060937
8 0.125781 0.446094 0.051562 0.076563
8 0.203906 0.425000 0.035937 0.034375
4 0.285156 0.450000 0.057813 0.084375
8 0.375781 0.429688 0.054688 0.043750
8 0.458594 0.433594 0.042188 0.051562
8 0.536719 0.438281 0.045312 0.060937
4 0.625781 0.428906 0.064062 0.042188
8 0.707812 0.433594 0.031250 0.051562
4 0.792969 0.444531 0.070312 0.073438
8 0.889062 0.424219 0.053125 0.032813
8 0.067969 0.594531 0.092188 0.135937
3 0.164844 0.549219 0.032813 0.045312
3 0.244531 0.551562 0.057813 0.050000
2 0.434375 0.612500 0.253125 0.171875
2 0.671875 0.596875 0.153125 0.140625
4 0.793750 0.541406 0.021875 0.029687
4 0.871875 0.553906 0.065625 0.054688
4 0.957031 0.539844 0.035937 0.026562
4 0.050000 0.769531 0.056250 0.073438
4 0.150781 0.762500 0.076563 0.059375
4 0.246875 0.767969 0.046875 0.070312
4 0.316406 0.749219 0.023438 0.032813
4 0.400000 0.792188 0.075000 0.118750
4 0.487500 0.755469 0.031250 0.045312
4 0.553125 0.746875 0.031250 0.028125
