3 0.076563 0.085156 0.109375 0.126562
3 0.200000 0.047656 0.068750 0.051562
3 0.307812 0.059375 0.078125 0.075000
3 0.412500 0.051562 0.062500 0.059375
3 0.513281 0.057813 0.070312 0.071875
3 0.620313 0.051562 0.075000 0.059375
3 0.743750 0.113281 0.103125 0.182812
3 0.864844 0.066406 0.070312 0.089063
3 0.079687 0.302344 0.115625 0.126562
3 0.194531 0.263281 0.045312 0.048438
3 0.263281 0.256250 0.023438 0.034375
3 0.354687 0.337500 0.090625 0.196875
3 0.503125 0.273438 0.137500 0.068750
3 0.727344 0.334375 0.242188 0.190625
3 0.115625 0.519531 0.187500 0.098437
3 0.335156 0.529687 0.182812 0.118750
8 0.482812 0.492969 0.043750 0.045312
4 0.617188 0.546875 0.156250 0.153125
4 0.775781 0.506250 0.092188 0.071875
4 0.879687 0.497656 0.046875 0.054688
8 0.060937 0.697656 0.078125 0.079687
8 0.160156 0.680469 0.051562 0.045312
3 0.326562 0.789062 0.212500 0.262500
3 0.505469 0.702344 0.076563 0.089063
8 0.609375 0.699219 0.062500 0.082812
8 0.707031 0.696094 0.064062 0.076563
4 0.796094 0.696094 0.045312 0.076563
3 0.875781 0.683594 0.045312 0.051562
