3 0.101873 0.106347 0.150548 0.159495
4 0.267872 0.074299 0.091919 0.095398
4 0.385591 0.054838 0.055483 0.056477
4 0.517971 0.082744 0.120243 0.112289
3 0.697589 0.103200 0.148230 0.153201
3 0.852263 0.069662 0.073202 0.086126
3 0.053595 0.260271 0.053992 0.057968
3 0.161225 0.270457 0.072375 0.078340
3 0.277998 0.269795 0.071547 0.077015
3 0.417803 0.296212 0.119908 0.129849
3 0.576649 0.291740 0.109473 0.120906
3 0.747570 0.293807 0.141941 0.125040
3 0.909241 0.281471 0.093409 0.100368
4 0.076534 0.459701 0.099868 0.106827
4 0.210679 0.445622 0.080658 0.078670
4 0.322428 0.434112 0.054158 0.055649
3 0.431134 0.445374 0.074694 0.078174
3 0.552782 0.453242 0.080489 0.093910
3 0.678942 0.449929 0.082810 0.087283
3 0.834561 0.471955 0.137798 0.131336
3 0.049206 0.608687 0.045213 0.051675
3 0.169071 0.652165 0.106819 0.138632
3 0.289251 0.610344 0.044053 0.054989
8 0.405228 0.630797 0.097882 0.095894
8 0.562735 0.648850 0.128521 0.132001
8 0.739901 0.645122 0.135977 0.124545
8 0.088791 0.825119 0.124383 0.118915
8 0.240316 0.807895 0.089933 0.084466
8 0.372786 0.808724 0.086123 0.086123
8 0.524739 0.828929 0.127528 0.126534
4 0.661668 0.794977 0.057636 0.058630
8 0.770352 0.801850 0.071879 0.072377
8 0.910809 0.824872 0.118419 0.118419
