3 0.105849 0.105601 0.158499 0.158002
3 0.272951 0.073802 0.086452 0.094406
3 0.402628 0.069993 0.083307 0.086786
3 0.523714 0.065190 0.069228 0.077181
3 0.664772 0.094174 0.123220 0.135149
3 0.850676 0.106677 0.160653 0.160155
3 0.083738 0.290414 0.114278 0.118254
3 0.262824 0.301923 0.153699 0.141272
3 0.484614 0.323785 0.200405 0.184995
3 0.737626 0.341923 0.215803 0.221271
3 0.093758 0.567550 0.134317 0.141276
3 0.286199 0.579558 0.159823 0.165291
3 0.532210 0.614668 0.242471 0.235512
3 0.802234 0.610613 0.207519 0.227402
3 0.087962 0.837962 0.122725 0.122725
3 0.262851 0.846409 0.138128 0.139619
3 0.441109 0.839121 0.129020 0.125043
3 0.634256 0.860321 0.168437 0.167443
3 0.816032 0.835065 0.106989 0.116931
