3 0.093924 0.094918 0.134650 0.136638
3 0.258789 0.079598 0.105004 0.105998
3 0.472303 0.149575 0.232032 0.245950
3 0.718146 0.104937 0.170593 0.156675
3 0.096077 0.390927 0.138954 0.147405
3 0.247339 0.354655 0.075855 0.074861
3 0.370219 0.357470 0.080989 0.080492
3 0.627385 0.490133 0.345320 0.345817
8 0.869696 0.341322 0.048693 0.048196
8 0.068501 0.750994 0.083804 0.086289
8 0.184619 0.738241 0.059789 0.060783
4 0.286159 0.737082 0.053495 0.058465
3 0.430639 0.786852 0.145578 0.158005
3 0.586898 0.748013 0.076847 0.080327
8 0.692791 0.729546 0.044884 0.043392
8 0.807276 0.757950 0.095728 0.100202
