2 0.104938 0.105435 0.156677 0.157671
2 0.297060 0.098728 0.137795 0.144257
4 0.476479 0.088127 0.131008 0.123055
4 0.639140 0.076782 0.106330 0.100365
3 0.803206 0.092268 0.131338 0.131338
3 0.079184 0.280001 0.105170 0.103678
3 0.215769 0.267580 0.078339 0.078836
3 0.346741 0.278346 0.093409 0.100368
4 0.476126 0.269237 0.077178 0.082149
8 0.601646 0.269898 0.084467 0.083473
4 0.715101 0.258140 0.052003 0.059957
8 0.832017 0.274702 0.092085 0.093079
8 0.065106 0.415603 0.077014 0.078008
8 0.180191 0.407322 0.063433 0.061445
4 0.284856 0.409393 0.057137 0.065588
4 0.382113 0.401857 0.048527 0.050515
8 0.476774 0.402022 0.050349 0.050846
2 0.601237 0.426699 0.108649 0.100199
8 0.718752 0.395563 0.037430 0.037927
3 0.826490 0.424465 0.087280 0.095731
4 0.064196 0.557520 0.075193 0.071216
4 0.169436 0.545679 0.045048 0.047534
3 0.278787 0.568452 0.085624 0.093081
3 0.453855 0.611348 0.176386 0.178871
8 0.676072 0.613749 0.180195 0.183675
2 0.887824 0.592548 0.153699 0.141272
2 0.125065 0.831353 0.196931 0.162633
2 0.331559 0.804607 0.125544 0.109141
2 0.507503 0.809742 0.136807 0.119409
3 0.676163 0.808336 0.111628 0.116598
3 0.814940 0.794590 0.076680 0.089107
