8 0.044531 0.050000 0.045312 0.056250
8 0.126562 0.066406 0.050000 0.089063
8 0.207031 0.052344 0.042188 0.060937
8 0.295312 0.060156 0.065625 0.076563
8 0.387500 0.049219 0.050000 0.054688
8 0.462500 0.054688 0.031250 0.065625
8 0.537500 0.045312 0.050000 0.046875
8 0.619531 0.046094 0.045312 0.048438
8 0.704688 0.043750 0.056250 0.043750
8 0.785156 0.043750 0.035937 0.043750
4 0.864844 0.061719 0.054688 0.079687
4 0.061719 0.200000 0.079687 0.109375
3 0.176563 0.196094 0.081250 0.101562
3 0.292969 0.191406 0.082812 0.092188
8 0.395313 0.174219 0.053125 0.057813
3 0.504687 0.180469 0.096875 0.070312
3 0.611719 0.185156 0.048438 0.079687
3 0.735938 0.228906 0.131250 0.167187
3 0.876563 0.186719 0.081250 0.082812
8 0.041406 0.362500 0.039062 0.031250
8 0.124219 0.372656 0.057813 0.051562
3 0.212500 0.400000 0.050000 0.106250
3 0.296875 0.378125 0.050000 0.062500
8 0.395313 0.382812 0.078125 0.071875
8 0.501563 0.382031 0.065625 0.070312
8 0.603125 0.379688 0.068750 0.065625
8 0.700781 0.387500 0.057813 0.081250
8 0.794531 0.374219 0.060937 0.054688
8 0.894531 0.378906 0.070312 0.064062
8 0.044531 0.508594 0.045312 0.042188
8 0.139063 0.534375 0.075000 0.093750
8 0.258594 0.522656 0.095312 0.070312
8 0.370312 0.516406 0.059375 0.057813
8 0.463281 0.508594 0.057813 0.042188
8 0.547656 0.507031 0.042188 0.039062
8 0.634375 0.517188 0.062500 0.059375
8 0.742969 0.526563 0.085938 0.078125
8 0.856250 0.529687 0.071875 0.084375
8 0.942969 0.504687 0.032813 0.034375
8 0.044531 0.632812 0.045312 0.034375
8 0.128125 0.645312 0.053125 0.059375
8 0.212500 0.633594 0.046875 0.035937
8 0.296094 0.644531 0.051562 0.057813
8 0.381250 0.636719 0.050000 0.042188
8 0.457813 0.641406 0.034375 0.051562
8 0.530469 0.636719 0.042188 0.042188
8 0.601562 0.630469 0.031250 0.029687
8 0.675000 0.632812 0.046875 0.034375
8 0.747656 0.633594 0.029687 0.035937
3 0.817969 0.636719 0.042188 0.042188
8 0.900781 0.643750 0.054688 0.056250
8 0.046094 0.735156 0.048438 0.051562
8 0.131250 0.740625 0.053125 0.062500
8 0.213281 0.729688 0.042188 0.040625
8 0.295312 0.743750 0.053125 0.068750
8 0.377344 0.736719 0.042188 0.054688
3 0.453906 0.723437 0.042188 0.028125
8 0.528125 0.726562 0.037500 0.034375
8 0.612500 0.734375 0.062500 0.050000
4 0.691406 0.725781 0.026562 0.032813
8 0.771094 0.742188 0.064062 0.065625
8 0.857031 0.732812 0.039062 0.046875
4 0.935156 0.742188 0.048438 0.065625
2 0.045312 0.840625 0.046875 0.056250
8 0.124219 0.838281 0.042188 0.051562
8 0.207813 0.839844 0.056250 0.054688
8 0.299219 0.838281 0.057813 0.051562
8 0.392188 0.850781 0.059375 0.076563
8 0.480469 0.832031 0.048438 0.039062
8 0.560937 0.832031 0.043750 0.039062
8 0.643750 0.835156 0.053125 0.045312
8 0.724219 0.834375 0.039062 0.043750
8 0.791406 0.828125 0.026562 0.031250
8 0.870313 0.843750 0.062500 0.062500
