3 0.085809 0.085809 0.118419 0.118419
3 0.219988 0.059227 0.061776 0.065255
3 0.329716 0.058978 0.068734 0.064757
3 0.469781 0.088956 0.120737 0.124714
3 0.642446 0.090529 0.134817 0.127858
4 0.822878 0.093013 0.136307 0.132827
4 0.077196 0.258552 0.101193 0.107655
3 0.212986 0.246544 0.082148 0.083639
3 0.348989 0.256481 0.101028 0.103514
3 0.504405 0.260372 0.121237 0.111295
3 0.672017 0.264845 0.125211 0.120240
3 0.130607 0.487032 0.208015 0.233366
3 0.428530 0.544506 0.297610 0.348312
3 0.668948 0.419125 0.094072 0.097552
3 0.817617 0.426744 0.113285 0.112788
3 0.165664 0.798725 0.071879 0.072377
3 0.298420 0.816530 0.103015 0.107986
3 0.468813 0.839303 0.150052 0.153531
3 0.631416 0.803114 0.084633 0.081154
3 0.758289 0.797317 0.079003 0.069559
