3 0.083407 0.087135 0.113614 0.121071
3 0.224990 0.065686 0.081155 0.078173
3 0.373176 0.093097 0.127527 0.132995
2 0.559126 0.118854 0.155678 0.184508
2 0.757638 0.104193 0.152702 0.155187
3 0.082248 0.313675 0.111297 0.114776
3 0.226407 0.302082 0.087116 0.091589
2 0.413392 0.345389 0.198584 0.178204
2 0.663355 0.339176 0.211011 0.165777
2 0.880266 0.318228 0.132333 0.123883
2 0.091358 0.541998 0.129517 0.124546
2 0.318455 0.604604 0.236835 0.249759
2 0.643189 0.606334 0.323804 0.253220
4 0.902622 0.531564 0.105170 0.103678
4 0.062622 0.813191 0.072046 0.070057
4 0.165235 0.800852 0.042895 0.045381
4 0.279564 0.832156 0.096555 0.107987
2 0.408100 0.814102 0.072377 0.071879
2 0.575304 0.872816 0.172408 0.189309
