8 0.109492 0.112723 0.165785 0.172247
8 0.307760 0.099556 0.140445 0.145913
8 0.495943 0.107590 0.148062 0.161980
8 0.672894 0.088377 0.117590 0.123555
4 0.816182 0.069910 0.079165 0.086621
4 0.928689 0.058234 0.057304 0.063269
8 0.069329 0.291487 0.085458 0.095400
8 0.222371 0.306888 0.132167 0.126202
8 0.376905 0.285854 0.088111 0.084135
8 0.566443 0.344319 0.201561 0.201064
8 0.798826 0.327591 0.172578 0.167607
8 0.080261 0.542015 0.107323 0.105832
4 0.211369 0.524791 0.066413 0.071384
8 0.375553 0.577045 0.172908 0.175890
8 0.555477 0.536798 0.098380 0.095397
4 0.666351 0.506159 0.032627 0.034118
8 0.810569 0.576300 0.167938 0.174400
8 0.064445 0.744772 0.075690 0.070719
8 0.192623 0.757360 0.091422 0.095896
8 0.325911 0.752474 0.086123 0.086123
8 0.467596 0.761417 0.106992 0.104009
4 0.617089 0.754874 0.102853 0.090923
8 0.754605 0.750237 0.084136 0.081651
8 0.872958 0.741708 0.064592 0.064592
8 0.067508 0.898758 0.081817 0.081817
2 0.182395 0.884597 0.058465 0.053495
8 0.291647 0.892464 0.070721 0.069229
