2 0.160156 0.137500 0.276562 0.231250
2 0.377344 0.082031 0.089063 0.120313
4 0.471875 0.038281 0.031250 0.032813
2 0.624219 0.087500 0.204687 0.131250
2 0.800000 0.044531 0.078125 0.045312
8 0.892969 0.045312 0.039062 0.046875
2 0.093750 0.347656 0.143750 0.120313
2 0.285938 0.352344 0.171875 0.129688
2 0.533594 0.398438 0.254688 0.221875
8 0.713281 0.316406 0.035937 0.057813
4 0.794531 0.342969 0.057813 0.110937
4 0.885156 0.339062 0.054688 0.103125
4 0.067187 0.571875 0.090625 0.056250
4 0.172656 0.586719 0.051562 0.085938
4 0.255469 0.564844 0.045312 0.042188
3 0.367188 0.575781 0.109375 0.064062
3 0.477344 0.567969 0.042188 0.048438
3 0.610938 0.640625 0.156250 0.193750
3 0.757031 0.579688 0.067187 0.071875
3 0.853125 0.578125 0.056250 0.068750
