3 0.187252 0.186755 0.321305 0.320311
3 0.439922 0.082250 0.095394 0.111301
4 0.557775 0.052271 0.049852 0.051343
2 0.686636 0.090364 0.120074 0.127530
2 0.856165 0.091357 0.131007 0.129515
2 0.068004 0.435866 0.082810 0.087283
3 0.194556 0.432056 0.079664 0.079664
3 0.309619 0.422616 0.059789 0.060783
3 0.475088 0.488866 0.181353 0.193282
3 0.666127 0.443649 0.110305 0.102849
3 0.861144 0.479754 0.190965 0.175058
3 0.075210 0.675850 0.097221 0.092250
3 0.241993 0.696469 0.146412 0.133488
3 0.460773 0.728600 0.202721 0.197750
3 0.652908 0.681068 0.093243 0.102687
3 0.796537 0.682475 0.105501 0.105501
3 0.069247 0.914311 0.085295 0.084798
3 0.182456 0.896341 0.052337 0.048857
3 0.287197 0.908929 0.068069 0.074034
