3 0.112500 0.114844 0.181250 0.185938
3 0.264844 0.071875 0.054688 0.100000
3 0.383594 0.072656 0.114062 0.101562
3 0.515625 0.075000 0.081250 0.106250
3 0.624219 0.063281 0.067187 0.082812
3 0.750000 0.078906 0.115625 0.114062
3 0.868750 0.060937 0.053125 0.078125
3 0.050000 0.275781 0.056250 0.067187
3 0.132812 0.275000 0.040625 0.065625
3 0.225000 0.298438 0.075000 0.112500
3 0.355469 0.300000 0.117188 0.115625
3 0.487500 0.287500 0.078125 0.090625
3 0.624219 0.285938 0.126562 0.087500
3 0.803906 0.300000 0.164062 0.115625
3 0.096875 0.475781 0.150000 0.167187
3 0.250781 0.447656 0.089063 0.110937
3 0.384375 0.455469 0.109375 0.126562
3 0.565625 0.473438 0.184375 0.162500
3 0.755469 0.486719 0.126562 0.189062
3 0.897656 0.436719 0.089063 0.089063
3 0.071094 0.667188 0.098437 0.103125
3 0.203906 0.658594 0.098437 0.085938
3 0.349219 0.675781 0.123438 0.120313
3 0.478125 0.664062 0.065625 0.096875
4 0.576562 0.651563 0.062500 0.071875
4 0.671094 0.644531 0.057813 0.057813
4 0.766406 0.646094 0.064062 0.060937
4 0.857812 0.638281 0.050000 0.045312
3 0.086719 0.841406 0.129688 0.142187
3 0.227344 0.813281 0.082812 0.085938
3 0.343750 0.797656 0.081250 0.054688
3 0.444531 0.793750 0.051562 0.046875
3 0.527344 0.796094 0.045312 0.051562
3 0.603125 0.786719 0.037500 0.032813
3 0.704688 0.809375 0.096875 0.078125
3 0.867969 0.819531 0.160938 0.098437
