3 0.061719 0.108594 0.079687 0.173437
3 0.179688 0.073438 0.087500 0.103125
3 0.278125 0.053125 0.040625 0.062500
3 0.357031 0.050781 0.048438 0.057813
3 0.432031 0.047656 0.032813 0.051562
3 0.514844 0.075000 0.064062 0.106250
3 0.606250 0.042188 0.050000 0.040625
4 0.692187 0.055469 0.053125 0.067187
4 0.792188 0.085938 0.078125 0.128125
3 0.911719 0.081250 0.092188 0.118750
3 0.056250 0.286719 0.068750 0.114062
3 0.144531 0.253906 0.039062 0.048438
3 0.221875 0.260156 0.046875 0.060937
3 0.349219 0.277344 0.139063 0.095312
3 0.487500 0.285938 0.068750 0.112500
3 0.589844 0.275781 0.067187 0.092188
3 0.685937 0.265625 0.056250 0.071875
3 0.785937 0.265625 0.075000 0.071875
3 0.894531 0.271094 0.073438 0.082812
3 0.089844 0.421094 0.135937 0.085938
4 0.249219 0.432812 0.114062 0.109375
4 0.385937 0.415625 0.090625 0.075000
8 0.510156 0.426563 0.089063 0.096875
4 0.611719 0.431250 0.045312 0.106250
4 0.716406 0.419531 0.095312 0.082812
4 0.825000 0.428125 0.053125 0.100000
3 0.089844 0.555469 0.135937 0.067187
3 0.209375 0.553125 0.034375 0.062500
3 0.275000 0.539062 0.028125 0.034375
3 0.336719 0.541406 0.026562 0.039062
3 0.404687 0.543750 0.040625 0.043750
4 0.475781 0.548438 0.032813 0.053125
3 0.573438 0.555469 0.093750 0.067187
3 0.685937 0.540625 0.062500 0.037500
3 0.776563 0.539062 0.050000 0.034375
3 0.866406 0.547656 0.060937 0.051562
3 0.103125 0.664844 0.162500 0.082812
3 0.254688 0.664062 0.071875 0.081250
3 0.360938 0.655469 0.071875 0.064062
3 0.460156 0.653125 0.057813 0.059375
4 0.543750 0.653906 0.040625 0.060937
3 0.617969 0.652344 0.039062 0.057813
3 0.687500 0.642969 0.031250 0.039062
3 0.759375 0.647656 0.043750 0.048438
3 0.840625 0.642969 0.050000 0.039062
3 0.919531 0.645312 0.039062 0.043750
3 0.066406 0.778906 0.089063 0.076563
8 0.186719 0.788281 0.082812 0.095312
4 0.357812 0.811719 0.190625 0.142187
4 0.502344 0.760938 0.029687 0.040625
4 0.563281 0.760938 0.023438 0.040625
4 0.628906 0.764844 0.039062 0.048438
4 0.693750 0.755469 0.021875 0.029687
4 0.751563 0.760938 0.025000 0.040625
4 0.809375 0.760938 0.021875 0.040625
8 0.885938 0.765625 0.062500 0.050000
4 0.036719 0.942187 0.029687 0.050000
