4 0.084733 0.084733 0.116266 0.116266
4 0.211800 0.055087 0.048525 0.056975
4 0.321698 0.068005 0.080823 0.082811
4 0.442310 0.061628 0.072046 0.070057
4 0.552209 0.057074 0.057470 0.060949
3 0.761622 0.071069 0.091920 0.088938
3 0.910479 0.080757 0.117759 0.108314
3 0.078853 0.240784 0.104506 0.106495
4 0.225634 0.241365 0.101193 0.107655
4 0.368545 0.236230 0.096391 0.097385
8 0.559935 0.278047 0.197921 0.181020
8 0.752020 0.236644 0.097716 0.098213
8 0.096905 0.484334 0.140612 0.143594
3 0.383436 0.462555 0.098047 0.100036
8 0.603049 0.550916 0.252898 0.276758
8 0.864234 0.508019 0.181519 0.190963
4 0.078603 0.794369 0.104007 0.119913
3 0.232094 0.788238 0.114114 0.107652
3 0.387908 0.786417 0.106992 0.104009
3 0.545184 0.793622 0.118419 0.118419
8 0.710499 0.799419 0.124049 0.130014
8 0.874199 0.789398 0.113948 0.109972
