3 0.146875 0.147656 0.250000 0.251563
8 0.324219 0.039062 0.035937 0.034375
8 0.405469 0.054688 0.057813 0.065625
8 0.489844 0.044531 0.042188 0.045312
4 0.561719 0.046094 0.032813 0.048438
3 0.657813 0.086719 0.090625 0.129688
3 0.763281 0.053125 0.051562 0.062500
8 0.840625 0.036719 0.034375 0.029687
8 0.924219 0.060937 0.064062 0.078125
8 0.049219 0.345313 0.054688 0.075000
8 0.191406 0.384375 0.160938 0.153125
4 0.323437 0.328125 0.034375 0.040625
4 0.397656 0.332031 0.045312 0.048438
4 0.479687 0.336719 0.050000 0.057813
4 0.558594 0.330469 0.039062 0.045312
4 0.631250 0.340625 0.037500 0.065625
4 0.706250 0.349219 0.043750 0.082812
3 0.791406 0.331250 0.057813 0.046875
3 0.882812 0.340625 0.056250 0.065625
3 0.050781 0.522656 0.057813 0.054688
3 0.158594 0.548438 0.089063 0.106250
3 0.270313 0.536719 0.065625 0.082812
3 0.362500 0.537500 0.050000 0.084375
3 0.493750 0.526563 0.143750 0.062500
3 0.621875 0.517969 0.043750 0.045312
3 0.720313 0.534375 0.084375 0.078125
3 0.832031 0.539844 0.070312 0.089063
3 0.110156 0.709375 0.176563 0.146875
3 0.315625 0.713281 0.165625 0.154688
3 0.463281 0.662500 0.060937 0.053125
3 0.542188 0.659375 0.028125 0.046875
3 0.600781 0.652344 0.020313 0.032813
3 0.687500 0.668750 0.084375 0.065625
3 0.801562 0.669531 0.075000 0.067187
3 0.907813 0.672656 0.068750 0.073438
2 0.117969 0.859375 0.192188 0.068750
3 0.285156 0.873437 0.073438 0.096875
3 0.385937 0.860938 0.059375 0.071875
3 0.482031 0.876563 0.064062 0.103125
3 0.580469 0.878125 0.064062 0.106250
3 0.676562 0.868750 0.059375 0.087500
