3 0.108594 0.096094 0.173437 0.148438
3 0.308594 0.111719 0.157812 0.179688
3 0.453125 0.062500 0.062500 0.081250
3 0.548438 0.058594 0.059375 0.073438
3 0.689844 0.088281 0.154688 0.132812
8 0.859375 0.062500 0.115625 0.081250
4 0.035937 0.251563 0.028125 0.031250
4 0.111719 0.258594 0.054688 0.045312
4 0.189062 0.261719 0.031250 0.051562
3 0.275781 0.285938 0.073438 0.100000
3 0.364063 0.254688 0.034375 0.037500
3 0.436719 0.293750 0.042188 0.115625
3 0.503125 0.258594 0.021875 0.045312
3 0.578125 0.271875 0.059375 0.071875
3 0.674219 0.260937 0.064062 0.050000
3 0.801562 0.277344 0.121875 0.082812
3 0.929688 0.284375 0.065625 0.096875
3 0.046875 0.410156 0.050000 0.048438
3 0.151562 0.403906 0.090625 0.035937
3 0.265625 0.407813 0.068750 0.043750
3 0.360156 0.416406 0.051562 0.060937
3 0.448437 0.414844 0.056250 0.057813
3 0.525781 0.403906 0.029687 0.035937
3 0.592969 0.401562 0.035937 0.031250
3 0.678125 0.420312 0.065625 0.068750
3 0.775781 0.413281 0.060937 0.054688
3 0.856250 0.398438 0.031250 0.025000
3 0.934375 0.421094 0.056250 0.070312
3 0.060937 0.525000 0.078125 0.068750
3 0.152344 0.509375 0.035937 0.037500
3 0.220312 0.510938 0.031250 0.040625
3 0.287500 0.513281 0.034375 0.045312
3 0.353906 0.512500 0.029687 0.043750
3 0.446094 0.544531 0.085938 0.107813
3 0.557031 0.510156 0.067187 0.039062
3 0.650781 0.509375 0.051562 0.037500
4 0.752344 0.543750 0.082812 0.106250
3 0.851562 0.514844 0.046875 0.048438
3 0.057813 0.668750 0.071875 0.071875
3 0.151562 0.652344 0.046875 0.039062
8 0.234375 0.650781 0.050000 0.035937
4 0.327344 0.663281 0.067187 0.060937
8 0.415625 0.653906 0.040625 0.042188
4 0.487500 0.653125 0.034375 0.040625
4 0.567969 0.663281 0.057813 0.060937
3 0.720313 0.682031 0.178125 0.098437
4 0.900000 0.684375 0.112500 0.103125
4 0.049219 0.803125 0.054688 0.065625
4 0.141406 0.814844 0.060937 0.089063
4 0.237500 0.816406 0.062500 0.092188
4 0.339844 0.834375 0.073438 0.128125
4 0.428906 0.836719 0.035937 0.132812
3 0.498437 0.793750 0.034375 0.046875
3 0.600781 0.811719 0.101562 0.082812
3 0.724219 0.826562 0.076563 0.112500
4 0.813281 0.804688 0.032813 0.068750
4 0.881250 0.789062 0.034375 0.037500
4 0.951562 0.808594 0.037500 0.076563
