3 0.100795 0.114961 0.148390 0.176724
3 0.259766 0.072230 0.078833 0.091260
4 0.392645 0.075706 0.097716 0.098213
4 0.508167 0.051775 0.044385 0.050350
3 0.609569 0.063119 0.069063 0.073040
3 0.728848 0.070821 0.079496 0.088444
4 0.828933 0.045729 0.032792 0.038260
3 0.090114 0.318451 0.127029 0.139953
3 0.244764 0.301226 0.092579 0.105503
3 0.612072 0.491268 0.552195 0.485587
3 0.048461 0.801515 0.043723 0.046706
2 0.223403 0.865274 0.215482 0.174225
3 0.430271 0.838118 0.110467 0.119912
3 0.563428 0.813357 0.067407 0.070390
2 0.693155 0.820891 0.101860 0.085457
4 0.826198 0.820728 0.074196 0.085132
