8 0.095416 0.093427 0.137632 0.133655
4 0.259926 0.081587 0.101027 0.109974
8 0.426190 0.098314 0.142931 0.143428
8 0.573693 0.057571 0.062936 0.061942
2 0.717032 0.089866 0.133989 0.126533
2 0.867994 0.066431 0.079664 0.079664
2 0.110403 0.300389 0.167607 0.172578
2 0.275122 0.249128 0.072046 0.070057
2 0.481163 0.348669 0.249752 0.269138
2 0.738065 0.299394 0.176056 0.170589
2 0.136491 0.630349 0.219782 0.204373
2 0.410235 0.675571 0.239145 0.294817
4 0.635738 0.585880 0.121402 0.115437
4 0.771136 0.560127 0.060948 0.063930
4 0.872252 0.554496 0.050680 0.052668
