4 0.063782 0.061545 0.074365 0.069891
4 0.163816 0.045812 0.036933 0.038424
8 0.256826 0.055583 0.060452 0.057967
3 0.379400 0.073222 0.096226 0.093244
3 0.530790 0.087217 0.117756 0.121235
3 0.678467 0.071897 0.088110 0.090595
3 0.785360 0.043990 0.036271 0.034780
2 0.232213 0.423686 0.411226 0.462922
2 0.581146 0.288781 0.196593 0.193113
2 0.839988 0.311472 0.233028 0.238496
2 0.057405 0.730594 0.061611 0.061114
2 0.163738 0.729435 0.061777 0.058795
2 0.302450 0.762642 0.126700 0.125209
8 0.451800 0.742105 0.081651 0.084136
4 0.589788 0.762975 0.104502 0.125877
8 0.716780 0.730594 0.061611 0.061114
3 0.831229 0.735314 0.078009 0.070553
4 0.057240 0.899996 0.061280 0.059292
