4 0.101792 0.101046 0.150384 0.148893
4 0.256609 0.064031 0.069394 0.074862
4 0.374315 0.071153 0.076680 0.089107
4 0.491386 0.067344 0.067073 0.081489
4 0.585680 0.045232 0.033786 0.037265
4 0.676724 0.054920 0.059624 0.056642
4 0.805094 0.085065 0.106989 0.116931
4 0.938273 0.064693 0.070222 0.076187
3 0.070655 0.265647 0.088110 0.090595
3 0.189307 0.250741 0.059789 0.060783
3 0.283725 0.242709 0.039251 0.044719
3 0.371082 0.242957 0.045215 0.045215
8 0.468425 0.252977 0.061776 0.065255
3 0.571529 0.248588 0.055483 0.056477
3 0.662999 0.242046 0.038423 0.043394
3 0.761960 0.254964 0.070721 0.069229
3 0.885039 0.257199 0.085629 0.073699
3 0.060055 0.391730 0.066910 0.070887
3 0.170330 0.391316 0.065585 0.070059
3 0.275967 0.384774 0.054986 0.056974
3 0.366444 0.375996 0.035939 0.039419
3 0.488188 0.419473 0.116926 0.126371
3 0.611530 0.377404 0.041736 0.042233
3 0.733820 0.420715 0.114441 0.128856
3 0.871500 0.391813 0.071051 0.071051
3 0.069992 0.574608 0.086785 0.089767
3 0.194617 0.570468 0.073534 0.081487
3 0.347152 0.610964 0.141105 0.162479
3 0.500878 0.571048 0.076681 0.082646
3 0.614224 0.561276 0.059623 0.063102
3 0.735473 0.578086 0.092747 0.096724
3 0.872808 0.573945 0.092417 0.088441
3 0.108995 0.824158 0.164791 0.173241
3 0.271501 0.769833 0.071053 0.064591
3 0.384392 0.772566 0.065585 0.070059
3 0.489947 0.767184 0.054820 0.059293
3 0.591935 0.768426 0.058795 0.061777
3 0.712699 0.783083 0.094073 0.091091
3 0.850271 0.781343 0.091092 0.087613
