2 0.050698 0.047716 0.048197 0.042232
2 0.150255 0.057571 0.062936 0.061942
2 0.285314 0.076615 0.117429 0.100031
8 0.416841 0.054838 0.055483 0.056477
8 0.537047 0.075541 0.095894 0.097882
8 0.654402 0.052520 0.049355 0.051840
8 0.748649 0.052022 0.050349 0.050846
2 0.858039 0.068088 0.078503 0.082977
8 0.055748 0.203049 0.058298 0.062274
8 0.157383 0.201310 0.055317 0.058796
8 0.278169 0.220356 0.096888 0.096888
8 0.427395 0.228389 0.110966 0.112954
4 0.622483 0.269215 0.188641 0.194606
4 0.828797 0.236504 0.135645 0.129183
4 0.079018 0.468363 0.104836 0.114778
4 0.220405 0.462981 0.087610 0.104014
4 0.360258 0.461323 0.101692 0.100697
4 0.539594 0.497761 0.166613 0.173572
8 0.711363 0.455113 0.088276 0.088276
4 0.873819 0.495444 0.147564 0.168938
8 0.070904 0.671543 0.088608 0.083638
8 0.224998 0.696553 0.131171 0.133657
8 0.371263 0.666078 0.073702 0.072707
8 0.501772 0.679080 0.097219 0.098710
3 0.657375 0.691501 0.124050 0.123553
3 0.831754 0.706326 0.135309 0.153203
3 0.070655 0.873460 0.088110 0.090595
3 0.206033 0.882736 0.093241 0.109148
8 0.355791 0.885549 0.117757 0.114775
8 0.498333 0.867829 0.077842 0.079333
8 0.623521 0.869898 0.084467 0.083473
