3 0.077031 0.076286 0.100864 0.099372
3 0.213648 0.068833 0.083473 0.084467
3 0.325045 0.054342 0.050016 0.055484
3 0.453399 0.089123 0.116098 0.125046
3 0.602993 0.070323 0.093412 0.087447
3 0.738007 0.072808 0.088441 0.092417
3 0.883325 0.081834 0.113451 0.110469
8 0.104773 0.274837 0.156346 0.155849
3 0.264598 0.235834 0.072872 0.077843
3 0.378391 0.231693 0.066082 0.069562
3 0.505559 0.249912 0.098543 0.105999
3 0.642437 0.236329 0.084799 0.078834
3 0.773033 0.246186 0.086617 0.098547
3 0.891035 0.228215 0.060120 0.062605
3 0.058481 0.431776 0.063763 0.069728
3 0.155859 0.422833 0.042894 0.051841
3 0.263399 0.445855 0.082973 0.097885
3 0.367427 0.415048 0.034780 0.036271
3 0.474194 0.442872 0.088938 0.091920
3 0.615949 0.453307 0.106824 0.112789
3 0.755754 0.437075 0.083308 0.080326
3 0.873858 0.428794 0.063267 0.063764
3 0.056245 0.588595 0.059291 0.067741
3 0.141897 0.568389 0.024346 0.027328
3 0.236981 0.593728 0.077014 0.078008
3 0.355957 0.595551 0.071215 0.081653
3 0.457754 0.576007 0.043559 0.042564
2 0.557676 0.586192 0.068403 0.062935
8 0.676883 0.595633 0.081817 0.081817
4 0.793260 0.586441 0.061445 0.063433
8 0.896859 0.584785 0.056145 0.060121
8 0.075458 0.727163 0.097718 0.091753
3 0.206217 0.722445 0.074859 0.082315
3 0.313539 0.708035 0.052005 0.053496
3 0.424906 0.724763 0.080987 0.086952
3 0.548498 0.725095 0.078171 0.087616
3 0.674504 0.721450 0.083308 0.080326
3 0.892402 0.725426 0.075355 0.088279
3 0.080924 0.870554 0.108648 0.106660
