2 0.086057 0.088791 0.118915 0.124383
2 0.261382 0.099059 0.141440 0.144919
8 0.406246 0.054009 0.059293 0.054820
8 0.504733 0.051111 0.050018 0.049024
8 0.602281 0.055335 0.054489 0.057471
8 0.720262 0.075624 0.093575 0.098049
4 0.855277 0.078109 0.088604 0.103019
4 0.066762 0.260546 0.080324 0.089769
4 0.210230 0.270068 0.117262 0.108811
3 0.355254 0.266013 0.082310 0.100702
3 0.472957 0.254419 0.064589 0.077513
3 0.581257 0.246882 0.062439 0.062439
3 0.696025 0.252844 0.076352 0.074363
3 0.832155 0.267170 0.107986 0.103015
4 0.068336 0.411021 0.083473 0.084467
4 0.183294 0.398351 0.057139 0.059127
2 0.338185 0.459135 0.163796 0.180696
3 0.614166 0.418143 0.090759 0.098712
3 0.731969 0.397523 0.054489 0.057471
3 0.849701 0.418060 0.093078 0.098546
8 0.049455 0.616146 0.045712 0.044717
4 0.154903 0.634696 0.075356 0.081818
4 0.276209 0.633702 0.077345 0.079830
4 0.410258 0.644136 0.101692 0.100697
4 0.544712 0.630720 0.076849 0.073866
4 0.688449 0.650843 0.120574 0.114112
4 0.836765 0.641238 0.085955 0.094903
4 0.059641 0.787943 0.066082 0.069562
3 0.232935 0.848311 0.190796 0.190298
3 0.422249 0.806659 0.097549 0.106993
3 0.564353 0.807818 0.097383 0.109312
3 0.698676 0.792000 0.081652 0.077675
3 0.813975 0.784962 0.059126 0.063599
3 0.921655 0.789019 0.068235 0.071715
