2 0.110487 0.108499 0.167775 0.163798
2 0.294747 0.090448 0.111294 0.127697
2 0.492237 0.129949 0.193774 0.206698
2 0.676812 0.066017 0.084799 0.078834
2 0.781407 0.045895 0.034614 0.038591
2 0.896289 0.079598 0.105004 0.105998
2 0.043990 0.296298 0.034780 0.036271
2 0.124422 0.298782 0.036270 0.041241
2 0.271756 0.361883 0.168437 0.167443
2 0.483925 0.360061 0.167775 0.163798
2 0.674643 0.351700 0.124211 0.147076
2 0.805550 0.303420 0.048527 0.050515
2 0.896982 0.300355 0.043889 0.044387
2 0.070738 0.534800 0.088276 0.088276
2 0.248351 0.579352 0.177877 0.177380
2 0.450185 0.562791 0.137795 0.144257
2 0.606168 0.531487 0.084136 0.081651
2 0.741332 0.536290 0.098215 0.091256
8 0.879129 0.539604 0.089434 0.097884
