8 0.052344 0.057813 0.060937 0.071875
8 0.153125 0.064062 0.071875 0.084375
3 0.257031 0.070312 0.067187 0.096875
3 0.353906 0.046094 0.057813 0.048438
3 0.457031 0.046875 0.079687 0.050000
3 0.700000 0.123438 0.337500 0.203125
3 0.917969 0.046875 0.029687 0.050000
3 0.034375 0.285156 0.025000 0.051562
3 0.094531 0.275000 0.026562 0.031250
3 0.153906 0.275781 0.023438 0.032813
3 0.232031 0.289062 0.064062 0.059375
3 0.371875 0.434375 0.146875 0.350000
8 0.498437 0.289844 0.037500 0.060937
3 0.625781 0.388281 0.148438 0.257812
3 0.762500 0.288281 0.056250 0.057813
4 0.846875 0.285156 0.043750 0.051562
4 0.925000 0.282031 0.043750 0.045312
8 0.036719 0.661719 0.029687 0.035937
4 0.099219 0.671094 0.026562 0.054688
3 0.173437 0.671875 0.053125 0.056250
3 0.267188 0.680469 0.065625 0.073438
3 0.368750 0.692187 0.068750 0.096875
3 0.474219 0.679688 0.073438 0.071875
3 0.605469 0.695312 0.120313 0.103125
3 0.737500 0.711719 0.075000 0.135937
3 0.865625 0.674219 0.112500 0.060937
3 0.053906 0.845313 0.064062 0.062500
3 0.135937 0.839063 0.031250 0.050000
3 0.223438 0.838281 0.075000 0.048438
3 0.322656 0.841406 0.054688 0.054688
