3 0.146596 0.129447 0.239992 0.205694
3 0.363643 0.077279 0.105336 0.101359
3 0.514222 0.078853 0.106495 0.104506
2 0.723755 0.123154 0.222435 0.193108
2 0.121917 0.359987 0.190635 0.166775
8 0.324395 0.343926 0.123717 0.134652
8 0.508631 0.359660 0.154688 0.166120
4 0.677330 0.319909 0.092086 0.086619
4 0.842334 0.352206 0.150218 0.151212
4 0.068999 0.530185 0.084798 0.085295
8 0.198437 0.530433 0.084301 0.085792
2 0.376332 0.576475 0.183841 0.177876
2 0.599738 0.568276 0.174402 0.161478
2 0.147673 0.810105 0.242147 0.201386
3 0.375793 0.772597 0.123387 0.126370
3 0.518375 0.744938 0.071051 0.071051
3 0.628368 0.743034 0.059788 0.067244
4 0.735044 0.741046 0.063764 0.063267
2 0.876148 0.769117 0.130346 0.119410
