8 0.059375 0.062500 0.075000 0.081250
4 0.167969 0.067187 0.073438 0.090625
8 0.267969 0.048438 0.057813 0.053125
4 0.349219 0.062500 0.035937 0.081250
4 0.417969 0.060156 0.032813 0.076563
4 0.482812 0.034375 0.028125 0.025000
4 0.546875 0.064844 0.031250 0.085938
4 0.610938 0.054688 0.028125 0.065625
2 0.747656 0.071875 0.176563 0.100000
3 0.904687 0.052344 0.068750 0.060937
3 0.047656 0.185156 0.051562 0.057813
3 0.153125 0.200000 0.090625 0.087500
3 0.263281 0.188281 0.060937 0.064062
3 0.350781 0.178125 0.045312 0.043750
3 0.449219 0.195312 0.082812 0.078125
3 0.558594 0.188281 0.067187 0.064062
3 0.653125 0.189844 0.053125 0.067187
3 0.728125 0.184375 0.028125 0.056250
3 0.805469 0.178906 0.057813 0.045312
3 0.917188 0.215625 0.096875 0.118750
3 0.054688 0.343750 0.065625 0.068750
3 0.145313 0.348438 0.046875 0.078125
8 0.236719 0.335938 0.067187 0.053125
3 0.328906 0.332031 0.048438 0.045312
3 0.403906 0.329688 0.032813 0.040625
8 0.481250 0.331250 0.053125 0.043750
4 0.560937 0.355469 0.037500 0.092188
8 0.637500 0.333594 0.046875 0.048438
8 0.707031 0.321094 0.023438 0.023438
3 0.790625 0.352344 0.075000 0.085938
4 0.882031 0.333594 0.039062 0.048438
3 0.047656 0.476562 0.051562 0.081250
3 0.164844 0.506250 0.114062 0.140625
3 0.291406 0.476562 0.070312 0.081250
3 0.393750 0.475781 0.065625 0.079687
8 0.557031 0.453906 0.035937 0.035937
4 0.640625 0.485156 0.062500 0.098437
3 0.721875 0.474219 0.031250 0.076563
8 0.802344 0.460938 0.060937 0.050000
3 0.094531 0.660156 0.145313 0.098437
3 0.260937 0.650781 0.118750 0.079687
3 0.407813 0.670312 0.106250 0.118750
3 0.524219 0.636719 0.057813 0.051562
3 0.614844 0.646875 0.054688 0.071875
3 0.709375 0.679688 0.065625 0.137500
3 0.806250 0.677344 0.059375 0.132812
4 0.880469 0.632031 0.020313 0.042188
3 0.063281 0.849219 0.082812 0.132812
