4 0.086719 0.092435 0.120238 0.131671
8 0.216157 0.050035 0.047865 0.046871
8 0.307433 0.049869 0.046043 0.046540
8 0.398721 0.050283 0.047368 0.047368
8 0.589263 0.051443 0.047201 0.049687
4 0.682941 0.053182 0.050183 0.053165
3 0.789185 0.061628 0.072046 0.070057
4 0.886415 0.040677 0.032131 0.028155
8 0.065189 0.244237 0.077178 0.082149
8 0.181433 0.235872 0.065917 0.065420
2 0.367069 0.297895 0.215313 0.189465
2 0.644740 0.338808 0.251905 0.271291
2 0.124978 0.617414 0.196758 0.197255
2 0.392686 0.629087 0.250922 0.220601
2 0.701991 0.652773 0.278908 0.267973
2 0.093510 0.898943 0.133822 0.135313
2 0.273127 0.897452 0.136804 0.132330
