4 0.133922 0.132431 0.214646 0.211663
4 0.344770 0.085147 0.117591 0.117094
4 0.571209 0.053595 0.057968 0.053992
4 0.671103 0.056826 0.051506 0.060454
4 0.773443 0.064280 0.062436 0.075360
4 0.870160 0.048462 0.040245 0.043725
3 0.058564 0.316554 0.063929 0.067409
3 0.172836 0.323013 0.076847 0.080327
3 0.301668 0.325745 0.090761 0.085791
3 0.416157 0.306285 0.047865 0.046871
4 0.515135 0.314566 0.061445 0.063433
4 0.622958 0.315146 0.064592 0.064592
8 0.819502 0.316554 0.063929 0.067409
8 0.069330 0.453776 0.085461 0.082479
4 0.186678 0.445662 0.060782 0.066250
8 0.290704 0.442018 0.059458 0.058961
3 0.388021 0.435393 0.044717 0.045712
4 0.501761 0.461313 0.094072 0.097552
4 0.637677 0.456924 0.087779 0.088773
4 0.765355 0.451292 0.077511 0.077511
2 0.119596 0.647969 0.185992 0.186489
2 0.313335 0.601511 0.110970 0.093572
2 0.482668 0.618571 0.137136 0.127692
4 0.626900 0.587766 0.063101 0.066083
4 0.732974 0.586276 0.059623 0.063102
4 0.857701 0.606067 0.099703 0.102686
3 0.082993 0.845847 0.112786 0.119746
3 0.226397 0.827960 0.083970 0.083970
4 0.335144 0.808582 0.045215 0.045215
3 0.468098 0.846508 0.132996 0.121066
3 0.605395 0.814131 0.051341 0.056312
3 0.724888 0.840548 0.099702 0.109146
3 0.845203 0.816615 0.052831 0.061282
