8 0.090033 0.088045 0.126867 0.122890
8 0.250314 0.079184 0.103678 0.105170
8 0.384756 0.065189 0.075689 0.077180
3 0.508050 0.068668 0.081651 0.084136
3 0.639416 0.069246 0.091258 0.085294
3 0.781067 0.076451 0.102686 0.099703
4 0.082746 0.247448 0.112292 0.107321
3 0.219286 0.229478 0.072874 0.071382
4 0.324052 0.219293 0.048029 0.051012
4 0.410029 0.212585 0.035608 0.037596
8 0.499074 0.220452 0.054324 0.053330
8 0.595275 0.219459 0.049852 0.051343
8 0.687535 0.217719 0.046871 0.047865
8 0.777818 0.215318 0.043061 0.043061
8 0.873682 0.224179 0.059789 0.060783
8 0.051857 0.369613 0.050515 0.048527
8 0.144519 0.367957 0.045215 0.045215
4 0.287575 0.419464 0.153201 0.148230
4 0.446677 0.382366 0.074530 0.074033
3 0.677804 0.390233 0.086785 0.089767
3 0.802844 0.383525 0.074363 0.076352
2 0.088211 0.598651 0.123222 0.122228
8 0.214655 0.558654 0.041736 0.042233
2 0.326761 0.583083 0.094073 0.091091
8 0.452988 0.572235 0.068401 0.069395
4 0.569546 0.573559 0.076518 0.072044
3 0.752121 0.634508 0.197918 0.193941
8 0.087631 0.839370 0.122062 0.125542
3 0.243142 0.825209 0.098710 0.097219
