3 0.055334 0.057074 0.057470 0.060949
3 0.168657 0.063615 0.080990 0.074031
3 0.283140 0.055832 0.059955 0.058464
3 0.406376 0.077114 0.097053 0.101030
3 0.535811 0.061877 0.071549 0.070554
3 0.642990 0.054176 0.054655 0.055152
3 0.747876 0.056825 0.064427 0.060451
3 0.894266 0.097320 0.138459 0.141441
3 0.075045 0.254521 0.096891 0.083967
3 0.227416 0.273403 0.117259 0.121732
3 0.358117 0.240610 0.053661 0.056146
2 0.517423 0.292779 0.175396 0.160484
3 0.693265 0.253279 0.086455 0.081484
3 0.830062 0.262803 0.097550 0.100533
3 0.084235 0.479085 0.115270 0.123721
3 0.223073 0.459790 0.074196 0.085132
3 0.327000 0.441240 0.044551 0.048031
3 0.425835 0.449769 0.064095 0.065089
3 0.554834 0.475359 0.103345 0.116269
4 0.722320 0.486454 0.141441 0.138459
2 0.895008 0.471713 0.114942 0.108977
2 0.100800 0.665787 0.148400 0.131500
4 0.246848 0.629518 0.052997 0.058962
4 0.369644 0.650965 0.104839 0.101856
4 0.494303 0.627862 0.054158 0.055649
4 0.607563 0.646412 0.083802 0.092750
4 0.737179 0.644921 0.086785 0.089767
4 0.843255 0.619498 0.036436 0.038921
4 0.923676 0.621403 0.034779 0.042732
4 0.052105 0.803845 0.051011 0.054490
3 0.317153 0.835229 0.121732 0.117259
