2 0.075624 0.073387 0.098049 0.093575
2 0.212097 0.069413 0.086620 0.085626
4 0.312044 0.039353 0.024015 0.025506
2 0.460874 0.113218 0.184173 0.173237
8 0.679641 0.105352 0.165457 0.157504
8 0.852661 0.071731 0.092748 0.090263
4 0.071399 0.291569 0.089600 0.095565
4 0.192691 0.277740 0.063432 0.067906
4 0.304313 0.279313 0.071051 0.071051
4 0.401719 0.263082 0.034614 0.038591
4 0.484305 0.267720 0.040410 0.047866
4 0.576216 0.272026 0.055483 0.056477
4 0.669094 0.265152 0.041239 0.042731
4 0.770020 0.281384 0.071216 0.075193
8 0.888212 0.284199 0.076350 0.080824
3 0.057654 0.414721 0.062108 0.060617
3 0.159184 0.409752 0.052668 0.050680
3 0.294401 0.444614 0.129352 0.120405
3 0.479679 0.462917 0.153033 0.157010
3 0.696507 0.500020 0.192940 0.231215
3 0.897159 0.450745 0.119244 0.132665
3 0.077776 0.713145 0.102353 0.104342
3 0.208917 0.697660 0.070885 0.073371
3 0.348392 0.719025 0.118585 0.116100
8 0.497891 0.707266 0.092582 0.092582
3 0.647480 0.722089 0.116762 0.122230
3 0.828293 0.737740 0.156513 0.153530
3 0.059226 0.896761 0.065253 0.074697
3 0.181189 0.904627 0.090429 0.090429
3 0.297594 0.888148 0.054489 0.057471
3 0.403401 0.898003 0.069228 0.077181
3 0.534359 0.906944 0.103018 0.095065
3 0.677754 0.910424 0.096059 0.102024
3 0.809601 0.900901 0.078503 0.082977
