4 0.088281 0.083594 0.132812 0.123438
4 0.214844 0.041406 0.051562 0.039062
4 0.312500 0.056250 0.075000 0.068750
3 0.484375 0.092969 0.200000 0.142187
4 0.677344 0.092188 0.117188 0.140625
4 0.789844 0.042969 0.039062 0.042188
3 0.865625 0.042188 0.043750 0.040625
3 0.085156 0.232813 0.126562 0.068750
3 0.250781 0.265625 0.135937 0.134375
3 0.392969 0.249219 0.079687 0.101562
3 0.514844 0.251563 0.095312 0.106250
3 0.617969 0.235937 0.042188 0.075000
3 0.726562 0.256250 0.106250 0.115625
3 0.826562 0.217188 0.025000 0.037500
3 0.094531 0.418750 0.145313 0.103125
3 0.248438 0.425000 0.093750 0.115625
3 0.394531 0.424219 0.129688 0.114062
3 0.531250 0.403906 0.075000 0.073438
3 0.658594 0.409375 0.110937 0.084375
3 0.786719 0.395313 0.076563 0.056250
3 0.911719 0.430469 0.104688 0.126562
3 0.050000 0.563281 0.056250 0.070312
3 0.153125 0.565625 0.081250 0.075000
3 0.285156 0.573438 0.114062 0.090625
3 0.426563 0.575781 0.100000 0.095312
3 0.557813 0.578906 0.093750 0.101562
3 0.688281 0.581250 0.098437 0.106250
3 0.803906 0.567187 0.064062 0.078125
3 0.083594 0.708594 0.123438 0.079687
3 0.200000 0.694531 0.040625 0.051562
3 0.289844 0.703125 0.070312 0.068750
3 0.387500 0.699219 0.056250 0.060937
3 0.480469 0.699219 0.060937 0.060937
3 0.593750 0.718750 0.096875 0.100000
3 0.699219 0.699219 0.045312 0.060937
3 0.808594 0.725000 0.104688 0.112500
3 0.931250 0.710156 0.071875 0.082812
3 0.070312 0.881250 0.096875 0.131250
3 0.207813 0.856250 0.109375 0.081250
3 0.344531 0.850000 0.095312 0.068750
3 0.487500 0.850000 0.121875 0.068750
3 0.613281 0.838281 0.060937 0.045312
3 0.726562 0.859375 0.096875 0.087500
3 0.846094 0.857031 0.073438 0.082812
