3 0.098481 0.089285 0.143763 0.125371
3 0.308907 0.119596 0.186489 0.185992
3 0.507611 0.090778 0.121399 0.128358
3 0.681104 0.096906 0.137134 0.140613
3 0.831548 0.069579 0.075521 0.085960
3 0.102288 0.335029 0.151377 0.154359
3 0.242449 0.280374 0.041073 0.045050
3 0.396790 0.340079 0.177880 0.164459
3 0.600113 0.331717 0.140776 0.147735
3 0.800875 0.340577 0.170425 0.165454
3 0.077859 0.518236 0.102520 0.102022
3 0.242871 0.532396 0.138792 0.130342
3 0.403655 0.511362 0.094737 0.088275
3 0.573274 0.548628 0.155848 0.162807
3 0.737831 0.511943 0.084963 0.089436
3 0.879361 0.520554 0.108648 0.106660
3 0.098977 0.743686 0.144754 0.137298
3 0.283318 0.741948 0.135313 0.133822
3 0.462012 0.742942 0.133324 0.135810
3 0.643366 0.746172 0.139784 0.142269
3 0.805714 0.725138 0.095728 0.100202
