4 0.070571 0.076287 0.087942 0.099375
8 0.198416 0.065106 0.078008 0.077014
4 0.313501 0.056825 0.064427 0.060451
4 0.444986 0.079929 0.108648 0.106660
8 0.578815 0.065853 0.070056 0.078506
3 0.725424 0.088209 0.135149 0.123220
3 0.160835 0.329762 0.268471 0.271951
3 0.397565 0.247282 0.116931 0.106989
4 0.542022 0.235772 0.083970 0.083970
3 0.714612 0.301114 0.172899 0.214654
3 0.115622 0.595275 0.178045 0.168600
3 0.363251 0.622271 0.229552 0.222593
3 0.569279 0.561573 0.094734 0.101196
3 0.763083 0.599413 0.204217 0.176877
3 0.075373 0.834889 0.097547 0.113454
3 0.229489 0.832650 0.121403 0.108976
3 0.373249 0.822218 0.077674 0.088113
3 0.504814 0.825447 0.097054 0.094569
3 0.651474 0.827434 0.105999 0.098543
3 0.790543 0.818987 0.084136 0.081651
