2 0.125224 0.137900 0.197249 0.222600
2 0.352758 0.107339 0.167941 0.161479
8 0.516068 0.059641 0.069562 0.066082
2 0.680812 0.102618 0.170925 0.152036
2 0.197856 0.447645 0.342512 0.307717
3 0.443746 0.324427 0.059292 0.061280
3 0.556145 0.336684 0.077840 0.085793
4 0.661210 0.316891 0.044220 0.046209
4 0.148963 0.680461 0.069726 0.070223
4 0.242488 0.661167 0.028652 0.031634
3 0.319487 0.662988 0.035774 0.035277
3 0.396442 0.659261 0.030309 0.027824
4 0.477238 0.665307 0.041903 0.039914
4 0.572782 0.676155 0.061114 0.061611
4 0.696754 0.689652 0.096559 0.088606
4 0.833735 0.688991 0.089270 0.087282
4 0.941444 0.665059 0.035939 0.039419
3 0.078853 0.831409 0.104506 0.106495
3 0.206753 0.812115 0.063432 0.067906
3 0.313076 0.807146 0.060452 0.057967
3 0.422980 0.811617 0.070887 0.066910
3 0.536618 0.810375 0.066911 0.064426
3 0.642420 0.807974 0.056642 0.059624
3 0.768826 0.834805 0.106327 0.113286
3 0.896457 0.808140 0.058464 0.059955
