2 0.181043 0.173587 0.308887 0.293974
4 0.399102 0.045977 0.038755 0.038755
4 0.487297 0.051360 0.049521 0.049521
4 0.595042 0.065355 0.077511 0.077511
4 0.728676 0.078356 0.101028 0.103514
4 0.108334 0.445408 0.163469 0.159492
4 0.274740 0.411457 0.080655 0.091591
4 0.392452 0.403673 0.066081 0.076022
4 0.526495 0.422553 0.112291 0.113782
4 0.671731 0.412036 0.090263 0.092748
3 0.817202 0.424624 0.112456 0.117923
3 0.126552 0.669556 0.199905 0.198414
3 0.319787 0.624260 0.098874 0.107821
3 0.473143 0.631878 0.118087 0.123058
3 0.631171 0.626661 0.109144 0.112623
3 0.763428 0.605544 0.067407 0.070390
3 0.874852 0.601238 0.065255 0.061776
3 0.054341 0.842338 0.055483 0.056477
4 0.150780 0.840517 0.048360 0.052834
