3 0.053125 0.059375 0.062500 0.075000
3 0.139844 0.039062 0.042188 0.034375
4 0.238281 0.041406 0.085938 0.039062
8 0.344531 0.047656 0.057813 0.051562
4 0.478125 0.090625 0.140625 0.137500
4 0.607031 0.047656 0.048438 0.051562
4 0.690625 0.046094 0.050000 0.048438
4 0.767969 0.046094 0.035937 0.048438
4 0.843750 0.051562 0.046875 0.059375
4 0.929688 0.057813 0.056250 0.071875
4 0.044531 0.225781 0.045312 0.064062
4 0.131250 0.217969 0.059375 0.048438
3 0.235937 0.225000 0.081250 0.062500
4 0.328125 0.225000 0.034375 0.062500
3 0.410156 0.221094 0.060937 0.054688
8 0.500781 0.217969 0.051562 0.048438
8 0.593750 0.225781 0.065625 0.064062
3 0.687500 0.228125 0.053125 0.068750
4 0.778125 0.216406 0.059375 0.045312
4 0.854688 0.208594 0.025000 0.029687
8 0.925000 0.213281 0.046875 0.039062
3 0.058594 0.328906 0.073438 0.064062
3 0.170313 0.342969 0.081250 0.092188
3 0.275781 0.331250 0.060937 0.068750
3 0.354687 0.308594 0.028125 0.023438
2 0.521094 0.496094 0.235937 0.398438
2 0.746875 0.364844 0.146875 0.135937
2 0.103125 0.819531 0.162500 0.179688
2 0.241406 0.751563 0.045312 0.043750
2 0.322656 0.749219 0.048438 0.039062
2 0.428125 0.774219 0.093750 0.089063
8 0.537500 0.761719 0.056250 0.064062
4 0.625000 0.788281 0.050000 0.117188
8 0.707031 0.751563 0.045312 0.043750
3 0.796875 0.750781 0.065625 0.042188
4 0.887500 0.750000 0.046875 0.040625
