2 0.112500 0.142187 0.181250 0.240625
8 0.266406 0.047656 0.057813 0.051562
4 0.348438 0.044531 0.037500 0.045312
8 0.433594 0.057031 0.064062 0.070312
4 0.518750 0.044531 0.037500 0.045312
4 0.595313 0.040625 0.046875 0.037500
4 0.674219 0.042188 0.042188 0.040625
2 0.811719 0.138281 0.164062 0.232813
4 0.055469 0.335156 0.067187 0.076563
2 0.180469 0.451562 0.114062 0.309375
8 0.301563 0.327344 0.059375 0.060937
8 0.407813 0.346094 0.084375 0.098437
4 0.497656 0.315625 0.026562 0.037500
3 0.573438 0.321094 0.056250 0.048438
3 0.656250 0.314063 0.040625 0.034375
3 0.736719 0.322656 0.051562 0.051562
3 0.819531 0.316406 0.045312 0.039062
3 0.898438 0.329688 0.043750 0.065625
3 0.050781 0.687500 0.057813 0.093750
3 0.131250 0.657813 0.034375 0.034375
3 0.207031 0.666406 0.048438 0.051562
3 0.296094 0.670312 0.060937 0.059375
3 0.385937 0.662500 0.050000 0.043750
3 0.502344 0.698438 0.114062 0.115625
3 0.626563 0.680469 0.065625 0.079687
3 0.719531 0.670312 0.051562 0.059375
3 0.863281 0.725000 0.167187 0.168750
3 0.044531 0.862500 0.045312 0.037500
4 0.178125 0.859375 0.040625 0.031250
4 0.259375 0.868750 0.053125 0.050000
4 0.338281 0.866406 0.035937 0.045312
3 0.417187 0.869531 0.053125 0.051562
3 0.525000 0.878906 0.093750 0.070312
3 0.641406 0.888281 0.070312 0.089063
3 0.722656 0.860156 0.023438 0.032813
3 0.784375 0.866406 0.031250 0.045312
2 0.885938 0.883594 0.103125 0.079687
