4 0.089040 0.082578 0.124881 0.111957
4 0.270211 0.099224 0.149722 0.145249
4 0.431084 0.071815 0.083969 0.090431
4 0.557967 0.069827 0.081485 0.086455
4 0.686021 0.068336 0.084467 0.083473
4 0.805771 0.058896 0.064592 0.064592
3 0.921274 0.063533 0.076849 0.073866
3 0.055832 0.247202 0.058464 0.059955
3 0.197960 0.285709 0.136472 0.136969
3 0.353622 0.259624 0.085295 0.084798
3 0.485960 0.261280 0.090595 0.088110
3 0.617261 0.251921 0.081323 0.069393
3 0.771559 0.306002 0.136794 0.177555
3 0.081006 0.494500 0.108813 0.110801
3 0.233385 0.498476 0.107320 0.118753
3 0.366150 0.477442 0.069725 0.076684
3 0.497521 0.487046 0.104343 0.095893
3 0.651507 0.490109 0.115441 0.102020
3 0.789184 0.477359 0.072044 0.076518
3 0.905709 0.476945 0.070719 0.075690
3 0.058564 0.636866 0.063929 0.067409
3 0.184761 0.654008 0.100697 0.101692
3 0.325518 0.653181 0.091587 0.100037
3 0.443404 0.631401 0.055483 0.056477
3 0.566427 0.644979 0.101530 0.083635
3 0.721083 0.665188 0.117093 0.124052
3 0.874237 0.654670 0.101525 0.103017
3 0.052519 0.799820 0.051839 0.055815
3 0.171337 0.828474 0.095725 0.113123
3 0.298134 0.808929 0.068069 0.074034
3 0.426451 0.823255 0.099703 0.102686
3 0.552646 0.804208 0.064592 0.064592
3 0.675022 0.819197 0.090594 0.094570
3 0.788021 0.794768 0.044717 0.045712
3 0.884537 0.800233 0.059624 0.056642
