3 0.162081 0.148411 0.270962 0.243623
2 0.395057 0.081421 0.105665 0.109642
2 0.564433 0.110489 0.144417 0.167779
3 0.761862 0.106429 0.161150 0.159658
3 0.112806 0.399063 0.172412 0.169927
2 0.291153 0.367928 0.094732 0.107656
3 0.412579 0.343580 0.059458 0.058961
3 0.557594 0.389375 0.140113 0.150552
2 0.763250 0.414385 0.182676 0.200571
4 0.930440 0.344574 0.063930 0.060948
4 0.052105 0.586657 0.051011 0.054490
8 0.147170 0.583675 0.050515 0.048527
8 0.262936 0.604130 0.091423 0.089435
2 0.447484 0.650255 0.188644 0.181685
4 0.620672 0.596843 0.069394 0.074862
8 0.742187 0.605538 0.084299 0.092253
8 0.852508 0.583510 0.048693 0.048196
4 0.073469 0.837070 0.093740 0.102190
8 0.200443 0.819016 0.069562 0.066082
8 0.311275 0.819016 0.063101 0.066083
4 0.541504 0.820837 0.076684 0.069725
8 0.651950 0.816118 0.053825 0.060287
4 0.772747 0.835744 0.098544 0.099538
8 0.898445 0.813964 0.062441 0.055979
