4 0.084733 0.081502 0.116267 0.109805
4 0.221903 0.062208 0.068732 0.071218
8 0.355840 0.081089 0.108482 0.108979
8 0.488594 0.059475 0.067739 0.065751
3 0.726882 0.194210 0.319314 0.335220
3 0.082662 0.464338 0.112125 0.116101
8 0.231293 0.457962 0.096887 0.103349
8 0.372487 0.455725 0.094900 0.098877
4 0.503599 0.450757 0.078999 0.088941
3 0.620413 0.440157 0.065751 0.067739
3 0.745842 0.453655 0.094735 0.094735
3 0.879026 0.445539 0.082977 0.078503
3 0.063367 0.604738 0.073535 0.075027
3 0.180875 0.602750 0.071051 0.071051
3 0.295589 0.602585 0.069229 0.070721
3 0.420169 0.610368 0.090264 0.086288
3 0.554793 0.610120 0.090761 0.085791
3 0.685014 0.615836 0.079329 0.097223
3 0.799013 0.599438 0.060451 0.064427
3 0.095083 0.780878 0.136967 0.142932
3 0.252070 0.755621 0.088441 0.092417
3 0.380742 0.748995 0.080161 0.079167
3 0.509718 0.751479 0.088111 0.084135
3 0.642613 0.750320 0.088277 0.081815
3 0.767724 0.745103 0.072874 0.071382
3 0.884084 0.740548 0.071219 0.062272
3 0.063367 0.934425 0.073535 0.075027
