2 0.113633 0.116118 0.174067 0.179037
8 0.319795 0.108252 0.148890 0.163305
8 0.563235 0.139302 0.248271 0.225405
8 0.756545 0.050863 0.050515 0.048527
8 0.855500 0.057985 0.057801 0.062771
3 0.072808 0.344363 0.092416 0.094901
4 0.209231 0.343286 0.090263 0.092748
2 0.366792 0.370697 0.136635 0.147571
4 0.515085 0.331527 0.070721 0.069229
3 0.635926 0.339229 0.081154 0.084633
4 0.734345 0.310907 0.027990 0.027990
3 0.852924 0.361091 0.121399 0.128358
4 0.046722 0.510962 0.040245 0.043725
4 0.144097 0.529181 0.066245 0.080164
3 0.266382 0.531829 0.088939 0.085460
3 0.393397 0.529015 0.077345 0.079830
3 0.541606 0.554354 0.130012 0.130510
8 0.753206 0.600648 0.203213 0.223096
8 0.071649 0.800591 0.090098 0.088607
8 0.206189 0.801502 0.090429 0.090429
8 0.327149 0.789080 0.063598 0.065586
8 0.451771 0.808873 0.097218 0.105171
8 0.573505 0.785188 0.056311 0.057802
8 0.669685 0.779805 0.045545 0.047037
3 0.771903 0.795126 0.068731 0.077678
3 0.881742 0.789660 0.060285 0.066747
3 0.053845 0.931792 0.054490 0.051011
3 0.158493 0.938500 0.066911 0.064426
