2 0.120674 0.111230 0.188150 0.169261
2 0.343217 0.106428 0.167610 0.159657
2 0.519197 0.071897 0.094570 0.090594
8 0.677140 0.091771 0.132332 0.130343
2 0.836892 0.078440 0.098709 0.103680
4 0.053927 0.268238 0.054655 0.055152
4 0.152436 0.266499 0.051674 0.051674
4 0.249146 0.265588 0.051343 0.049852
3 0.366319 0.295401 0.095063 0.109479
3 0.500911 0.283724 0.086123 0.086123
3 0.677872 0.331671 0.177545 0.182019
8 0.077860 0.515006 0.102521 0.095562
3 0.246182 0.540926 0.145415 0.147403
3 0.399957 0.501342 0.071715 0.068235
8 0.548871 0.539105 0.138292 0.143760
2 0.700713 0.504406 0.076352 0.074363
4 0.808934 0.496043 0.052169 0.057637
3 0.905809 0.496043 0.052169 0.057637
4 0.046805 0.680115 0.040411 0.041405
8 0.132754 0.680694 0.043559 0.042564
4 0.286587 0.740316 0.176224 0.161809
4 0.507062 0.754149 0.176549 0.189473
4 0.685048 0.706532 0.088772 0.094240
3 0.819766 0.705703 0.092582 0.092582
