3 0.055469 0.044531 0.067187 0.045312
3 0.146094 0.042188 0.045312 0.040625
3 0.235937 0.060937 0.065625 0.078125
3 0.329688 0.046875 0.053125 0.050000
3 0.410156 0.042188 0.039062 0.040625
3 0.489844 0.041406 0.051562 0.039062
3 0.598437 0.075000 0.096875 0.106250
3 0.724219 0.044531 0.085938 0.045312
3 0.841406 0.068750 0.079687 0.093750
3 0.933594 0.043750 0.035937 0.043750
2 0.094531 0.211719 0.145313 0.098437
3 0.235937 0.189062 0.068750 0.053125
3 0.338281 0.200781 0.067187 0.076563
3 0.442969 0.212500 0.073438 0.100000
3 0.534375 0.200000 0.040625 0.075000
3 0.603125 0.182031 0.028125 0.039062
3 0.674219 0.186719 0.045312 0.048438
3 0.760938 0.212500 0.059375 0.100000
4 0.878125 0.210938 0.106250 0.096875
2 0.067187 0.332813 0.090625 0.071875
2 0.210938 0.334375 0.128125 0.075000
4 0.325000 0.321875 0.031250 0.050000
4 0.414844 0.332031 0.079687 0.070312
4 0.507812 0.317969 0.037500 0.042188
4 0.585938 0.335938 0.050000 0.078125
4 0.675000 0.331250 0.059375 0.068750
4 0.750781 0.312500 0.023438 0.031250
4 0.804688 0.317188 0.015625 0.040625
4 0.863281 0.318750 0.032813 0.043750
4 0.054688 0.442188 0.065625 0.065625
3 0.168750 0.449219 0.093750 0.079687
3 0.354687 0.469531 0.209375 0.120313
3 0.532031 0.458594 0.076563 0.098437
3 0.652344 0.450781 0.095312 0.082812
3 0.758594 0.450000 0.048438 0.081250
3 0.843750 0.448437 0.053125 0.078125
3 0.074219 0.605469 0.104688 0.082812
3 0.195312 0.601562 0.068750 0.075000
3 0.311719 0.621875 0.095312 0.115625
3 0.420312 0.608594 0.053125 0.089063
3 0.512500 0.597656 0.062500 0.067187
2 0.632031 0.599219 0.107813 0.070312
8 0.754687 0.596875 0.068750 0.065625
8 0.857812 0.605469 0.068750 0.082812
8 0.950781 0.592187 0.048438 0.056250
3 0.049219 0.744531 0.054688 0.060937
8 0.156250 0.755469 0.090625 0.082812
8 0.267969 0.737500 0.064062 0.046875
8 0.396875 0.764062 0.125000 0.100000
8 0.521875 0.741406 0.056250 0.054688
4 0.603125 0.736719 0.037500 0.045312
8 0.679688 0.732812 0.046875 0.037500
8 0.763281 0.738281 0.051562 0.048438
