3 0.075374 0.080096 0.097549 0.106993
3 0.275197 0.141957 0.212819 0.230714
3 0.493427 0.095416 0.133655 0.137632
3 0.646958 0.068336 0.084467 0.083473
3 0.770104 0.059806 0.071384 0.066413
3 0.891195 0.064029 0.082315 0.074859
3 0.079184 0.353439 0.105170 0.103678
3 0.244753 0.368013 0.136307 0.132827
3 0.445383 0.377700 0.175066 0.152201
3 0.605075 0.331743 0.053825 0.060287
3 0.711048 0.339279 0.068897 0.075359
3 0.839188 0.355345 0.097052 0.107490
3 0.070405 0.547251 0.087611 0.097553
3 0.225079 0.570604 0.131335 0.144259
4 0.366035 0.529777 0.060120 0.062605
2 0.499376 0.551721 0.117428 0.106492
8 0.686801 0.580622 0.167278 0.164295
8 0.887128 0.566958 0.142932 0.136967
8 0.097982 0.780723 0.142765 0.145747
8 0.369672 0.751491 0.089270 0.087282
8 0.515972 0.762173 0.113120 0.108646
8 0.704507 0.793889 0.174565 0.172080
8 0.871252 0.743624 0.070554 0.071549
