2 0.101562 0.098437 0.159375 0.153125
2 0.277344 0.065625 0.123438 0.087500
2 0.450000 0.100781 0.153125 0.157812
4 0.602344 0.054688 0.082812 0.065625
4 0.719531 0.063281 0.082812 0.082812
4 0.837500 0.051562 0.084375 0.059375
8 0.940625 0.044531 0.053125 0.045312
2 0.084375 0.294531 0.125000 0.160938
8 0.196875 0.230469 0.031250 0.032813
4 0.275000 0.257031 0.056250 0.085938
4 0.356250 0.234375 0.037500 0.040625
4 0.431250 0.235937 0.043750 0.043750
4 0.506250 0.229687 0.037500 0.031250
4 0.585938 0.250781 0.053125 0.073438
4 0.657813 0.228906 0.021875 0.029687
4 0.783594 0.267969 0.160938 0.107813
3 0.078906 0.466406 0.114062 0.114062
3 0.222656 0.464062 0.104688 0.109375
3 0.325000 0.442188 0.031250 0.065625
2 0.411719 0.429688 0.073438 0.040625
2 0.506250 0.432812 0.046875 0.046875
4 0.578906 0.439063 0.029687 0.059375
2 0.708594 0.535937 0.160938 0.253125
2 0.850000 0.435156 0.053125 0.051562
2 0.928906 0.438281 0.035937 0.057813
2 0.044531 0.717969 0.045312 0.042188
2 0.128906 0.725000 0.054688 0.056250
2 0.213281 0.722656 0.045312 0.051562
2 0.301563 0.719531 0.062500 0.045312
2 0.384375 0.719531 0.034375 0.045312
2 0.458594 0.730469 0.045312 0.067187
