3 0.133425 0.136159 0.213650 0.219118
3 0.339728 0.088626 0.110632 0.124053
3 0.545263 0.132514 0.212326 0.211829
3 0.796543 0.131024 0.202388 0.208850
3 0.081669 0.343246 0.110139 0.105168
3 0.213583 0.326189 0.064591 0.071053
3 0.315919 0.318156 0.050513 0.054987
4 0.434253 0.338195 0.096557 0.095066
3 0.599889 0.356246 0.146578 0.131169
3 0.815105 0.396247 0.195761 0.211170
3 0.093595 0.606948 0.133990 0.120072
3 0.243480 0.585667 0.077511 0.077511
3 0.383821 0.608110 0.114442 0.122396
3 0.540133 0.599331 0.108317 0.104837
3 0.675287 0.586082 0.072375 0.078340
3 0.785602 0.575730 0.058630 0.057636
2 0.096410 0.779933 0.139620 0.131667
2 0.259667 0.762295 0.097385 0.096391
2 0.377674 0.739108 0.049024 0.050018
2 0.521773 0.786724 0.149722 0.145249
2 0.691342 0.763537 0.101361 0.098875
2 0.873589 0.798731 0.175228 0.169263
