8 0.097900 0.094172 0.142601 0.135145
8 0.255257 0.067259 0.082314 0.081320
4 0.366168 0.050614 0.051012 0.048029
4 0.468766 0.064859 0.065584 0.076519
8 0.606866 0.091524 0.119908 0.129849
8 0.749976 0.074797 0.078004 0.096395
8 0.880300 0.076038 0.094900 0.098877
4 0.045149 0.227570 0.037098 0.042566
3 0.288463 0.368012 0.361228 0.323450
4 0.551365 0.240073 0.074531 0.067572
4 0.679638 0.252081 0.093576 0.091588
3 0.142450 0.700331 0.231700 0.250589
3 0.461744 0.735110 0.317164 0.320146
4 0.694480 0.604352 0.057636 0.058630
3 0.824448 0.626544 0.114447 0.103014
