8 0.069247 0.068999 0.085295 0.084798
8 0.184029 0.054838 0.055483 0.056477
8 0.274588 0.044901 0.036602 0.036602
8 0.371821 0.060138 0.068567 0.067076
8 0.483244 0.059061 0.066414 0.064923
8 0.595010 0.060386 0.068070 0.067573
8 0.711816 0.064692 0.076683 0.076186
4 0.835595 0.070324 0.080490 0.087449
4 0.056328 0.192123 0.059457 0.065422
4 0.171201 0.201315 0.079829 0.083805
8 0.292641 0.196263 0.072707 0.073702
4 0.435995 0.230383 0.125040 0.141941
8 0.578816 0.195435 0.070057 0.072046
4 0.687910 0.187484 0.060121 0.056145
8 0.142285 0.466503 0.231370 0.242306
8 0.324444 0.367129 0.042564 0.043559
8 0.411779 0.366218 0.042233 0.041736
8 0.513522 0.379964 0.070721 0.069229
3 0.627325 0.379633 0.067076 0.068567
3 0.716732 0.358103 0.024015 0.025506
8 0.878230 0.391475 0.090760 0.092251
8 0.055997 0.663738 0.058795 0.061777
4 0.168644 0.678977 0.077839 0.092254
4 0.298220 0.687423 0.093241 0.109148
8 0.418497 0.663738 0.058795 0.061777
4 0.544312 0.688416 0.104174 0.111133
8 0.664760 0.657196 0.048196 0.048693
8 0.754711 0.656202 0.043723 0.046706
8 0.853132 0.664069 0.062439 0.062439
8 0.059724 0.822721 0.066248 0.067242
8 0.204447 0.859986 0.133820 0.141773
4 0.372221 0.849883 0.113117 0.121568
4 0.509000 0.824625 0.071051 0.071051
8 0.666277 0.874479 0.154355 0.170759
