3 0.147258 0.133091 0.241316 0.212983
3 0.371083 0.088625 0.117093 0.124052
3 0.535831 0.086968 0.124714 0.120737
3 0.684291 0.073886 0.084133 0.094572
3 0.813576 0.073802 0.086452 0.094406
3 0.092932 0.347265 0.132664 0.125705
3 0.252186 0.334430 0.098047 0.100036
3 0.416400 0.358694 0.142102 0.148563
3 0.577411 0.336253 0.092248 0.103681
3 0.713091 0.329461 0.088607 0.090098
2 0.865945 0.342792 0.128690 0.116760
8 0.073139 0.524205 0.093079 0.092085
8 0.215193 0.531493 0.102187 0.106661
8 0.346417 0.514847 0.070885 0.073371
3 0.465934 0.518491 0.078670 0.080658
8 0.610406 0.537289 0.120738 0.118253
8 0.755246 0.515012 0.079168 0.073700
8 0.106099 0.716184 0.158998 0.151045
8 0.268066 0.678755 0.076683 0.076186
4 0.379506 0.669812 0.055814 0.058299
8 0.481412 0.668983 0.059624 0.056642
8 0.590985 0.674863 0.069395 0.068401
2 0.815435 0.779782 0.290171 0.278241
