3 0.147173 0.140711 0.241147 0.228223
3 0.400152 0.108001 0.175230 0.162803
3 0.631723 0.137651 0.197746 0.222103
3 0.832839 0.082910 0.115604 0.112622
2 0.184358 0.436173 0.315517 0.272272
2 0.565345 0.466235 0.358741 0.332396
8 0.808477 0.319415 0.038755 0.038755
8 0.892615 0.320243 0.041405 0.040411
8 0.058482 0.708233 0.063764 0.063267
8 0.156025 0.700201 0.043226 0.047203
8 0.281618 0.738542 0.119412 0.123886
8 0.413137 0.703264 0.054324 0.053330
8 0.514886 0.708565 0.060948 0.063930
2 0.682000 0.776885 0.182676 0.200571
3 0.863433 0.720820 0.092417 0.088441
