3 0.064360 0.069579 0.075521 0.085960
3 0.178214 0.059890 0.062604 0.066581
4 0.268802 0.042665 0.028155 0.032131
3 0.354992 0.054673 0.053661 0.056146
3 0.467259 0.067757 0.081320 0.082314
4 0.596721 0.069164 0.087117 0.085129
4 0.706936 0.050366 0.045048 0.047534
3 0.828047 0.079681 0.109145 0.106162
3 0.053596 0.202353 0.053993 0.051508
3 0.145657 0.197965 0.041239 0.042731
3 0.241201 0.205583 0.060452 0.057967
3 0.337110 0.199290 0.042895 0.045381
3 0.458478 0.238626 0.110632 0.124053
3 0.600995 0.215271 0.086291 0.077343
4 0.779419 0.194653 0.030639 0.036107
2 0.167210 0.495404 0.281221 0.300109
8 0.391338 0.382531 0.076352 0.074363
4 0.501381 0.374499 0.055814 0.058299
8 0.619269 0.392138 0.091588 0.093576
4 0.737319 0.374499 0.055814 0.058299
4 0.839224 0.373670 0.059624 0.056642
4 0.942752 0.373754 0.057305 0.056808
