2 0.086719 0.085938 0.129688 0.128125
2 0.232031 0.078125 0.092188 0.112500
2 0.344531 0.050000 0.064062 0.056250
2 0.450781 0.050781 0.079687 0.057813
8 0.552344 0.062500 0.054688 0.081250
2 0.735156 0.119531 0.242188 0.195312
4 0.904687 0.035937 0.028125 0.028125
4 0.039844 0.269531 0.035937 0.035937
4 0.120313 0.279687 0.056250 0.056250
4 0.217969 0.290625 0.070312 0.078125
4 0.349219 0.307031 0.123438 0.110937
4 0.467969 0.291406 0.045312 0.079687
4 0.542969 0.285156 0.035937 0.067187
4 0.635156 0.293750 0.079687 0.084375
4 0.740625 0.286719 0.062500 0.070312
3 0.843750 0.297656 0.075000 0.092188
3 0.095312 0.467969 0.146875 0.142187
3 0.233594 0.441406 0.060937 0.089063
3 0.338281 0.444531 0.079687 0.095312
3 0.450000 0.439844 0.075000 0.085938
3 0.544531 0.424219 0.045312 0.054688
3 0.627344 0.417187 0.051562 0.040625
3 0.707031 0.417969 0.039062 0.042188
4 0.775781 0.418750 0.029687 0.043750
3 0.872656 0.476562 0.095312 0.159375
3 0.046875 0.614062 0.050000 0.046875
3 0.139844 0.618750 0.067187 0.056250
3 0.222656 0.614062 0.029687 0.046875
3 0.284375 0.607812 0.025000 0.034375
3 0.352344 0.614844 0.042188 0.048438
3 0.426563 0.607812 0.037500 0.034375
3 0.500000 0.607812 0.040625 0.034375
3 0.569531 0.628125 0.029687 0.075000
4 0.635156 0.610156 0.032813 0.039062
4 0.718750 0.626563 0.065625 0.071875
8 0.813281 0.612500 0.054688 0.043750
8 0.885938 0.602344 0.021875 0.023438
8 0.945312 0.614062 0.028125 0.046875
4 0.047656 0.735938 0.051562 0.071875
4 0.128125 0.721875 0.040625 0.043750
4 0.203125 0.717187 0.040625 0.034375
4 0.269531 0.728125 0.023438 0.056250
4 0.328906 0.714063 0.026562 0.028125
4 0.467187 0.728906 0.046875 0.057813
2 0.595313 0.761719 0.140625 0.123438
2 0.739062 0.735938 0.078125 0.071875
2 0.864844 0.744531 0.104688 0.089063
3 0.053906 0.899219 0.064062 0.082812
