3 0.092969 0.073438 0.142187 0.103125
3 0.255469 0.117188 0.114062 0.190625
3 0.390625 0.060937 0.087500 0.078125
2 0.609375 0.094531 0.281250 0.145313
2 0.167969 0.351562 0.292187 0.209375
8 0.362500 0.260937 0.028125 0.028125
8 0.426563 0.260937 0.031250 0.028125
8 0.500000 0.269531 0.046875 0.045312
8 0.571094 0.266406 0.026562 0.039062
8 0.659375 0.294531 0.081250 0.095312
8 0.754687 0.265625 0.040625 0.037500
8 0.829688 0.271875 0.040625 0.050000
2 0.077344 0.574219 0.110937 0.167187
3 0.203125 0.520312 0.071875 0.059375
3 0.293750 0.516406 0.040625 0.051562
3 0.455469 0.532031 0.076563 0.082812
3 0.554688 0.525781 0.053125 0.070312
3 0.667188 0.536719 0.103125 0.092188
3 0.775781 0.509375 0.045312 0.037500
3 0.879687 0.547656 0.093750 0.114062
8 0.054688 0.743750 0.065625 0.103125
2 0.199219 0.727344 0.154688 0.070312
4 0.326562 0.714063 0.031250 0.043750
8 0.401562 0.714844 0.050000 0.045312
8 0.482031 0.712500 0.042188 0.040625
2 0.568750 0.719531 0.062500 0.054688
8 0.733594 0.770312 0.198437 0.156250
