3 0.077344 0.076563 0.110937 0.109375
3 0.215625 0.078906 0.096875 0.114062
3 0.343750 0.063281 0.090625 0.082812
3 0.453906 0.050781 0.060937 0.057813
2 0.642188 0.095312 0.246875 0.146875
3 0.850000 0.057031 0.100000 0.070312
4 0.951562 0.054688 0.034375 0.065625
8 0.058594 0.236719 0.073438 0.067187
2 0.211719 0.245312 0.164062 0.084375
2 0.374219 0.228906 0.092188 0.051562
3 0.480469 0.230469 0.051562 0.054688
3 0.554688 0.221875 0.028125 0.037500
8 0.639844 0.237500 0.073438 0.068750
8 0.735938 0.227344 0.050000 0.048438
8 0.821875 0.231250 0.053125 0.056250
8 0.914844 0.234375 0.064062 0.062500
4 0.041406 0.349219 0.039062 0.054688
4 0.152344 0.363281 0.114062 0.082812
3 0.296094 0.371875 0.104688 0.100000
8 0.421094 0.364063 0.076563 0.084375
8 0.562500 0.409375 0.137500 0.175000
3 0.695312 0.363281 0.059375 0.082812
8 0.807813 0.364844 0.096875 0.085938
8 0.925000 0.355469 0.068750 0.067187
8 0.157031 0.651563 0.270313 0.240625
8 0.363281 0.568750 0.073438 0.075000
3 0.451562 0.565625 0.034375 0.068750
8 0.555469 0.601562 0.104688 0.140625
8 0.721094 0.592969 0.157812 0.123438
8 0.878125 0.578906 0.087500 0.095312
8 0.118750 0.863281 0.193750 0.114062
8 0.305469 0.863281 0.110937 0.114062
8 0.466406 0.875781 0.142187 0.139063
8 0.682031 0.882031 0.220312 0.151562
8 0.842969 0.835156 0.032813 0.057813
8 0.925000 0.839063 0.062500 0.065625
