2 0.107590 0.097400 0.161982 0.141602
2 0.298438 0.080507 0.131177 0.107814
8 0.474501 0.090695 0.130179 0.128190
2 0.671448 0.103197 0.174072 0.153195
2 0.845396 0.065106 0.084468 0.077012
2 0.048213 0.245408 0.043228 0.040742
2 0.144243 0.251950 0.060287 0.053825
8 0.270212 0.276959 0.102850 0.103845
8 0.406984 0.266608 0.082645 0.083142
8 0.572630 0.320107 0.160812 0.190139
3 0.768211 0.302301 0.142597 0.154527
3 0.088459 0.523508 0.123718 0.128192
3 0.291657 0.561187 0.192615 0.203551
4 0.527170 0.556715 0.188641 0.194606
4 0.754684 0.546943 0.178043 0.175061
4 0.919751 0.489638 0.064427 0.060451
4 0.076617 0.756873 0.100036 0.098047
3 0.294391 0.821132 0.244957 0.226566
4 0.547925 0.798528 0.173901 0.181357
4 0.707466 0.736088 0.055483 0.056477
3 0.809040 0.736668 0.058630 0.057636
