3 0.062500 0.117969 0.081250 0.192188
3 0.171875 0.050000 0.068750 0.056250
3 0.270313 0.066406 0.059375 0.089063
3 0.361719 0.066406 0.054688 0.089063
3 0.522656 0.189844 0.198437 0.335938
3 0.767969 0.077344 0.223438 0.110937
3 0.148438 0.500000 0.253125 0.215625
3 0.350781 0.438281 0.082812 0.092188
3 0.475000 0.435937 0.096875 0.087500
3 0.693750 0.473438 0.271875 0.162500
3 0.900781 0.427344 0.073438 0.070312
3 0.142187 0.722656 0.240625 0.160938
3 0.369531 0.703906 0.145313 0.123438
3 0.504687 0.683594 0.056250 0.082812
3 0.623437 0.714063 0.112500 0.143750
3 0.835156 0.750000 0.242188 0.215625
