2 0.146875 0.125781 0.250000 0.207813
2 0.411719 0.107031 0.210938 0.170313
2 0.618750 0.076563 0.134375 0.109375
8 0.825781 0.111719 0.210938 0.179688
2 0.149219 0.336719 0.254688 0.145313
8 0.359375 0.319531 0.096875 0.110937
3 0.483594 0.325000 0.082812 0.121875
3 0.615625 0.318750 0.112500 0.109375
3 0.746875 0.330469 0.081250 0.132812
3 0.855469 0.316406 0.067187 0.104688
3 0.050781 0.491406 0.057813 0.095312
3 0.185938 0.507812 0.143750 0.128125
3 0.329688 0.473438 0.075000 0.059375
3 0.433594 0.470313 0.064062 0.053125
3 0.556250 0.516406 0.112500 0.145313
3 0.690625 0.488281 0.087500 0.089063
2 0.814844 0.505469 0.092188 0.123438
4 0.064844 0.658594 0.085938 0.070312
4 0.160938 0.656250 0.037500 0.065625
4 0.243750 0.670312 0.059375 0.093750
2 0.364063 0.719531 0.112500 0.192188
2 0.519531 0.678125 0.129688 0.109375
8 0.646094 0.645312 0.054688 0.043750
2 0.781250 0.667188 0.146875 0.087500
