8 0.048438 0.046875 0.053125 0.050000
2 0.203125 0.059375 0.187500 0.075000
8 0.350000 0.039062 0.037500 0.034375
2 0.434375 0.040625 0.062500 0.037500
8 0.517188 0.039062 0.034375 0.034375
8 0.674219 0.085156 0.210938 0.126562
3 0.856250 0.077344 0.084375 0.110937
3 0.059375 0.240625 0.075000 0.115625
3 0.160938 0.207813 0.059375 0.050000
3 0.281250 0.248438 0.112500 0.131250
3 0.403125 0.217188 0.062500 0.068750
3 0.500000 0.215625 0.062500 0.065625
3 0.588281 0.207813 0.045312 0.050000
3 0.675000 0.211719 0.059375 0.057813
3 0.775000 0.242969 0.071875 0.120313
3 0.871875 0.221875 0.053125 0.078125
3 0.953906 0.203125 0.042188 0.040625
3 0.039062 0.374219 0.034375 0.051562
3 0.110937 0.371875 0.040625 0.046875
3 0.178125 0.366406 0.025000 0.035937
3 0.242969 0.371094 0.035937 0.045312
3 0.335156 0.383594 0.079687 0.070312
3 0.437500 0.378906 0.056250 0.060937
3 0.516406 0.366406 0.032813 0.035937
3 0.585938 0.368750 0.037500 0.040625
3 0.673438 0.410156 0.068750 0.123438
4 0.756250 0.360156 0.028125 0.023438
3 0.832812 0.378906 0.056250 0.060937
3 0.925781 0.403125 0.060937 0.109375
3 0.049219 0.552344 0.054688 0.092188
4 0.121094 0.525000 0.020313 0.037500
3 0.192188 0.552344 0.053125 0.092188
3 0.267969 0.552344 0.029687 0.092188
3 0.423438 0.539062 0.050000 0.065625
3 0.503906 0.529687 0.042188 0.046875
3 0.608594 0.535937 0.098437 0.059375
3 0.716406 0.536719 0.048438 0.060937
3 0.789062 0.521094 0.028125 0.029687
3 0.864062 0.542188 0.053125 0.071875
3 0.936719 0.526563 0.023438 0.040625
3 0.042969 0.660937 0.042188 0.056250
3 0.121094 0.656250 0.045312 0.046875
4 0.220312 0.680469 0.084375 0.095312
4 0.314844 0.653906 0.035937 0.042188
4 0.385937 0.664844 0.037500 0.064062
4 0.476562 0.667969 0.075000 0.070312
4 0.584375 0.667969 0.071875 0.070312
4 0.703125 0.671875 0.096875 0.078125
4 0.834375 0.694531 0.096875 0.123438
4 0.945312 0.682031 0.056250 0.098437
4 0.046875 0.833594 0.050000 0.085938
4 0.123438 0.812500 0.034375 0.043750
4 0.194531 0.825000 0.039062 0.068750
4 0.270313 0.830469 0.043750 0.079687
4 0.379688 0.833594 0.106250 0.085938
4 0.477344 0.808594 0.020313 0.035937
4 0.542969 0.803125 0.042188 0.025000
4 0.624219 0.817187 0.051562 0.053125
8 0.709375 0.816406 0.050000 0.051562
4 0.784375 0.815625 0.031250 0.050000
4 0.850781 0.810156 0.032813 0.039062
4 0.925781 0.812500 0.048438 0.043750
4 0.035937 0.932813 0.028125 0.043750
4 0.094531 0.936719 0.020313 0.051562
4 0.153125 0.943750 0.028125 0.065625
4 0.229687 0.936719 0.056250 0.051562
4 0.309375 0.939844 0.034375 0.057813
4 0.371094 0.942187 0.020313 0.062500
4 0.432812 0.930469 0.034375 0.039062
4 0.505469 0.930469 0.042188 0.039062
4 0.572656 0.920312 0.023438 0.018750
4 0.632812 0.928906 0.028125 0.035937
