8 0.104029 0.095579 0.154859 0.137959
4 0.284070 0.084319 0.114941 0.115438
4 0.409741 0.049124 0.047534 0.045048
4 0.499444 0.048379 0.042564 0.043559
4 0.606984 0.068171 0.082645 0.083142
4 0.730814 0.067674 0.077178 0.082149
4 0.845650 0.059641 0.063101 0.066083
4 0.060055 0.244855 0.066910 0.070887
4 0.163870 0.237982 0.052667 0.057140
4 0.260331 0.240550 0.051837 0.062276
4 0.360933 0.240052 0.059292 0.061280
4 0.466460 0.238726 0.064097 0.058629
8 0.629083 0.287749 0.170593 0.156675
3 0.784670 0.233675 0.050515 0.048527
3 0.874847 0.231274 0.040245 0.043725
3 0.066348 0.451966 0.079498 0.081983
3 0.183741 0.446169 0.067407 0.070390
3 0.296241 0.442939 0.067409 0.063929
3 0.395905 0.432091 0.041736 0.042233
3 0.508177 0.457431 0.094404 0.092913
3 0.636970 0.449399 0.073866 0.076849
4 0.750007 0.442194 0.062439 0.062439
8 0.855418 0.440290 0.057636 0.058630
2 0.114130 0.637496 0.175061 0.178043
8 0.350094 0.650911 0.206364 0.204873
8 0.563812 0.615552 0.130674 0.134154
8 0.714052 0.587561 0.081155 0.078173
3 0.840873 0.594352 0.084797 0.091756
3 0.057074 0.830440 0.060948 0.063930
3 0.152062 0.816941 0.038424 0.036933
3 0.246385 0.826961 0.061446 0.056973
3 0.345347 0.822407 0.046871 0.047865
3 0.439191 0.825057 0.050183 0.053165
3 0.547009 0.834083 0.075193 0.071216
3 0.679824 0.852799 0.100199 0.108649
3 0.815365 0.841040 0.080657 0.085130
