3 0.067839 0.069330 0.082479 0.085461
3 0.182807 0.060470 0.059291 0.067741
3 0.290901 0.065190 0.069228 0.077181
3 0.391466 0.047468 0.042233 0.041736
3 0.475488 0.044487 0.035277 0.035774
3 0.580599 0.069661 0.086123 0.086123
3 0.744476 0.103779 0.151377 0.154359
3 0.891924 0.053678 0.055649 0.054158
3 0.071729 0.281102 0.090259 0.112130
3 0.233515 0.304288 0.145081 0.158502
3 0.373720 0.251951 0.047366 0.053828
3 0.472863 0.261144 0.061277 0.072213
3 0.580439 0.258741 0.063929 0.067409
3 0.699927 0.272902 0.087280 0.095731
3 0.833911 0.270169 0.092748 0.090263
3 0.945657 0.246402 0.041239 0.042731
3 0.067426 0.467000 0.081652 0.077675
3 0.193077 0.466834 0.079830 0.077345
3 0.309050 0.460790 0.061776 0.065255
3 0.439233 0.480995 0.109642 0.105665
4 0.584645 0.475199 0.091091 0.094073
4 0.716939 0.471307 0.083804 0.086289
4 0.841337 0.471804 0.076349 0.087285
3 0.139471 0.687057 0.225743 0.217790
3 0.411438 0.696168 0.229052 0.236012
3 0.618379 0.629174 0.096059 0.102024
3 0.755609 0.625033 0.089269 0.093742
