2 0.406250 0.300000 0.768750 0.556250
8 0.855469 0.043750 0.060937 0.043750
2 0.069531 0.662500 0.095312 0.100000
8 0.169531 0.639844 0.035937 0.054688
4 0.248438 0.642188 0.053125 0.059375
4 0.325000 0.629687 0.031250 0.034375
3 0.418750 0.638281 0.087500 0.051562
2 0.538281 0.657813 0.082812 0.090625
3 0.656250 0.645312 0.084375 0.065625
3 0.757812 0.639844 0.050000 0.054688
3 0.839844 0.643750 0.045312 0.062500
3 0.921875 0.646094 0.050000 0.067187
3 0.041406 0.774219 0.039062 0.054688
3 0.126562 0.785156 0.062500 0.076563
3 0.209375 0.760156 0.034375 0.026562
3 0.289844 0.769531 0.057813 0.045312
3 0.381250 0.784375 0.056250 0.075000
3 0.497656 0.818750 0.107813 0.143750
3 0.617969 0.787500 0.064062 0.081250
3 0.775781 0.857031 0.182812 0.220312
