4 0.080094 0.085065 0.106989 0.116931
4 0.211121 0.059310 0.065917 0.065420
4 0.312617 0.052603 0.047035 0.052006
4 0.426419 0.072974 0.090263 0.092748
4 0.587128 0.095083 0.142932 0.136967
4 0.734134 0.054837 0.061943 0.056476
3 0.839886 0.058565 0.060948 0.063930
3 0.940588 0.052271 0.049852 0.051343
3 0.072725 0.256460 0.092250 0.097221
3 0.209230 0.257454 0.090262 0.099209
3 0.323980 0.235095 0.051011 0.054490
3 0.448276 0.262090 0.108979 0.108482
3 0.599496 0.262919 0.105168 0.110139
3 0.738648 0.253313 0.083471 0.090928
3 0.861060 0.242878 0.072046 0.070057
3 0.062538 0.405186 0.071877 0.085298
3 0.187676 0.410154 0.087778 0.095234
4 0.476844 0.467044 0.212990 0.209013
8 0.667745 0.405848 0.079165 0.086621
8 0.777520 0.387214 0.051840 0.049355
4 0.873648 0.391190 0.050347 0.057306
4 0.071649 0.659966 0.090098 0.088607
3 0.216541 0.670979 0.111132 0.110635
3 0.356890 0.657813 0.079331 0.084302
8 0.487118 0.666095 0.092912 0.100865
8 0.599030 0.636779 0.041736 0.042233
8 0.708071 0.665350 0.087942 0.099375
8 0.815793 0.635537 0.037761 0.039749
8 0.903077 0.640754 0.046704 0.050184
8 0.064030 0.808277 0.074861 0.075855
4 0.166880 0.791880 0.043061 0.043061
8 0.251896 0.791135 0.038092 0.041572
8 0.342906 0.799085 0.054489 0.057471
2 0.624858 0.856142 0.162141 0.171585
8 0.784652 0.802480 0.069231 0.064260
8 0.892171 0.803641 0.056143 0.066582
