3 0.080011 0.086225 0.106823 0.119250
3 0.245983 0.097652 0.135642 0.142104
3 0.507655 0.170689 0.299611 0.288178
3 0.806437 0.134917 0.209675 0.216634
3 0.094253 0.439244 0.135307 0.159664
3 0.269555 0.419946 0.126536 0.121068
3 0.436875 0.419119 0.117425 0.119413
3 0.627448 0.442719 0.173572 0.166613
3 0.805538 0.404792 0.092251 0.090760
3 0.093758 0.644218 0.134316 0.147737
3 0.258375 0.622686 0.104176 0.104673
4 0.386110 0.602480 0.062770 0.064261
3 0.541539 0.646369 0.158004 0.152039
3 0.703673 0.606620 0.076021 0.072541
3 0.862904 0.652747 0.153860 0.164795
