3 0.046094 0.055469 0.048438 0.067187
3 0.131250 0.052344 0.053125 0.060937
4 0.210938 0.036719 0.037500 0.029687
8 0.288281 0.052344 0.048438 0.060937
4 0.367969 0.043750 0.042188 0.043750
4 0.455469 0.055469 0.064062 0.067187
4 0.535156 0.038281 0.026562 0.032813
3 0.604688 0.059375 0.043750 0.075000
3 0.746094 0.055469 0.170313 0.067187
3 0.896094 0.079687 0.060937 0.115625
3 0.046094 0.203125 0.048438 0.062500
8 0.157031 0.236719 0.104688 0.129688
8 0.267188 0.196094 0.046875 0.048438
8 0.339844 0.189062 0.029687 0.034375
4 0.445312 0.214844 0.112500 0.085938
4 0.552344 0.193750 0.032813 0.043750
4 0.628125 0.205469 0.050000 0.067187
4 0.705469 0.200000 0.035937 0.056250
4 0.778906 0.197656 0.042188 0.051562
4 0.862500 0.199219 0.056250 0.054688
4 0.943750 0.204687 0.037500 0.065625
4 0.115625 0.357812 0.040625 0.043750
3 0.189844 0.353906 0.039062 0.035937
3 0.359375 0.458594 0.231250 0.245312
4 0.535937 0.368750 0.053125 0.065625
3 0.633594 0.391406 0.073438 0.110937
4 0.752344 0.383594 0.095312 0.095312
4 0.858594 0.358594 0.048438 0.045312
4 0.934375 0.366406 0.034375 0.060937
4 0.038281 0.630469 0.032813 0.029687
4 0.100781 0.645312 0.023438 0.059375
4 0.174219 0.642188 0.054688 0.053125
4 0.265625 0.642969 0.059375 0.054688
4 0.356250 0.643750 0.053125 0.056250
4 0.429688 0.641406 0.025000 0.051562
4 0.483594 0.628906 0.014063 0.026562
4 0.532031 0.631250 0.014063 0.031250
4 0.608594 0.646094 0.070312 0.060937
4 0.723437 0.653125 0.090625 0.075000
8 0.845313 0.659375 0.084375 0.087500
8 0.932813 0.630469 0.021875 0.029687
8 0.068750 0.784375 0.093750 0.093750
8 0.175000 0.762500 0.050000 0.050000
8 0.271094 0.763281 0.073438 0.051562
8 0.379688 0.777344 0.075000 0.079687
3 0.485156 0.779687 0.067187 0.084375
3 0.607031 0.788281 0.107813 0.101562
3 0.716406 0.767188 0.042188 0.059375
3 0.867188 0.812500 0.190625 0.150000
