3 0.057488 0.059227 0.061776 0.065255
3 0.273193 0.082000 0.108813 0.110801
3 0.413068 0.070490 0.082313 0.087780
3 0.566628 0.093013 0.136307 0.132827
3 0.708874 0.054506 0.058299 0.055814
3 0.852824 0.099805 0.139948 0.146410
8 0.081750 0.278340 0.110301 0.122231
2 0.265508 0.288025 0.168442 0.141600
4 0.418630 0.244056 0.049685 0.053662
8 0.520744 0.249686 0.066414 0.064923
8 0.627127 0.245629 0.057305 0.056808
2 0.741029 0.256973 0.081983 0.079498
8 0.152142 0.521994 0.251084 0.237663
2 0.482980 0.557520 0.322136 0.308715
2 0.823668 0.531269 0.269137 0.256213
2 0.112558 0.838269 0.171916 0.163963
