2 0.134375 0.115625 0.225000 0.187500
2 0.302344 0.033594 0.042188 0.023438
2 0.381250 0.043750 0.046875 0.043750
2 0.492188 0.047656 0.106250 0.051562
8 0.599219 0.042969 0.039062 0.042188
8 0.686719 0.058594 0.067187 0.073438
8 0.771094 0.042188 0.032813 0.040625
8 0.839844 0.040625 0.035937 0.037500
2 0.917969 0.054688 0.051562 0.065625
8 0.040625 0.268750 0.037500 0.050000
8 0.111719 0.267188 0.035937 0.046875
8 0.199219 0.278906 0.070312 0.070312
8 0.307812 0.285938 0.078125 0.084375
4 0.446094 0.317969 0.129688 0.148438
4 0.598437 0.286719 0.106250 0.085938
4 0.717969 0.291406 0.064062 0.095312
4 0.806250 0.291406 0.043750 0.095312
4 0.900000 0.279687 0.075000 0.071875
4 0.078125 0.493750 0.112500 0.134375
8 0.200781 0.458594 0.064062 0.064062
4 0.307812 0.500781 0.081250 0.148438
8 0.417969 0.453906 0.070312 0.054688
8 0.533594 0.476562 0.092188 0.100000
8 0.641406 0.452344 0.054688 0.051562
8 0.737500 0.463281 0.068750 0.073438
3 0.851562 0.471094 0.090625 0.089063
3 0.060156 0.675781 0.076563 0.132812
3 0.163281 0.643750 0.060937 0.068750
3 0.252344 0.658594 0.048438 0.098437
8 0.355469 0.649219 0.089063 0.079687
8 0.461719 0.639062 0.054688 0.059375
8 0.554688 0.639062 0.062500 0.059375
3 0.650000 0.682031 0.059375 0.145313
3 0.752344 0.642188 0.076563 0.065625
3 0.847656 0.639844 0.045312 0.060937
3 0.059375 0.828906 0.075000 0.079687
3 0.200000 0.844531 0.137500 0.110937
3 0.328906 0.826562 0.051562 0.075000
3 0.431250 0.852344 0.084375 0.126562
8 0.552344 0.832812 0.089063 0.087500
2 0.673438 0.816406 0.084375 0.054688
4 0.797656 0.847656 0.095312 0.117188
4 0.914062 0.835938 0.068750 0.093750
