3 0.052344 0.058594 0.060937 0.073438
3 0.168750 0.071094 0.103125 0.098437
3 0.308594 0.130469 0.107813 0.217188
8 0.440625 0.061719 0.087500 0.079687
8 0.539844 0.039062 0.042188 0.034375
4 0.616406 0.064062 0.042188 0.084375
4 0.715625 0.067969 0.087500 0.092188
8 0.834375 0.061719 0.081250 0.079687
3 0.060156 0.315625 0.076563 0.084375
3 0.167187 0.314063 0.068750 0.081250
3 0.282031 0.323437 0.092188 0.100000
3 0.389062 0.314063 0.053125 0.081250
3 0.492188 0.304688 0.084375 0.062500
8 0.715625 0.315625 0.087500 0.084375
8 0.852344 0.323437 0.117188 0.100000
3 0.055469 0.440625 0.067187 0.065625
3 0.164062 0.440625 0.081250 0.065625
3 0.267188 0.440625 0.056250 0.065625
2 0.373437 0.449219 0.087500 0.082812
8 0.469531 0.425000 0.035937 0.034375
8 0.560937 0.447656 0.078125 0.079687
4 0.687500 0.456250 0.106250 0.096875
4 0.809375 0.437500 0.068750 0.059375
8 0.914844 0.445312 0.073438 0.075000
3 0.070312 0.566406 0.096875 0.054688
3 0.200000 0.569531 0.093750 0.060937
3 0.313281 0.565625 0.064062 0.053125
3 0.401562 0.560937 0.043750 0.043750
3 0.477344 0.557031 0.039062 0.035937
3 0.561719 0.561719 0.060937 0.045312
3 0.654687 0.574219 0.056250 0.070312
3 0.745313 0.568750 0.056250 0.059375
8 0.848437 0.592969 0.081250 0.107813
3 0.950781 0.564844 0.054688 0.051562
3 0.047656 0.706250 0.051562 0.050000
3 0.150781 0.746094 0.085938 0.129688
3 0.260937 0.758594 0.065625 0.154688
3 0.354687 0.711719 0.053125 0.060937
3 0.456250 0.728906 0.081250 0.095312
8 0.585156 0.724219 0.107813 0.085938
8 0.757031 0.754687 0.167187 0.146875
8 0.916406 0.720313 0.082812 0.078125
8 0.060937 0.900781 0.078125 0.060937
8 0.168750 0.900781 0.068750 0.060937
