3 0.056493 0.060221 0.059788 0.067244
3 0.165074 0.060635 0.067573 0.068070
3 0.329246 0.118769 0.170918 0.184339
3 0.502224 0.073140 0.085624 0.093081
3 0.627026 0.067260 0.075853 0.081321
3 0.767297 0.084981 0.115769 0.116763
3 0.128790 0.350027 0.204380 0.187479
3 0.338967 0.320465 0.127859 0.128356
3 0.499001 0.305393 0.104177 0.098212
3 0.675346 0.331312 0.159992 0.150051
3 0.825791 0.283284 0.051508 0.053993
3 0.926226 0.288335 0.058629 0.064097
3 0.065271 0.532245 0.077343 0.086291
3 0.182261 0.523135 0.067573 0.068070
3 0.320183 0.554770 0.118416 0.131340
3 0.555808 0.612982 0.264666 0.247765
