3 0.131021 0.143945 0.208843 0.234691
3 0.336118 0.086472 0.112786 0.119746
3 0.539560 0.125889 0.204046 0.198578
3 0.735578 0.074961 0.099208 0.096722
3 0.160172 0.445079 0.267145 0.277583
3 0.415284 0.386200 0.152370 0.159826
4 0.556843 0.327404 0.041736 0.042233
3 0.662323 0.350923 0.080821 0.089272
3 0.768857 0.328480 0.043889 0.044387
2 0.897337 0.367650 0.122725 0.122725
4 0.052436 0.653999 0.051674 0.051674
3 0.183677 0.692838 0.120405 0.129352
3 0.341685 0.676771 0.105171 0.097218
3 0.485307 0.678843 0.092415 0.101362
3 0.603099 0.654413 0.052999 0.052502
3 0.710903 0.672550 0.074858 0.088776
