4 0.071235 0.070241 0.089270 0.087282
8 0.189379 0.055252 0.056808 0.057305
4 0.287877 0.052934 0.050680 0.052668
4 0.398509 0.067757 0.081320 0.082314
3 0.586023 0.115535 0.203222 0.177872
4 0.807876 0.100135 0.150053 0.147071
4 0.067176 0.290791 0.081154 0.084633
4 0.201037 0.302385 0.098874 0.107821
4 0.346277 0.304124 0.101855 0.111299
4 0.507312 0.322261 0.130174 0.147572
4 0.667653 0.314312 0.100857 0.131675
3 0.091607 0.502687 0.130014 0.124049
3 0.263872 0.508651 0.124545 0.135977
4 0.402479 0.478508 0.064259 0.075691
4 0.504236 0.465671 0.049024 0.050018
4 0.609661 0.483062 0.072374 0.084801
3 0.736456 0.487450 0.091588 0.093576
8 0.060221 0.655036 0.067242 0.066248
2 0.241872 0.704304 0.205544 0.164784
2 0.429678 0.657768 0.081156 0.071712
2 0.557660 0.658016 0.087120 0.072208
2 0.692719 0.662819 0.094738 0.081814
2 0.837329 0.669113 0.105834 0.094402
