3 0.083822 0.084567 0.114444 0.115935
3 0.216118 0.056743 0.060286 0.060286
3 0.374219 0.103446 0.167115 0.153693
3 0.548625 0.071566 0.090926 0.089932
3 0.681581 0.071318 0.084963 0.089436
3 0.853667 0.117196 0.169759 0.181192
3 0.091109 0.318914 0.129018 0.131504
3 0.237799 0.289681 0.075524 0.073038
3 0.384197 0.315270 0.127695 0.124215
3 0.536610 0.300282 0.088772 0.094240
3 0.655842 0.286949 0.061610 0.067575
3 0.751327 0.276184 0.040079 0.046044
3 0.832472 0.272954 0.033620 0.039585
3 0.915814 0.277426 0.044054 0.048528
3 0.055915 0.458543 0.058630 0.057636
3 0.166327 0.466327 0.073205 0.073205
3 0.288066 0.483306 0.082308 0.107162
3 0.437733 0.505416 0.128517 0.151383
8 0.580864 0.464671 0.067904 0.069893
8 0.707358 0.481896 0.095893 0.104343
8 0.829021 0.459951 0.057967 0.060452
8 0.925521 0.452580 0.044717 0.045712
8 0.051691 0.651620 0.050183 0.053165
8 0.139468 0.644084 0.035111 0.038093
8 0.223958 0.647893 0.044717 0.045712
8 0.319232 0.654601 0.057139 0.059127
8 0.414832 0.647644 0.045215 0.045215
8 0.509691 0.653690 0.056808 0.057305
8 0.613490 0.654683 0.061280 0.059292
8 0.715350 0.654767 0.052500 0.059459
8 0.812639 0.655429 0.053328 0.060785
4 0.081669 0.782309 0.110139 0.105168
4 0.215405 0.765582 0.068235 0.071715
8 0.316891 0.755065 0.046207 0.050681
8 0.412319 0.758874 0.055814 0.058299
8 0.510249 0.755561 0.051674 0.051674
8 0.617641 0.766575 0.072707 0.073702
8 0.733669 0.766658 0.070388 0.073868
8 0.847472 0.763097 0.066745 0.066745
8 0.066431 0.919556 0.079664 0.079664
8 0.187788 0.915664 0.072377 0.071879
8 0.305886 0.919060 0.074197 0.078671
8 0.421821 0.913263 0.068567 0.067076
