4 0.052188 0.052685 0.051177 0.052171
8 0.146175 0.051857 0.048527 0.050515
4 0.230237 0.042168 0.029149 0.031137
8 0.329429 0.065934 0.080658 0.078670
8 0.437369 0.049621 0.046540 0.046043
8 0.535696 0.058068 0.061942 0.062936
4 0.661406 0.079516 0.100862 0.105833
8 0.787921 0.058482 0.063267 0.063764
8 0.897472 0.059972 0.066745 0.066745
2 0.112063 0.246157 0.170928 0.139115
8 0.266571 0.200697 0.048693 0.048196
8 0.365290 0.205418 0.058630 0.057636
4 0.510980 0.242515 0.143762 0.131832
8 0.678593 0.229516 0.100862 0.105833
8 0.126968 0.451153 0.200737 0.180357
8 0.336587 0.427637 0.129349 0.133326
3 0.480958 0.395341 0.071218 0.068732
3 0.614719 0.412731 0.107489 0.103512
3 0.864693 0.396086 0.076187 0.070222
3 0.212762 0.753993 0.372324 0.336037
8 0.490741 0.629449 0.093909 0.086950
4 0.646364 0.655951 0.127029 0.139953
4 0.794639 0.627877 0.079829 0.083805
8 0.923614 0.630361 0.087779 0.088773
