3 0.071980 0.072725 0.090760 0.092251
3 0.198229 0.059806 0.071384 0.066413
3 0.329504 0.079682 0.102684 0.106164
3 0.483916 0.083987 0.117757 0.114775
3 0.649314 0.088625 0.123553 0.124050
3 0.831479 0.101046 0.150384 0.148893
3 0.064278 0.261259 0.075356 0.081818
3 0.191299 0.264239 0.088773 0.087779
3 0.340590 0.282209 0.121731 0.123719
3 0.495863 0.275337 0.101027 0.109974
3 0.631736 0.262169 0.082148 0.083639
3 0.771714 0.274590 0.108979 0.108482
3 0.081751 0.446985 0.110302 0.115770
3 0.226337 0.430173 0.090100 0.082146
3 0.387791 0.454767 0.144259 0.131335
3 0.547702 0.436551 0.085955 0.094903
3 0.678042 0.433155 0.084135 0.088111
3 0.811302 0.435556 0.094404 0.092913
3 0.084981 0.623547 0.116763 0.115769
3 0.245752 0.625866 0.116431 0.120407
3 0.398161 0.612864 0.099374 0.094403
3 0.536445 0.611871 0.088441 0.092417
3 0.674889 0.617005 0.099703 0.102686
3 0.837603 0.632490 0.137632 0.133655
3 0.069661 0.786849 0.086123 0.086123
3 0.236188 0.822623 0.156677 0.157671
3 0.394027 0.779147 0.069229 0.070721
3 0.508835 0.778402 0.070721 0.069229
3 0.620319 0.775007 0.062439 0.062439
3 0.746267 0.795627 0.098709 0.103680
3 0.874945 0.780556 0.068566 0.073537
