3 0.164728 0.162988 0.276257 0.272777
3 0.373991 0.054424 0.054158 0.055649
3 0.473588 0.054341 0.056477 0.055483
3 0.615226 0.116536 0.136628 0.179874
3 0.775612 0.076038 0.094900 0.098877
3 0.106760 0.426184 0.160320 0.164794
3 0.275341 0.392315 0.088108 0.097056
3 0.407574 0.390741 0.086950 0.093909
3 0.549922 0.396868 0.109145 0.106162
3 0.709670 0.413930 0.122390 0.140285
3 0.853174 0.387015 0.075024 0.086457
3 0.071979 0.602518 0.090759 0.098712
3 0.207916 0.602518 0.090759 0.098712
3 0.373580 0.644920 0.150211 0.183515
3 0.555560 0.634569 0.123545 0.162814
3 0.722904 0.621979 0.120734 0.137635
3 0.868656 0.593408 0.080989 0.080492
3 0.050283 0.804971 0.047368 0.047368
3 0.159778 0.824266 0.081982 0.085958
3 0.306961 0.839171 0.123224 0.115768
3 0.443508 0.812755 0.061942 0.062936
3 0.561351 0.824846 0.085129 0.087117
3 0.710998 0.839336 0.125046 0.116098
3 0.875428 0.844142 0.113282 0.125709
