3 0.067674 0.065189 0.082149 0.077178
3 0.207734 0.082911 0.109144 0.112623
3 0.340488 0.061297 0.068401 0.069395
3 0.464416 0.069246 0.091258 0.085294
3 0.590913 0.062539 0.072377 0.071879
3 0.699654 0.054838 0.055483 0.056477
3 0.803131 0.061049 0.062438 0.068900
3 0.904485 0.051360 0.049521 0.049521
3 0.039683 0.198242 0.026168 0.027659
3 0.115379 0.203624 0.036933 0.038424
3 0.219318 0.231533 0.082311 0.094241
3 0.333956 0.217620 0.058463 0.066416
3 0.447185 0.221511 0.078671 0.074197
3 0.598115 0.253228 0.133655 0.137632
3 0.749244 0.224244 0.079664 0.079664
3 0.890559 0.234842 0.112294 0.100861
3 0.080757 0.422874 0.108316 0.111298
3 0.228087 0.410368 0.096725 0.086286
3 0.372437 0.419561 0.104176 0.104673
8 0.522531 0.422211 0.107488 0.109973
2 0.720549 0.472644 0.200399 0.210838
2 0.907896 0.408961 0.084467 0.083473
2 0.074878 0.669445 0.096557 0.095066
2 0.239353 0.690810 0.144257 0.137795
2 0.437274 0.712095 0.161973 0.180365
3 0.610981 0.670356 0.096888 0.096888
3 0.740829 0.662242 0.072209 0.080659
3 0.866878 0.667375 0.089932 0.090926
