3 0.081502 0.087964 0.109804 0.122728
3 0.227991 0.076784 0.093409 0.100368
3 0.375594 0.087135 0.113614 0.121071
2 0.584667 0.134916 0.216135 0.216632
3 0.788134 0.077197 0.101194 0.101194
8 0.911337 0.054092 0.056974 0.054986
8 0.066763 0.325961 0.080327 0.076847
3 0.212547 0.354698 0.121894 0.134321
3 0.362427 0.335402 0.087280 0.095731
3 0.541460 0.376972 0.182846 0.178870
3 0.732235 0.350806 0.108147 0.126538
3 0.122162 0.610265 0.191125 0.198581
3 0.318186 0.565132 0.111298 0.108316
8 0.470790 0.570931 0.104007 0.119913
2 0.760759 0.675927 0.387069 0.329905
