3 0.186425 0.182200 0.319650 0.311200
3 0.460389 0.093593 0.139454 0.133986
3 0.626712 0.075043 0.103349 0.096887
3 0.786162 0.092021 0.125374 0.130842
3 0.084899 0.438663 0.116598 0.111628
3 0.222814 0.418624 0.070554 0.071549
3 0.343906 0.419617 0.081487 0.073534
8 0.458212 0.410342 0.056974 0.054986
8 0.562010 0.414566 0.061445 0.063433
2 0.726391 0.479160 0.177708 0.192620
4 0.092268 0.686018 0.131338 0.131338
8 0.253924 0.675088 0.101524 0.109477
8 0.388959 0.656786 0.077843 0.072872
3 0.551244 0.704652 0.158663 0.168604
3 0.785094 0.720217 0.220115 0.199735
3 0.076783 0.914034 0.100366 0.099869
