8 0.149576 0.136155 0.245953 0.219111
3 0.382396 0.095996 0.130342 0.138792
3 0.554662 0.095499 0.124876 0.137800
3 0.699399 0.063533 0.076849 0.073866
3 0.865328 0.112061 0.164957 0.170922
3 0.071317 0.336374 0.089435 0.091423
3 0.204864 0.335049 0.087779 0.088773
3 0.326249 0.323869 0.064923 0.066414
3 0.443656 0.330908 0.080989 0.080492
3 0.590517 0.360721 0.124709 0.140119
3 0.740138 0.337865 0.086452 0.094406
3 0.856815 0.319066 0.057305 0.056808
3 0.054837 0.506009 0.056476 0.061943
3 0.157808 0.505677 0.059292 0.061280
3 0.251410 0.496899 0.040245 0.043725
3 0.342906 0.503773 0.054489 0.057471
3 0.466519 0.525965 0.104839 0.101856
3 0.604097 0.515780 0.079995 0.081486
3 0.712535 0.498969 0.046871 0.047865
3 0.807952 0.502199 0.053330 0.054324
3 0.088457 0.692469 0.123715 0.141113
4 0.213485 0.639302 0.036271 0.034780
3 0.316597 0.662655 0.079995 0.081486
3 0.456419 0.684436 0.109638 0.125047
3 0.603902 0.675492 0.095230 0.107159
4 0.713899 0.643195 0.037098 0.042566
3 0.823552 0.675078 0.093904 0.106331
3 0.063614 0.854805 0.074028 0.093911
3 0.296439 0.848924 0.077178 0.082149
3 0.410033 0.838904 0.060617 0.062108
3 0.541884 0.859108 0.114944 0.102517
3 0.680472 0.846523 0.073369 0.077346
3 0.782329 0.827890 0.039583 0.040080
3 0.888482 0.852402 0.083140 0.089105
