2 0.071070 0.066099 0.088941 0.078999
2 0.184173 0.048130 0.049522 0.043060
2 0.284051 0.055997 0.061777 0.058795
2 0.388231 0.052684 0.057637 0.052169
2 0.503374 0.066017 0.084799 0.078834
2 0.664035 0.087794 0.146745 0.122389
2 0.164650 0.305493 0.276102 0.223412
2 0.388319 0.227738 0.082814 0.067901
2 0.508825 0.221362 0.067576 0.055149
2 0.615942 0.219209 0.056809 0.050844
2 0.721314 0.220782 0.064429 0.053990
2 0.124979 0.557934 0.196759 0.190794
4 0.337945 0.531766 0.141441 0.138459
4 0.492910 0.506759 0.079496 0.088444
4 0.611461 0.504109 0.069724 0.083145
4 0.719646 0.492763 0.057967 0.060452
4 0.839414 0.514875 0.091254 0.104675
4 0.073137 0.754208 0.093075 0.111467
4 0.237137 0.777229 0.146075 0.157508
4 0.388344 0.738059 0.067240 0.079169
4 0.506228 0.740212 0.078006 0.083474
4 0.617835 0.725719 0.057471 0.054489
4 0.733475 0.741785 0.085626 0.086620
4 0.858276 0.742365 0.075852 0.087782
4 0.055500 0.931423 0.057801 0.062771
