3 0.124815 0.114625 0.196431 0.176051
3 0.309126 0.069744 0.083804 0.086289
3 0.435099 0.064361 0.079499 0.075522
3 0.553816 0.059392 0.070059 0.065585
3 0.721954 0.112970 0.178209 0.172742
3 0.121583 0.344629 0.189966 0.195434
3 0.425107 0.403588 0.328264 0.313352
3 0.673332 0.289809 0.077840 0.085793
3 0.796202 0.285584 0.079830 0.077345
3 0.094257 0.668405 0.135314 0.127361
3 0.245125 0.642320 0.077677 0.075191
3 0.384225 0.659545 0.112126 0.109641
3 0.536501 0.653831 0.104177 0.098212
3 0.679555 0.651678 0.093410 0.093907
3 0.816475 0.653335 0.092250 0.097221
3 0.067094 0.816845 0.080989 0.080492
3 0.199133 0.821648 0.095068 0.090097
3 0.360886 0.843096 0.140448 0.132992
3 0.521660 0.821483 0.093245 0.089766
3 0.660814 0.830593 0.096555 0.107987
3 0.834566 0.851293 0.162808 0.149387
