3 0.206703 0.250197 0.360207 0.447196
8 0.496376 0.093925 0.130177 0.134651
4 0.640405 0.062457 0.068235 0.071715
4 0.738910 0.048462 0.040245 0.043725
4 0.824610 0.049290 0.042895 0.045381
3 0.094006 0.592407 0.134813 0.147240
3 0.233448 0.548682 0.054323 0.059790
3 0.461477 0.573195 0.097880 0.108815
3 0.603169 0.567231 0.096888 0.096888
8 0.721755 0.545618 0.049685 0.053662
3 0.836622 0.566486 0.091919 0.095398
3 0.073055 0.761407 0.092912 0.100865
3 0.210887 0.759999 0.093575 0.098049
3 0.336545 0.748157 0.069891 0.074365
3 0.454086 0.751138 0.076847 0.080327
3 0.572069 0.744264 0.069065 0.066579
3 0.675366 0.736729 0.047532 0.051509
3 0.771777 0.738965 0.055980 0.055980
3 0.882459 0.750890 0.077345 0.079830
3 0.056080 0.886016 0.058961 0.059458
3 0.170797 0.904567 0.082145 0.096560
4 0.306884 0.906884 0.101194 0.101194
4 0.453853 0.909534 0.104506 0.106495
4 0.566599 0.873098 0.033124 0.033621
2 0.666420 0.895540 0.076517 0.078505
2 0.793597 0.892391 0.087120 0.072208
