2 0.099804 0.099804 0.146409 0.146409
2 0.286041 0.093427 0.137632 0.133655
2 0.466534 0.093593 0.132994 0.133988
3 0.628428 0.078605 0.100531 0.104011
2 0.767115 0.074465 0.087280 0.095731
2 0.886689 0.060304 0.063929 0.067409
2 0.069080 0.268403 0.084960 0.102358
3 0.232306 0.299457 0.152037 0.164464
2 0.421398 0.285709 0.136472 0.136969
2 0.617639 0.289019 0.166454 0.143589
2 0.792800 0.263433 0.094901 0.092416
8 0.911491 0.245049 0.054158 0.055649
8 0.085809 0.485809 0.118419 0.118419
8 0.227192 0.464941 0.076186 0.076683
8 0.349740 0.469165 0.080657 0.085130
8 0.461326 0.453513 0.053827 0.053827
3 0.572929 0.469413 0.080159 0.085627
3 0.723104 0.491606 0.130510 0.130012
3 0.859431 0.454921 0.053164 0.056643
3 0.067343 0.641597 0.081486 0.079995
3 0.186783 0.637954 0.067241 0.072709
3 0.296053 0.634724 0.060782 0.066250
3 0.409766 0.647230 0.078833 0.091260
3 0.515814 0.625864 0.044054 0.048528
3 0.606284 0.628762 0.046869 0.054325
3 0.707414 0.642427 0.064754 0.081655
3 0.818695 0.638368 0.068566 0.073537
3 0.080345 0.782833 0.107492 0.090591
3 0.224204 0.787307 0.092084 0.099540
3 0.341676 0.764865 0.055152 0.054655
3 0.470495 0.787719 0.112791 0.100364
3 0.635510 0.803123 0.127196 0.131173
3 0.780058 0.775548 0.072541 0.076021
3 0.898901 0.781428 0.075852 0.087782
