7 0.036719 0.030469 0.029687 0.017188
7 0.100781 0.035156 0.029687 0.026562
7 0.219531 0.084375 0.082812 0.125000
7 0.369531 0.125000 0.148438 0.206250
7 0.494531 0.038281 0.032813 0.032813
7 0.557813 0.036719 0.025000 0.029687
7 0.625781 0.036719 0.042188 0.029687
7 0.706250 0.040625 0.050000 0.037500
7 0.778125 0.039844 0.025000 0.035937
7 0.839844 0.036719 0.029687 0.029687
7 0.899219 0.035156 0.020313 0.026562
7 0.953125 0.032813 0.018750 0.021875
7 0.036719 0.273438 0.029687 0.021875
7 0.123438 0.293750 0.075000 0.062500
7 0.212500 0.277344 0.034375 0.029687
7 0.275000 0.270313 0.021875 0.015625
7 0.330469 0.275000 0.020313 0.025000
7 0.397656 0.282031 0.045312 0.039062
7 0.473438 0.303125 0.037500 0.081250
7 0.551562 0.289844 0.050000 0.054688
7 0.624219 0.273438 0.026562 0.021875
7 0.683594 0.271875 0.023438 0.018750
7 0.748437 0.285938 0.037500 0.046875
7 0.814063 0.271875 0.025000 0.018750
7 0.871094 0.272656 0.020313 0.020313
7 0.934375 0.276562 0.037500 0.028125
7 0.039844 0.396094 0.035937 0.035937
7 0.125781 0.408594 0.067187 0.060937
7 0.193750 0.388281 0.021875 0.020313
7 0.253906 0.394531 0.029687 0.032813
7 0.346094 0.410156 0.085938 0.064062
7 0.438281 0.396875 0.029687 0.037500
7 0.502344 0.395313 0.029687 0.034375
7 0.561719 0.388281 0.020313 0.020313
7 0.619531 0.392969 0.026562 0.029687
7 0.675000 0.387500 0.015625 0.018750
7 0.740625 0.390625 0.046875 0.025000
7 0.813281 0.389062 0.029687 0.021875
7 0.879687 0.400000 0.034375 0.043750
7 0.942187 0.389844 0.021875 0.023438
7 0.060156 0.496094 0.076563 0.039062
7 0.152344 0.495312 0.039062 0.037500
7 0.219531 0.485156 0.026562 0.017188
7 0.278906 0.491406 0.023438 0.029687
7 0.338281 0.486719 0.026562 0.020313
7 0.400781 0.490625 0.029687 0.028125
7 0.461719 0.484375 0.023438 0.015625
7 0.530469 0.495312 0.045312 0.037500
7 0.595313 0.482812 0.015625 0.012500
7 0.651563 0.495312 0.028125 0.037500
7 0.725781 0.490625 0.051562 0.028125
7 0.810156 0.496875 0.048438 0.040625
7 0.875000 0.485156 0.012500 0.017188
7 0.930469 0.489844 0.029687 0.026562
7 0.041406 0.565625 0.039062 0.028125
7 0.103906 0.565625 0.017188 0.028125
7 0.160156 0.564063 0.026562 0.025000
7 0.221875 0.565625 0.028125 0.028125
7 0.285156 0.564844 0.029687 0.026562
7 0.362500 0.571875 0.056250 0.040625
7 0.433594 0.560156 0.017188 0.017188
7 0.498437 0.567969 0.043750 0.032813
7 0.568750 0.564844 0.028125 0.026562
7 0.632031 0.564844 0.029687 0.026562
7 0.696094 0.566406 0.029687 0.029687
7 0.782031 0.596094 0.073438 0.089063
7 0.860938 0.560156 0.015625 0.017188
7 0.918750 0.566406 0.031250 0.029687
7 0.041406 0.692969 0.039062 0.035937
7 0.109375 0.693750 0.028125 0.037500
7 0.172656 0.685937 0.029687 0.021875
7 0.235937 0.687500 0.028125 0.025000
7 0.307812 0.689063 0.046875 0.028125
7 0.374219 0.683594 0.017188 0.017188
7 0.439063 0.690625 0.043750 0.031250
7 0.522656 0.692969 0.054688 0.035937
7 0.597656 0.686719 0.026562 0.023438
7 0.673438 0.702344 0.056250 0.054688
7 0.746094 0.688281 0.020313 0.026562
7 0.800781 0.683594 0.020313 0.017188
7 0.857812 0.688281 0.025000 0.026562
7 0.086719 0.800781 0.129688 0.073438
7 0.198437 0.777344 0.025000 0.026562
7 0.264062 0.784375 0.037500 0.040625
7 0.327344 0.771875 0.020313 0.015625
7 0.399219 0.791406 0.054688 0.054688
7 0.481250 0.789844 0.040625 0.051562
7 0.547656 0.772656 0.023438 0.017188
7 0.613281 0.787500 0.039062 0.046875
7 0.679688 0.778125 0.025000 0.028125
7 0.752344 0.789844 0.051562 0.051562
7 0.822656 0.774219 0.020313 0.020313
7 0.886719 0.783594 0.039062 0.039062
