7 0.056250 0.065625 0.068750 0.087500
7 0.203906 0.057031 0.157812 0.070312
7 0.339844 0.042969 0.045312 0.042188
7 0.410156 0.032031 0.026562 0.020313
7 0.475000 0.036719 0.034375 0.029687
7 0.543750 0.036719 0.034375 0.029687
7 0.621875 0.044531 0.053125 0.045312
7 0.700000 0.035937 0.034375 0.028125
7 0.766406 0.033594 0.029687 0.023438
7 0.835156 0.035937 0.039062 0.028125
7 0.914062 0.053906 0.050000 0.064062
7 0.035156 0.156250 0.026562 0.025000
7 0.100781 0.171094 0.035937 0.054688
7 0.166406 0.157031 0.026562 0.026562
7 0.228906 0.154688 0.029687 0.021875
7 0.382812 0.203906 0.209375 0.120313
7 0.535156 0.157812 0.048438 0.028125
7 0.610938 0.161719 0.034375 0.035937
7 0.675781 0.155469 0.026562 0.023438
7 0.754687 0.175781 0.062500 0.064062
7 0.835938 0.156250 0.031250 0.025000
7 0.895312 0.153906 0.018750 0.020313
7 0.947656 0.153906 0.017188 0.020313
7 0.032031 0.307812 0.020313 0.018750
7 0.093750 0.312500 0.034375 0.028125
7 0.161719 0.316406 0.032813 0.035937
7 0.228906 0.313281 0.032813 0.029687
7 0.289844 0.310156 0.020313 0.023438
7 0.350781 0.309375 0.032813 0.021875
7 0.416406 0.314063 0.029687 0.031250
7 0.493750 0.324219 0.056250 0.051562
7 0.573438 0.310156 0.034375 0.023438
7 0.639062 0.315625 0.028125 0.034375
7 0.714063 0.328906 0.053125 0.060937
7 0.799219 0.322656 0.048438 0.048438
7 0.871875 0.313281 0.028125 0.029687
7 0.931250 0.311719 0.021875 0.026562
7 0.039844 0.406250 0.035937 0.025000
7 0.107031 0.405469 0.029687 0.023438
7 0.179688 0.407813 0.046875 0.028125
7 0.254688 0.410156 0.034375 0.032813
7 0.323437 0.410156 0.034375 0.032813
7 0.391406 0.410938 0.032813 0.034375
7 0.460156 0.410938 0.035937 0.034375
7 0.540625 0.418750 0.056250 0.050000
7 0.614062 0.405469 0.021875 0.023438
7 0.675000 0.416406 0.031250 0.045312
7 0.732031 0.400781 0.014063 0.014063
7 0.834375 0.439063 0.121875 0.090625
7 0.944531 0.408594 0.029687 0.029687
7 0.033594 0.528906 0.023438 0.020313
7 0.098437 0.539844 0.037500 0.042188
7 0.160938 0.528125 0.018750 0.018750
7 0.221875 0.536719 0.034375 0.035937
7 0.286719 0.528906 0.026562 0.020313
7 0.362500 0.533594 0.056250 0.029687
7 0.447656 0.536719 0.045312 0.035937
7 0.518750 0.532813 0.028125 0.028125
7 0.591406 0.532813 0.048438 0.028125
7 0.673438 0.553906 0.071875 0.070312
7 0.761719 0.533594 0.035937 0.029687
7 0.828125 0.532813 0.028125 0.028125
7 0.889844 0.530469 0.026562 0.023438
7 0.953125 0.535156 0.031250 0.032813
7 0.031250 0.632031 0.018750 0.017188
7 0.092188 0.636719 0.034375 0.026562
7 0.162500 0.636719 0.037500 0.026562
7 0.232813 0.633594 0.034375 0.020313
7 0.328906 0.653125 0.089063 0.059375
7 0.421094 0.636719 0.026562 0.026562
7 0.575000 0.675000 0.212500 0.103125
7 0.735156 0.649219 0.039062 0.051562
7 0.800781 0.634375 0.023438 0.021875
7 0.860938 0.638281 0.028125 0.029687
7 0.928906 0.642188 0.039062 0.037500
7 0.028906 0.767969 0.014063 0.014063
7 0.090625 0.779687 0.040625 0.037500
7 0.157031 0.771094 0.023438 0.020313
7 0.214062 0.772656 0.021875 0.023438
7 0.282813 0.778906 0.046875 0.035937
7 0.378906 0.786719 0.076563 0.051562
7 0.504687 0.792188 0.106250 0.062500
7 0.609375 0.772656 0.034375 0.023438
7 0.679688 0.778125 0.037500 0.034375
7 0.741406 0.773438 0.017188 0.025000
7 0.801562 0.778125 0.034375 0.034375
7 0.882812 0.778125 0.059375 0.034375
7 0.053906 0.896875 0.064062 0.078125
7 0.131250 0.869531 0.021875 0.023438
7 0.189062 0.870313 0.025000 0.025000
7 0.249219 0.871094 0.026562 0.026562
7 0.316406 0.873437 0.039062 0.031250
