7 0.035156 0.035156 0.026562 0.026562
7 0.100000 0.042188 0.034375 0.040625
7 0.171094 0.021875 0.039062 0.025000
7 0.514062 0.210938 0.578125 0.378125
7 0.853906 0.033594 0.032813 0.023438
7 0.917188 0.035156 0.025000 0.026562
7 0.064844 0.472656 0.085938 0.076563
7 0.147656 0.439844 0.010937 0.010937
7 0.209375 0.454688 0.043750 0.040625
7 0.329688 0.442969 0.025000 0.017188
7 0.386719 0.439844 0.020313 0.026562
7 0.458594 0.457813 0.054688 0.046875
7 0.535156 0.446094 0.029687 0.026562
7 0.596875 0.446875 0.025000 0.025000
7 0.660156 0.450781 0.032813 0.032813
7 0.744531 0.448437 0.067187 0.028125
7 0.841406 0.469531 0.057813 0.070312
7 0.926562 0.452344 0.043750 0.035937
7 0.046094 0.571094 0.048438 0.051562
7 0.120313 0.561719 0.031250 0.032813
7 0.182031 0.555469 0.023438 0.020313
7 0.241406 0.554688 0.026562 0.018750
7 0.307031 0.563281 0.035937 0.035937
7 0.376563 0.561719 0.034375 0.032813
7 0.446875 0.561719 0.037500 0.032813
7 0.511719 0.555469 0.023438 0.020313
7 0.629687 0.621875 0.143750 0.153125
7 0.743750 0.552344 0.015625 0.014063
7 0.796094 0.555469 0.020313 0.020313
7 0.859375 0.564844 0.037500 0.039062
7 0.935156 0.565625 0.045312 0.040625
7 0.076563 0.785156 0.109375 0.104688
7 0.230469 0.826562 0.129688 0.187500
7 0.342969 0.748437 0.026562 0.031250
7 0.408594 0.749219 0.035937 0.032813
7 0.478125 0.748437 0.034375 0.031250
7 0.541406 0.745313 0.023438 0.025000
7 0.600781 0.744531 0.026562 0.023438
7 0.671094 0.753906 0.045312 0.042188
7 0.816406 0.746094 0.023438 0.026562
7 0.874219 0.741406 0.023438 0.017188
7 0.934375 0.746094 0.028125 0.026562
