7 0.053125 0.040625 0.062500 0.062500
7 0.135937 0.037500 0.034375 0.031250
7 0.218750 0.050781 0.062500 0.057813
7 0.296875 0.036719 0.025000 0.029687
7 0.392188 0.083594 0.096875 0.123438
7 0.495312 0.042969 0.040625 0.042188
7 0.560156 0.030469 0.020313 0.017188
7 0.617188 0.035156 0.025000 0.026562
7 0.678906 0.035156 0.029687 0.026562
7 0.739062 0.032031 0.021875 0.020313
7 0.805469 0.040625 0.042188 0.037500
7 0.873437 0.032031 0.025000 0.020313
7 0.930469 0.030469 0.020313 0.017188
7 0.036719 0.192969 0.029687 0.026562
7 0.105469 0.202344 0.039062 0.045312
7 0.175781 0.197656 0.032813 0.035937
7 0.235937 0.189844 0.018750 0.020313
7 0.293750 0.193750 0.028125 0.028125
7 0.367188 0.218750 0.050000 0.078125
7 0.441406 0.194531 0.029687 0.029687
7 0.507812 0.205469 0.034375 0.051562
7 0.588281 0.196875 0.057813 0.034375
7 0.670312 0.196094 0.037500 0.032813
7 0.739844 0.193750 0.032813 0.028125
7 0.803906 0.192188 0.026562 0.025000
7 0.864844 0.187500 0.026562 0.015625
7 0.925000 0.192969 0.025000 0.026562
7 0.048438 0.292187 0.053125 0.025000
7 0.117188 0.300781 0.015625 0.017188
7 0.171094 0.301563 0.023438 0.018750
7 0.229687 0.302344 0.025000 0.020313
7 0.299219 0.313281 0.045312 0.042188
7 0.371094 0.303906 0.029687 0.023438
7 0.439844 0.303125 0.039062 0.021875
7 0.510938 0.309375 0.034375 0.034375
7 0.595313 0.317969 0.065625 0.051562
7 0.671094 0.302344 0.017188 0.020313
7 0.728125 0.305469 0.028125 0.026562
7 0.803125 0.317969 0.053125 0.051562
7 0.889844 0.310937 0.051562 0.037500
7 0.038281 0.389844 0.032813 0.023438
7 0.116406 0.396094 0.054688 0.035937
7 0.192188 0.394531 0.028125 0.032813
7 0.254688 0.387500 0.028125 0.018750
7 0.314063 0.386719 0.021875 0.017188
7 0.374219 0.396094 0.029687 0.035937
7 0.452344 0.393750 0.057813 0.031250
7 0.525781 0.387500 0.020313 0.018750
7 0.589063 0.394531 0.037500 0.032813
7 0.664062 0.407813 0.043750 0.059375
7 0.732031 0.389062 0.023438 0.021875
7 0.803125 0.402344 0.050000 0.048438
7 0.875000 0.389844 0.025000 0.023438
7 0.946094 0.394531 0.048438 0.032813
7 0.036719 0.485938 0.029687 0.028125
7 0.102344 0.488281 0.032813 0.032813
7 0.177344 0.490625 0.048438 0.037500
7 0.247656 0.482031 0.023438 0.020313
7 0.301563 0.478125 0.015625 0.012500
7 0.357812 0.485938 0.028125 0.028125
7 0.425781 0.491406 0.039062 0.039062
7 0.500000 0.489063 0.040625 0.034375
7 0.568750 0.484375 0.028125 0.025000
7 0.635156 0.488281 0.035937 0.039062
7 0.714844 0.508594 0.054688 0.073438
7 0.785937 0.482031 0.018750 0.020313
7 0.845313 0.489844 0.031250 0.035937
7 0.903906 0.478906 0.017188 0.014063
7 0.043750 0.600781 0.043750 0.042188
7 0.132812 0.617188 0.065625 0.075000
7 0.221875 0.604688 0.043750 0.050000
7 0.288281 0.588281 0.020313 0.017188
7 0.354687 0.581250 0.043750 0.028125
7 0.431250 0.591406 0.040625 0.023438
7 0.500781 0.591406 0.029687 0.023438
7 0.564063 0.596875 0.028125 0.034375
7 0.622656 0.586719 0.020313 0.014063
7 0.689063 0.592969 0.043750 0.026562
7 0.757812 0.594531 0.025000 0.029687
7 0.829688 0.600000 0.050000 0.040625
7 0.929688 0.599219 0.081250 0.039062
7 0.047656 0.713281 0.051562 0.048438
7 0.123438 0.698438 0.031250 0.018750
7 0.183594 0.696875 0.020313 0.015625
7 0.236719 0.697656 0.017188 0.017188
7 0.307031 0.702344 0.054688 0.026562
7 0.390625 0.703906 0.043750 0.029687
7 0.467187 0.707812 0.040625 0.037500
7 0.565625 0.729688 0.087500 0.081250
7 0.663281 0.703125 0.039062 0.028125
7 0.725781 0.694531 0.017188 0.010937
7 0.783594 0.707031 0.029687 0.035937
7 0.850781 0.709375 0.035937 0.040625
7 0.920312 0.697656 0.034375 0.017188
7 0.035156 0.818750 0.026562 0.028125
7 0.097656 0.818750 0.029687 0.028125
7 0.164844 0.822656 0.035937 0.035937
7 0.239063 0.815625 0.043750 0.021875
7 0.324219 0.827344 0.057813 0.045312
7 0.397656 0.817969 0.020313 0.026562
7 0.460938 0.817969 0.037500 0.026562
7 0.532813 0.821875 0.037500 0.034375
7 0.604688 0.817187 0.037500 0.025000
7 0.682031 0.826562 0.048438 0.043750
7 0.760156 0.835156 0.039062 0.060937
7 0.828906 0.818750 0.029687 0.028125
7 0.909375 0.852344 0.062500 0.095312
