7 0.059375 0.069531 0.075000 0.095312
7 0.146094 0.036719 0.029687 0.029687
7 0.206250 0.032813 0.021875 0.021875
7 0.266406 0.039062 0.029687 0.034375
7 0.327344 0.029687 0.023438 0.015625
7 0.387500 0.036719 0.028125 0.029687
7 0.453125 0.043750 0.034375 0.043750
7 0.548438 0.073438 0.087500 0.103125
7 0.646094 0.039844 0.039062 0.035937
7 0.718750 0.042188 0.037500 0.040625
7 0.786719 0.037500 0.029687 0.031250
7 0.863281 0.039844 0.054688 0.035937
7 0.940625 0.034375 0.031250 0.025000
7 0.037500 0.172656 0.031250 0.026562
7 0.105469 0.174219 0.035937 0.029687
7 0.165625 0.169531 0.015625 0.020313
7 0.296094 0.238281 0.176563 0.157812
7 0.472656 0.219531 0.107813 0.120313
7 0.572656 0.168750 0.023438 0.018750
7 0.641406 0.182031 0.045312 0.045312
7 0.717187 0.178125 0.037500 0.037500
7 0.796875 0.178125 0.053125 0.037500
7 0.869531 0.171094 0.023438 0.023438
7 0.927344 0.171094 0.023438 0.023438
7 0.036719 0.364063 0.029687 0.025000
7 0.104688 0.367969 0.037500 0.032813
7 0.167187 0.362500 0.018750 0.021875
7 0.223438 0.365625 0.025000 0.028125
7 0.282031 0.364844 0.023438 0.026562
7 0.352344 0.374219 0.048438 0.045312
7 0.428125 0.364844 0.034375 0.026562
7 0.492969 0.367969 0.026562 0.032813
7 0.557031 0.366406 0.032813 0.029687
7 0.689844 0.364844 0.029687 0.026562
7 0.757031 0.364844 0.035937 0.026562
7 0.821094 0.360156 0.023438 0.017188
7 0.879687 0.367188 0.025000 0.031250
7 0.941406 0.362500 0.029687 0.021875
7 0.033594 0.442188 0.023438 0.021875
7 0.092969 0.442969 0.026562 0.023438
7 0.155469 0.441406 0.029687 0.020313
7 0.215625 0.442969 0.021875 0.023438
7 0.302344 0.475000 0.082812 0.087500
7 0.395313 0.449219 0.034375 0.035937
7 0.508594 0.483594 0.123438 0.104688
7 0.632812 0.454688 0.056250 0.046875
7 0.710156 0.442188 0.029687 0.021875
7 0.767188 0.439844 0.015625 0.017188
7 0.826562 0.445312 0.034375 0.028125
7 0.956250 0.447656 0.037500 0.032813
7 0.031250 0.577344 0.018750 0.014063
7 0.089063 0.582031 0.028125 0.023438
7 0.164062 0.601562 0.053125 0.062500
7 0.250781 0.589063 0.051562 0.037500
7 0.325781 0.582031 0.029687 0.023438
7 0.386719 0.583594 0.023438 0.026562
7 0.450781 0.589844 0.035937 0.039062
7 0.517969 0.582031 0.029687 0.023438
7 0.586719 0.590625 0.039062 0.040625
7 0.651563 0.579688 0.021875 0.018750
7 0.783594 0.585938 0.042188 0.031250
7 0.854688 0.584375 0.031250 0.028125
7 0.911719 0.582031 0.014063 0.023438
7 0.035156 0.680469 0.026562 0.026562
7 0.097656 0.682031 0.029687 0.029687
7 0.187500 0.693750 0.081250 0.071875
7 0.274219 0.678125 0.023438 0.021875
7 0.336719 0.685937 0.032813 0.037500
7 0.420312 0.686719 0.065625 0.039062
7 0.498437 0.680469 0.021875 0.026562
7 0.552344 0.677344 0.017188 0.020313
7 0.606250 0.678906 0.021875 0.023438
7 0.671094 0.685156 0.039062 0.035937
7 0.752344 0.692187 0.054688 0.050000
7 0.838281 0.689844 0.048438 0.045312
7 0.925781 0.717969 0.057813 0.101562
7 0.030469 0.814063 0.017188 0.021875
7 0.084375 0.811719 0.021875 0.017188
7 0.142969 0.817187 0.026562 0.028125
7 0.203125 0.815625 0.025000 0.025000
7 0.267188 0.818750 0.034375 0.031250
7 0.331250 0.817187 0.025000 0.028125
7 0.400000 0.823438 0.043750 0.040625
7 0.481250 0.829688 0.050000 0.053125
7 0.557031 0.810937 0.032813 0.015625
7 0.631250 0.830469 0.046875 0.054688
7 0.699219 0.816406 0.020313 0.026562
7 0.767188 0.820312 0.046875 0.034375
7 0.841406 0.817187 0.032813 0.028125
7 0.919531 0.828125 0.054688 0.050000
7 0.032813 0.903125 0.021875 0.021875
7 0.092969 0.900781 0.029687 0.017188
7 0.155469 0.904687 0.026562 0.025000
7 0.236719 0.917969 0.067187 0.051562
7 0.315625 0.903906 0.021875 0.023438
7 0.378125 0.907031 0.034375 0.029687
7 0.442969 0.902344 0.026562 0.020313
7 0.512500 0.913281 0.043750 0.042188
7 0.602344 0.920312 0.067187 0.056250
7 0.699219 0.921094 0.057813 0.057813
7 0.779687 0.903125 0.034375 0.021875
