7 0.038281 0.036719 0.032813 0.029687
7 0.102344 0.036719 0.026562 0.029687
7 0.158594 0.030469 0.017188 0.017188
7 0.229687 0.033594 0.056250 0.023438
7 0.303125 0.032813 0.021875 0.021875
7 0.364844 0.038281 0.032813 0.032813
7 0.437500 0.036719 0.043750 0.029687
7 0.505469 0.033594 0.023438 0.023438
7 0.564063 0.034375 0.025000 0.025000
7 0.702344 0.141406 0.182812 0.239063
7 0.837500 0.028906 0.018750 0.014063
7 0.896094 0.038281 0.029687 0.032813
7 0.960156 0.035156 0.029687 0.026562
7 0.029687 0.300781 0.015625 0.010937
7 0.093750 0.314063 0.043750 0.037500
7 0.179688 0.326562 0.059375 0.062500
7 0.274219 0.331250 0.060937 0.071875
7 0.355469 0.307812 0.032813 0.025000
7 0.421094 0.312500 0.029687 0.034375
7 0.489844 0.310937 0.039062 0.031250
7 0.557031 0.307812 0.026562 0.025000
7 0.634375 0.322656 0.059375 0.054688
7 0.744531 0.331250 0.092188 0.071875
7 0.833594 0.306250 0.017188 0.021875
7 0.892969 0.307031 0.032813 0.023438
7 0.959375 0.312500 0.031250 0.034375
7 0.042969 0.427344 0.042188 0.051562
7 0.125000 0.420312 0.053125 0.037500
7 0.280469 0.415625 0.051562 0.028125
7 0.350000 0.414844 0.018750 0.026562
7 0.412500 0.421094 0.037500 0.039062
7 0.485938 0.417969 0.040625 0.032813
7 0.553906 0.413281 0.026562 0.023438
7 0.615625 0.411719 0.028125 0.020313
7 0.672656 0.408594 0.017188 0.014063
7 0.729688 0.414844 0.028125 0.026562
7 0.788281 0.410156 0.020313 0.017188
7 0.850000 0.423438 0.034375 0.043750
7 0.914844 0.412500 0.026562 0.021875
7 0.046875 0.507031 0.050000 0.039062
7 0.118750 0.496094 0.025000 0.017188
7 0.184375 0.503906 0.037500 0.032813
7 0.253906 0.502344 0.032813 0.029687
7 0.317969 0.496094 0.026562 0.017188
7 0.381250 0.500000 0.031250 0.025000
7 0.455469 0.501563 0.048438 0.028125
7 0.528906 0.503125 0.029687 0.031250
7 0.596094 0.510938 0.035937 0.046875
7 0.673438 0.507031 0.050000 0.039062
7 0.747656 0.498437 0.029687 0.021875
7 0.807813 0.498437 0.021875 0.021875
7 0.874219 0.508594 0.042188 0.042188
7 0.949219 0.519531 0.039062 0.064062
7 0.046875 0.607031 0.050000 0.042188
7 0.127344 0.608594 0.042188 0.045312
7 0.221875 0.607812 0.078125 0.043750
7 0.306250 0.595313 0.021875 0.018750
7 0.366406 0.601562 0.029687 0.031250
7 0.449219 0.631250 0.067187 0.090625
7 0.532813 0.600781 0.031250 0.029687
7 0.610938 0.610156 0.056250 0.048438
7 0.682031 0.596875 0.017188 0.021875
7 0.732812 0.597656 0.015625 0.023438
7 0.787500 0.600000 0.025000 0.028125
7 0.864062 0.602344 0.059375 0.032813
7 0.942187 0.599219 0.028125 0.026562
7 0.042969 0.728125 0.042188 0.034375
7 0.114844 0.725000 0.032813 0.028125
7 0.178906 0.721094 0.026562 0.020313
7 0.252344 0.741406 0.051562 0.060937
7 0.321875 0.725000 0.018750 0.028125
7 0.390625 0.733594 0.050000 0.045312
7 0.460156 0.722656 0.020313 0.023438
7 0.543750 0.758594 0.078125 0.095312
7 0.692969 0.785156 0.151562 0.148438
7 0.814844 0.721094 0.023438 0.020313
7 0.876563 0.728125 0.031250 0.034375
7 0.935937 0.729688 0.018750 0.037500
7 0.039062 0.906250 0.034375 0.025000
7 0.096875 0.901563 0.012500 0.015625
7 0.155469 0.907031 0.035937 0.026562
7 0.216406 0.903906 0.017188 0.020313
7 0.272656 0.906250 0.026562 0.025000
7 0.333594 0.907813 0.026562 0.028125
7 0.396875 0.906250 0.031250 0.025000
7 0.467187 0.916406 0.040625 0.045312
7 0.529687 0.903906 0.015625 0.020313
7 0.591406 0.907813 0.039062 0.028125
7 0.657031 0.908594 0.023438 0.029687
7 0.720313 0.910156 0.034375 0.032813
7 0.784375 0.907031 0.025000 0.026562
7 0.856250 0.915625 0.050000 0.043750
7 0.928125 0.904687 0.025000 0.021875
