8 0.061719 0.075781 0.079687 0.107813
8 0.141406 0.030469 0.010937 0.017188
8 0.188281 0.030469 0.014063 0.017188
8 0.248438 0.038281 0.037500 0.032813
8 0.324219 0.042188 0.045312 0.040625
8 0.400781 0.038281 0.039062 0.032813
8 0.466406 0.035156 0.023438 0.026562
8 0.525000 0.032813 0.025000 0.021875
8 0.578125 0.028125 0.012500 0.012500
8 0.657813 0.085938 0.078125 0.128125
8 0.744531 0.033594 0.026562 0.023438
8 0.814063 0.036719 0.043750 0.029687
8 0.896094 0.039062 0.051562 0.034375
8 0.964063 0.028125 0.015625 0.012500
8 0.106250 0.197656 0.028125 0.026562
8 0.167969 0.196094 0.026562 0.023438
8 0.224219 0.190625 0.017188 0.012500
8 0.281250 0.197656 0.028125 0.026562
8 0.340625 0.196094 0.021875 0.023438
8 0.413281 0.211719 0.054688 0.054688
8 0.508594 0.234375 0.067187 0.100000
8 0.591406 0.192969 0.029687 0.017188
8 0.656250 0.204687 0.031250 0.040625
8 0.717187 0.196094 0.021875 0.023438
8 0.778906 0.199219 0.032813 0.029687
8 0.847656 0.201563 0.035937 0.034375
8 0.922656 0.200781 0.045312 0.032813
8 0.036719 0.339844 0.029687 0.042188
8 0.114844 0.335938 0.057813 0.034375
8 0.185938 0.326562 0.015625 0.015625
8 0.244531 0.332031 0.032813 0.026562
8 0.303125 0.325781 0.015625 0.014063
8 0.353906 0.327344 0.017188 0.017188
8 0.413281 0.331250 0.032813 0.025000
8 0.479687 0.328906 0.031250 0.020313
8 0.563281 0.375781 0.067187 0.114062
8 0.650781 0.339062 0.039062 0.040625
8 0.726562 0.339062 0.043750 0.040625
8 0.800000 0.339062 0.043750 0.040625
8 0.870313 0.334375 0.028125 0.031250
8 0.935937 0.342187 0.034375 0.046875
8 0.032031 0.475781 0.020313 0.017188
8 0.094531 0.484375 0.035937 0.034375
8 0.158594 0.479687 0.023438 0.025000
8 0.228906 0.486719 0.048438 0.039062
8 0.302344 0.479687 0.029687 0.025000
8 0.378906 0.482812 0.054688 0.031250
8 0.460156 0.487500 0.039062 0.040625
8 0.539062 0.492188 0.050000 0.050000
8 0.610156 0.482812 0.023438 0.031250
8 0.675781 0.478125 0.039062 0.021875
8 0.762500 0.495312 0.065625 0.056250
8 0.845313 0.477344 0.031250 0.020313
8 0.905469 0.475781 0.020313 0.017188
8 0.954688 0.471875 0.009375 0.009375
8 0.025781 0.564063 0.007812 0.012500
8 0.103125 0.621875 0.078125 0.128125
8 0.219531 0.599219 0.085938 0.082812
8 0.317188 0.577344 0.040625 0.039062
8 0.386719 0.571094 0.029687 0.026562
8 0.461719 0.583594 0.051562 0.051562
8 0.532813 0.568750 0.021875 0.021875
8 0.587500 0.568750 0.018750 0.021875
8 0.735938 0.631250 0.209375 0.146875
8 0.883594 0.564063 0.017188 0.012500
8 0.940625 0.570312 0.028125 0.025000
8 0.031250 0.752344 0.018750 0.026562
8 0.096875 0.759375 0.043750 0.040625
8 0.165625 0.750781 0.025000 0.023438
8 0.227344 0.753906 0.029687 0.029687
8 0.313281 0.792969 0.073438 0.107813
8 0.449219 0.796875 0.129688 0.115625
8 0.571875 0.759375 0.046875 0.040625
8 0.646094 0.751563 0.032813 0.025000
8 0.711719 0.752344 0.029687 0.026562
8 0.773438 0.752344 0.025000 0.026562
8 0.860938 0.777344 0.081250 0.076563
8 0.949219 0.748437 0.026562 0.018750
8 0.029687 0.897656 0.015625 0.017188
8 0.082812 0.895312 0.021875 0.012500
8 0.135156 0.901563 0.014063 0.025000
8 0.188281 0.903125 0.023438 0.028125
8 0.255469 0.903125 0.042188 0.028125
8 0.318750 0.894531 0.015625 0.010937
8 0.379688 0.901563 0.037500 0.025000
8 0.460938 0.921875 0.056250 0.065625
8 0.535156 0.900781 0.023438 0.023438
8 0.606250 0.908594 0.050000 0.039062
8 0.689844 0.908594 0.048438 0.039062
8 0.758594 0.896875 0.020313 0.015625
8 0.820312 0.902344 0.034375 0.026562
8 0.893750 0.903906 0.043750 0.029687
8 0.963281 0.903906 0.026562 0.029687
