7 0.036719 0.038281 0.029687 0.032813
7 0.103125 0.034375 0.034375 0.025000
7 0.184375 0.045312 0.059375 0.046875
7 0.268750 0.042969 0.040625 0.042188
7 0.346875 0.039062 0.046875 0.034375
7 0.421094 0.037500 0.032813 0.031250
7 0.494531 0.035937 0.045312 0.028125
7 0.568750 0.028125 0.034375 0.012500
7 0.686719 0.062500 0.070312 0.081250
7 0.778125 0.054688 0.043750 0.065625
7 0.872656 0.074219 0.076563 0.104688
7 0.041406 0.182812 0.039062 0.043750
7 0.109375 0.176563 0.028125 0.031250
7 0.209375 0.203906 0.103125 0.085938
7 0.310156 0.172656 0.029687 0.023438
7 0.375781 0.179688 0.032813 0.037500
7 0.438281 0.170313 0.023438 0.018750
7 0.507031 0.180469 0.045312 0.039062
7 0.581250 0.194531 0.034375 0.067187
7 0.657813 0.188281 0.050000 0.054688
7 0.745313 0.183594 0.056250 0.045312
7 0.825781 0.172656 0.035937 0.023438
7 0.890625 0.177344 0.025000 0.032813
7 0.946875 0.167969 0.018750 0.014063
7 0.050000 0.306250 0.056250 0.050000
7 0.132031 0.298438 0.039062 0.034375
7 0.203125 0.293750 0.034375 0.025000
7 0.265625 0.290625 0.021875 0.018750
7 0.334375 0.307031 0.046875 0.051562
7 0.410156 0.296094 0.035937 0.029687
7 0.511719 0.321875 0.098437 0.081250
7 0.608594 0.300000 0.026562 0.037500
7 0.666406 0.291406 0.020313 0.020313
7 0.759375 0.328125 0.096875 0.093750
7 0.857031 0.291406 0.029687 0.020313
7 0.924219 0.297656 0.035937 0.032813
7 0.047656 0.439844 0.051562 0.060937
7 0.127344 0.430469 0.039062 0.042188
7 0.193750 0.426563 0.025000 0.034375
7 0.249219 0.418750 0.017188 0.018750
7 0.327344 0.449219 0.070312 0.079687
7 0.416406 0.432031 0.039062 0.045312
7 0.489844 0.426563 0.039062 0.034375
7 0.563281 0.428906 0.039062 0.039062
7 0.632031 0.419531 0.029687 0.020313
7 0.708594 0.442969 0.054688 0.067187
7 0.848437 0.417969 0.021875 0.017188
7 0.908594 0.424219 0.029687 0.029687
7 0.049219 0.550781 0.054688 0.054688
7 0.125781 0.537500 0.029687 0.028125
7 0.188281 0.539062 0.026562 0.031250
7 0.255469 0.536719 0.039062 0.026562
7 0.328125 0.547656 0.037500 0.048438
7 0.389844 0.532813 0.017188 0.018750
7 0.442188 0.532031 0.018750 0.017188
7 0.535156 0.564063 0.098437 0.081250
7 0.213281 0.795312 0.382812 0.312500
7 0.460938 0.653906 0.043750 0.029687
7 0.531250 0.650781 0.028125 0.023438
7 0.586719 0.646094 0.014063 0.014063
7 0.642969 0.657031 0.029687 0.035937
7 0.703125 0.650000 0.021875 0.021875
7 0.775781 0.655469 0.054688 0.032813
7 0.849219 0.642969 0.023438 0.007812
7 0.913281 0.655469 0.035937 0.032813
