7 0.071875 0.066406 0.100000 0.089063
7 0.183594 0.057813 0.054688 0.071875
7 0.264844 0.042188 0.039062 0.040625
7 0.335156 0.038281 0.032813 0.032813
7 0.402344 0.040625 0.032813 0.037500
7 0.484375 0.069531 0.062500 0.095312
7 0.557031 0.031250 0.014063 0.018750
7 0.610156 0.034375 0.023438 0.025000
7 0.664062 0.034375 0.015625 0.025000
7 0.714844 0.034375 0.017188 0.025000
7 0.767188 0.032813 0.018750 0.021875
7 0.824219 0.037500 0.026562 0.031250
7 0.886719 0.035937 0.029687 0.028125
7 0.048438 0.171875 0.053125 0.040625
7 0.132031 0.165625 0.045312 0.028125
7 0.210938 0.165625 0.043750 0.028125
7 0.284375 0.165625 0.034375 0.028125
7 0.356250 0.168750 0.040625 0.034375
7 0.417969 0.161719 0.014063 0.020313
7 0.531250 0.228125 0.143750 0.153125
7 0.666406 0.170313 0.057813 0.037500
7 0.753906 0.192188 0.048438 0.081250
7 0.825000 0.164844 0.025000 0.026562
7 0.886719 0.163281 0.029687 0.023438
7 0.952344 0.165625 0.032813 0.028125
7 0.066406 0.368750 0.089063 0.059375
7 0.157031 0.353906 0.023438 0.029687
7 0.217188 0.353125 0.028125 0.028125
7 0.323437 0.407813 0.115625 0.137500
7 0.446094 0.365625 0.060937 0.053125
7 0.524219 0.350781 0.026562 0.023438
7 0.585156 0.353125 0.026562 0.028125
7 0.656250 0.356250 0.046875 0.034375
7 0.754687 0.380469 0.081250 0.082812
7 0.841406 0.350781 0.023438 0.023438
7 0.899219 0.352344 0.023438 0.026562
7 0.228906 0.682813 0.414062 0.343750
7 0.478906 0.517188 0.017188 0.012500
7 0.542188 0.528125 0.040625 0.034375
7 0.607812 0.524219 0.021875 0.026562
7 0.664844 0.520312 0.023438 0.018750
7 0.724219 0.522656 0.026562 0.023438
7 0.791406 0.528906 0.039062 0.035937
7 0.867969 0.530469 0.045312 0.039062
7 0.936719 0.520312 0.023438 0.018750
7 0.038281 0.896875 0.032813 0.015625
7 0.108594 0.911719 0.039062 0.045312
7 0.174219 0.904687 0.023438 0.031250
7 0.234375 0.902344 0.028125 0.026562
7 0.300781 0.907031 0.035937 0.035937
7 0.363281 0.900000 0.020313 0.021875
7 0.436719 0.914844 0.057813 0.051562
7 0.521875 0.902344 0.043750 0.026562
7 0.592969 0.909375 0.039062 0.040625
7 0.664062 0.900000 0.034375 0.021875
7 0.729688 0.902344 0.028125 0.026562
7 0.797656 0.906250 0.039062 0.034375
7 0.863281 0.900781 0.023438 0.023438
7 0.935937 0.920312 0.053125 0.062500
