8 0.045312 0.043750 0.046875 0.043750
8 0.128906 0.039062 0.051562 0.034375
8 0.202344 0.043750 0.026562 0.043750
8 0.289062 0.086719 0.078125 0.129688
8 0.377344 0.039844 0.029687 0.035937
8 0.442969 0.039844 0.032813 0.035937
8 0.497656 0.033594 0.029687 0.023438
8 0.563281 0.034375 0.032813 0.025000
8 0.632031 0.034375 0.035937 0.025000
8 0.693750 0.030469 0.018750 0.017188
8 0.748437 0.033594 0.021875 0.023438
8 0.241406 0.460156 0.439063 0.548438
8 0.503906 0.193750 0.017188 0.015625
8 0.564063 0.203125 0.034375 0.034375
8 0.629687 0.199219 0.028125 0.026562
8 0.698438 0.204687 0.040625 0.037500
8 0.767969 0.199219 0.029687 0.026562
8 0.826562 0.199219 0.018750 0.026562
8 0.882031 0.196875 0.023438 0.021875
8 0.938281 0.197656 0.020313 0.023438
8 0.044531 0.787500 0.045312 0.037500
8 0.145313 0.802344 0.112500 0.067187
8 0.244531 0.776563 0.017188 0.015625
8 0.302344 0.782031 0.029687 0.026562
8 0.360938 0.777344 0.018750 0.017188
8 0.464844 0.847656 0.120313 0.157812
8 0.575781 0.780469 0.032813 0.023438
8 0.670312 0.823438 0.087500 0.109375
8 0.755469 0.775781 0.014063 0.014063
8 0.814063 0.788281 0.034375 0.039062
8 0.919531 0.791406 0.107813 0.045312
