7 0.073438 0.057813 0.103125 0.071875
7 0.171094 0.032031 0.023438 0.020313
7 0.264062 0.048438 0.093750 0.053125
7 0.385156 0.034375 0.020313 0.025000
7 0.442969 0.036719 0.026562 0.029687
7 0.511719 0.039844 0.042188 0.035937
7 0.589844 0.048438 0.045312 0.053125
7 0.688281 0.060156 0.082812 0.076563
7 0.775000 0.030469 0.021875 0.017188
7 0.835938 0.037500 0.031250 0.031250
7 0.908594 0.033594 0.045312 0.023438
7 0.035156 0.146875 0.026562 0.028125
7 0.100000 0.144531 0.034375 0.023438
7 0.163281 0.146875 0.023438 0.028125
7 0.223438 0.146094 0.028125 0.026562
7 0.285156 0.144531 0.026562 0.023438
7 0.371094 0.164062 0.076563 0.062500
7 0.451562 0.139844 0.015625 0.014063
7 0.564844 0.202344 0.142187 0.139063
7 0.678906 0.140625 0.017188 0.015625
7 0.733594 0.142969 0.023438 0.020313
7 0.792188 0.148438 0.025000 0.031250
7 0.862500 0.157031 0.046875 0.048438
7 0.929688 0.139063 0.018750 0.012500
7 0.050781 0.327344 0.057813 0.042188
7 0.129688 0.320312 0.031250 0.028125
7 0.197656 0.323437 0.035937 0.034375
7 0.267188 0.323437 0.034375 0.034375
7 0.339844 0.325781 0.042188 0.039062
7 0.405469 0.314844 0.020313 0.017188
7 0.464844 0.321094 0.029687 0.029687
7 0.530469 0.325781 0.032813 0.039062
7 0.600781 0.328906 0.039062 0.045312
7 0.682813 0.326562 0.056250 0.040625
7 0.783594 0.339062 0.076563 0.065625
7 0.871875 0.317969 0.031250 0.023438
7 0.946875 0.342187 0.050000 0.071875
7 0.046094 0.432812 0.048438 0.040625
7 0.124219 0.439844 0.039062 0.054688
7 0.203906 0.417969 0.051562 0.010937
7 0.302344 0.454688 0.076563 0.084375
7 0.401562 0.444531 0.053125 0.064062
7 0.475781 0.423438 0.026562 0.021875
7 0.544531 0.432031 0.042188 0.039062
7 0.608594 0.421875 0.017188 0.018750
7 0.658594 0.418750 0.014063 0.012500
7 0.725781 0.452344 0.051562 0.079687
7 0.813281 0.432031 0.054688 0.039062
7 0.892969 0.425000 0.035937 0.025000
7 0.052344 0.569531 0.060937 0.076563
7 0.146094 0.553125 0.057813 0.043750
7 0.224219 0.541406 0.029687 0.020313
7 0.299219 0.557031 0.051562 0.051562
7 0.384375 0.552344 0.050000 0.042188
7 0.454688 0.542188 0.021875 0.021875
7 0.513281 0.546094 0.026562 0.029687
7 0.571094 0.538281 0.020313 0.014063
7 0.630469 0.546094 0.029687 0.029687
7 0.689063 0.541406 0.018750 0.020313
7 0.744531 0.546094 0.023438 0.029687
7 0.806250 0.546094 0.031250 0.029687
7 0.876563 0.546875 0.040625 0.031250
7 0.047656 0.677344 0.051562 0.070312
7 0.123438 0.669531 0.031250 0.054688
7 0.185156 0.656250 0.023438 0.028125
7 0.250000 0.656250 0.037500 0.028125
7 0.336719 0.689844 0.067187 0.095312
7 0.427344 0.660156 0.045312 0.035937
7 0.509375 0.685156 0.050000 0.085938
7 0.621875 0.678906 0.106250 0.073438
7 0.732031 0.655469 0.045312 0.026562
7 0.801562 0.653906 0.025000 0.023438
7 0.870313 0.662500 0.043750 0.040625
7 0.049219 0.807813 0.054688 0.071875
7 0.136719 0.791406 0.051562 0.039062
7 0.207031 0.781250 0.020313 0.018750
7 0.266406 0.791406 0.029687 0.039062
7 0.337500 0.784375 0.043750 0.025000
7 0.412500 0.785937 0.037500 0.028125
7 0.480469 0.786719 0.029687 0.029687
7 0.625781 0.816406 0.192188 0.089063
7 0.771094 0.782813 0.029687 0.021875
7 0.839063 0.785156 0.037500 0.026562
7 0.902344 0.788281 0.020313 0.032813
7 0.072656 0.936719 0.101562 0.082812
7 0.168750 0.910156 0.021875 0.029687
7 0.221094 0.900781 0.014063 0.010937
7 0.292969 0.923438 0.060937 0.056250
