8 0.036719 0.033594 0.029687 0.023438
8 0.100781 0.035156 0.029687 0.026562
8 0.160156 0.034375 0.020313 0.025000
8 0.210938 0.026562 0.012500 0.009375
8 0.419531 0.150000 0.335938 0.256250
8 0.635938 0.033594 0.028125 0.023438
8 0.696094 0.032031 0.023438 0.020313
8 0.748437 0.028906 0.012500 0.014063
8 0.806250 0.035156 0.034375 0.026562
8 0.869531 0.032031 0.023438 0.020313
8 0.939844 0.042969 0.048438 0.042188
8 0.041406 0.334375 0.039062 0.043750
8 0.109375 0.325000 0.028125 0.025000
8 0.223438 0.353125 0.131250 0.081250
8 0.349219 0.345313 0.051562 0.065625
8 0.457813 0.355469 0.096875 0.085938
8 0.553906 0.321094 0.026562 0.023438
8 0.612500 0.324219 0.021875 0.023438
8 0.683594 0.332813 0.051562 0.040625
8 0.785156 0.341406 0.082812 0.057813
8 0.886719 0.335938 0.051562 0.046875
8 0.959375 0.324219 0.025000 0.023438
8 0.050000 0.465625 0.056250 0.065625
8 0.126562 0.447656 0.028125 0.029687
8 0.188281 0.444531 0.026562 0.023438
8 0.241406 0.439844 0.010937 0.014063
8 0.290625 0.442969 0.018750 0.020313
8 0.372656 0.461719 0.076563 0.057813
8 0.457813 0.442969 0.025000 0.020313
8 0.524219 0.450000 0.039062 0.034375
8 0.600000 0.454688 0.043750 0.043750
8 0.671094 0.452344 0.029687 0.039062
8 0.730469 0.444531 0.020313 0.023438
8 0.785156 0.450781 0.020313 0.035937
8 0.851562 0.451562 0.043750 0.037500
8 0.917969 0.446094 0.020313 0.026562
8 0.087500 0.610938 0.131250 0.156250
8 0.223438 0.583594 0.071875 0.101562
8 0.305469 0.546094 0.023438 0.026562
8 0.360156 0.542969 0.017188 0.020313
8 0.421875 0.552344 0.037500 0.039062
8 0.480469 0.539062 0.010937 0.012500
8 0.536719 0.549219 0.032813 0.032813
8 0.600781 0.542188 0.026562 0.018750
8 0.660156 0.543750 0.023438 0.021875
8 0.753125 0.569531 0.093750 0.073438
8 0.884375 0.567969 0.100000 0.070312
8 0.035156 0.734375 0.026562 0.021875
8 0.094531 0.732812 0.023438 0.018750
8 0.155469 0.736719 0.029687 0.026562
8 0.213281 0.731250 0.017188 0.015625
8 0.271094 0.737500 0.029687 0.028125
8 0.334375 0.737500 0.028125 0.028125
8 0.405469 0.740625 0.045312 0.034375
8 0.493750 0.767969 0.062500 0.089063
8 0.571094 0.739844 0.023438 0.032813
8 0.628906 0.741406 0.023438 0.035937
8 0.689844 0.736719 0.029687 0.026562
8 0.749219 0.735156 0.020313 0.023438
8 0.805469 0.736719 0.023438 0.026562
8 0.865625 0.739844 0.028125 0.032813
8 0.060937 0.896875 0.078125 0.100000
8 0.149219 0.861719 0.029687 0.029687
8 0.221094 0.867188 0.045312 0.040625
8 0.294531 0.863281 0.032813 0.032813
8 0.353125 0.853906 0.015625 0.014063
8 0.422656 0.860938 0.054688 0.028125
8 0.510156 0.878125 0.051562 0.062500
8 0.592187 0.872656 0.043750 0.051562
8 0.660937 0.859375 0.025000 0.025000
8 0.717969 0.855469 0.020313 0.017188
8 0.775781 0.861719 0.026562 0.029687
8 0.833594 0.859375 0.020313 0.025000
8 0.895312 0.861719 0.034375 0.029687
