8 0.088281 0.082031 0.132812 0.120313
8 0.200781 0.038281 0.023438 0.032813
8 0.271094 0.040625 0.048438 0.037500
8 0.347656 0.042188 0.035937 0.040625
8 0.458594 0.078906 0.117188 0.114062
8 0.565625 0.036719 0.028125 0.029687
8 0.653125 0.086719 0.078125 0.129688
8 0.742188 0.038281 0.031250 0.032813
8 0.812500 0.040625 0.040625 0.037500
8 0.891406 0.057031 0.048438 0.070312
8 0.060156 0.216406 0.076563 0.060937
8 0.159375 0.207031 0.053125 0.042188
8 0.242969 0.207813 0.045312 0.043750
8 0.323437 0.213281 0.046875 0.054688
8 0.418750 0.213281 0.075000 0.054688
8 0.506250 0.209375 0.031250 0.046875
8 0.578906 0.203125 0.045312 0.034375
8 0.658594 0.203125 0.045312 0.043750
8 0.732031 0.202344 0.032813 0.032813
8 0.799219 0.200000 0.032813 0.028125
8 0.866406 0.198437 0.032813 0.025000
8 0.924219 0.190625 0.014063 0.009375
8 0.113281 0.352344 0.182812 0.142187
8 0.252344 0.296875 0.026562 0.031250
8 0.316406 0.296094 0.032813 0.029687
8 0.382031 0.293750 0.029687 0.025000
8 0.450781 0.293750 0.039062 0.025000
8 0.539844 0.317969 0.070312 0.073438
8 0.672656 0.325000 0.126562 0.087500
8 0.785156 0.293750 0.029687 0.025000
8 0.905469 0.317969 0.142187 0.073438
8 0.041406 0.472656 0.039062 0.029687
8 0.123438 0.475000 0.056250 0.034375
8 0.200781 0.467187 0.029687 0.018750
8 0.279687 0.480469 0.059375 0.045312
8 0.362500 0.478125 0.037500 0.040625
8 0.427344 0.466406 0.023438 0.017188
8 0.503125 0.481250 0.059375 0.046875
8 0.587500 0.486719 0.040625 0.057813
8 0.693750 0.517188 0.103125 0.118750
8 0.791406 0.468750 0.023438 0.021875
8 0.846094 0.467187 0.017188 0.018750
8 0.075000 0.678125 0.106250 0.134375
8 0.169531 0.617188 0.014063 0.012500
8 0.231250 0.627344 0.040625 0.032813
8 0.325000 0.675000 0.078125 0.128125
8 0.410156 0.625000 0.023438 0.028125
8 0.465625 0.617969 0.018750 0.014063
8 0.531250 0.629687 0.043750 0.037500
8 0.600000 0.622656 0.025000 0.023438
8 0.659375 0.620313 0.025000 0.018750
8 0.721875 0.621875 0.031250 0.021875
8 0.795312 0.632812 0.046875 0.043750
8 0.885156 0.635156 0.064062 0.048438
8 0.963281 0.621875 0.023438 0.021875
8 0.039062 0.796094 0.034375 0.032813
8 0.102344 0.791406 0.023438 0.023438
8 0.167969 0.801562 0.039062 0.043750
8 0.236719 0.788281 0.029687 0.017188
8 0.306250 0.798438 0.040625 0.037500
8 0.396094 0.833594 0.070312 0.107813
8 0.486719 0.805469 0.042188 0.051562
8 0.555469 0.790625 0.026562 0.021875
8 0.626563 0.800000 0.046875 0.040625
8 0.696094 0.789062 0.023438 0.018750
8 0.768750 0.800781 0.053125 0.042188
8 0.846875 0.794531 0.034375 0.029687
8 0.913281 0.790625 0.029687 0.021875
8 0.039844 0.945312 0.035937 0.046875
8 0.121875 0.934375 0.059375 0.025000
8 0.207031 0.938281 0.042188 0.032813
