7 0.050781 0.062500 0.057813 0.081250
7 0.132812 0.031250 0.037500 0.018750
7 0.204687 0.041406 0.037500 0.039062
7 0.277344 0.042969 0.039062 0.042188
7 0.351562 0.036719 0.040625 0.029687
7 0.425000 0.040625 0.037500 0.037500
7 0.489844 0.030469 0.023438 0.017188
7 0.553125 0.039062 0.034375 0.034375
7 0.622656 0.033594 0.035937 0.023438
7 0.691406 0.035156 0.032813 0.026562
7 0.760156 0.035937 0.035937 0.028125
7 0.826562 0.034375 0.028125 0.025000
7 0.885156 0.029687 0.020313 0.015625
7 0.942187 0.030469 0.025000 0.017188
7 0.035937 0.151562 0.028125 0.028125
7 0.099219 0.152344 0.029687 0.029687
7 0.178906 0.171875 0.060937 0.068750
7 0.254688 0.146094 0.021875 0.017188
7 0.321875 0.152344 0.043750 0.029687
7 0.390625 0.147656 0.025000 0.020313
7 0.447656 0.145313 0.020313 0.015625
7 0.508594 0.149219 0.032813 0.023438
7 0.575000 0.157031 0.031250 0.039062
7 0.639844 0.157031 0.029687 0.039062
7 0.719531 0.185156 0.060937 0.095312
7 0.800781 0.155469 0.032813 0.035937
7 0.903906 0.169531 0.104688 0.064062
7 0.041406 0.284375 0.039062 0.034375
7 0.108594 0.278125 0.026562 0.021875
7 0.161719 0.277344 0.010937 0.020313
7 0.228906 0.302344 0.054688 0.070312
7 0.347656 0.324219 0.114062 0.114062
7 0.449219 0.275781 0.020313 0.017188
7 0.505469 0.276562 0.023438 0.018750
7 0.564063 0.278125 0.025000 0.021875
7 0.622656 0.275781 0.023438 0.017188
7 0.688281 0.285156 0.039062 0.035937
7 0.762500 0.287500 0.040625 0.040625
7 0.835156 0.285938 0.035937 0.037500
7 0.895312 0.273438 0.015625 0.012500
7 0.950000 0.284375 0.025000 0.034375
7 0.053125 0.443750 0.062500 0.056250
7 0.136719 0.436719 0.035937 0.042188
7 0.202344 0.425781 0.026562 0.020313
7 0.260937 0.425000 0.021875 0.018750
7 0.324219 0.430469 0.035937 0.029687
7 0.386719 0.425000 0.020313 0.018750
7 0.435156 0.420312 0.007812 0.009375
7 0.494531 0.429688 0.042188 0.028125
7 0.553125 0.421094 0.006250 0.010937
7 0.607812 0.430469 0.034375 0.029687
7 0.673438 0.430469 0.028125 0.029687
7 0.736719 0.430469 0.029687 0.029687
7 0.799219 0.427344 0.026562 0.023438
7 0.860156 0.427344 0.026562 0.023438
7 0.926562 0.433594 0.037500 0.035937
7 0.076563 0.551562 0.109375 0.090625
7 0.189062 0.526563 0.046875 0.040625
7 0.262500 0.527344 0.031250 0.042188
7 0.326562 0.519531 0.028125 0.026562
7 0.392188 0.528125 0.034375 0.043750
7 0.467969 0.504687 0.048438 0.021875
7 0.548438 0.534375 0.043750 0.056250
7 0.623437 0.520312 0.037500 0.028125
7 0.687500 0.516406 0.021875 0.020313
7 0.749219 0.521094 0.032813 0.029687
7 0.807813 0.515625 0.015625 0.018750
7 0.866406 0.520312 0.032813 0.028125
7 0.058594 0.689844 0.073438 0.117188
7 0.152344 0.647656 0.045312 0.032813
7 0.234375 0.664844 0.050000 0.067187
7 0.350000 0.665625 0.112500 0.068750
7 0.453906 0.644531 0.026562 0.026562
7 0.510156 0.646094 0.017188 0.029687
7 0.580469 0.658594 0.054688 0.054688
7 0.660937 0.653125 0.037500 0.043750
7 0.725000 0.639844 0.021875 0.017188
7 0.783594 0.642969 0.026562 0.023438
7 0.850000 0.646875 0.037500 0.031250
7 0.916406 0.642188 0.026562 0.021875
7 0.038281 0.791406 0.032813 0.017188
7 0.100781 0.791406 0.023438 0.017188
7 0.193750 0.825781 0.093750 0.085938
7 0.287500 0.797656 0.025000 0.029687
7 0.359375 0.810156 0.050000 0.054688
7 0.440625 0.796094 0.043750 0.026562
7 0.512500 0.802344 0.031250 0.039062
7 0.575781 0.794531 0.026562 0.023438
7 0.636719 0.798438 0.026562 0.031250
7 0.695312 0.792188 0.021875 0.018750
7 0.756250 0.799219 0.031250 0.032813
7 0.817969 0.805469 0.023438 0.045312
7 0.889844 0.803125 0.051562 0.040625
7 0.963281 0.799219 0.026562 0.032813
7 0.040625 0.921094 0.037500 0.035937
7 0.111719 0.925000 0.035937 0.043750
7 0.177344 0.917188 0.026562 0.028125
7 0.239844 0.917969 0.029687 0.029687
