7 0.042188 0.052344 0.065625 0.060937
7 0.132812 0.035937 0.046875 0.028125
7 0.207031 0.034375 0.032813 0.025000
7 0.280469 0.046875 0.045312 0.050000
7 0.353906 0.017969 0.032813 0.017188
7 0.421094 0.033594 0.032813 0.023438
7 0.572656 0.046094 0.054688 0.048438
7 0.648438 0.034375 0.028125 0.025000
7 0.716406 0.039844 0.039062 0.035937
7 0.792969 0.038281 0.045312 0.032813
7 0.860938 0.030469 0.021875 0.017188
7 0.914062 0.028125 0.015625 0.012500
7 0.040625 0.139063 0.037500 0.043750
7 0.103125 0.129688 0.018750 0.025000
7 0.164062 0.129688 0.034375 0.025000
7 0.244531 0.145313 0.057813 0.056250
7 0.315625 0.127344 0.015625 0.020313
7 0.388281 0.155469 0.060937 0.076563
7 0.467187 0.136719 0.028125 0.039062
7 0.527344 0.129688 0.023438 0.025000
7 0.603906 0.157812 0.060937 0.081250
7 0.689844 0.135937 0.045312 0.037500
7 0.757812 0.125781 0.021875 0.017188
7 0.831250 0.134375 0.056250 0.034375
7 0.910937 0.135156 0.034375 0.035937
7 0.041406 0.250000 0.039062 0.034375
7 0.121094 0.244531 0.051562 0.023438
7 0.188281 0.241406 0.014063 0.017188
7 0.241406 0.249219 0.023438 0.032813
7 0.294531 0.241406 0.014063 0.017188
7 0.346094 0.241406 0.020313 0.017188
7 0.403906 0.245312 0.026562 0.025000
7 0.462500 0.243750 0.021875 0.021875
7 0.530469 0.249219 0.045312 0.032813
7 0.629687 0.285938 0.084375 0.106250
7 0.724219 0.249219 0.035937 0.032813
7 0.788281 0.242969 0.023438 0.020313
7 0.847656 0.250781 0.026562 0.035937
7 0.914844 0.248438 0.039062 0.031250
7 0.045312 0.393750 0.046875 0.040625
7 0.151562 0.428906 0.096875 0.110937
7 0.244531 0.382812 0.020313 0.018750
7 0.298438 0.381250 0.018750 0.015625
7 0.350781 0.383594 0.017188 0.020313
7 0.410938 0.390625 0.034375 0.034375
7 0.477344 0.388281 0.029687 0.029687
7 0.539062 0.388281 0.025000 0.029687
7 0.603125 0.391406 0.034375 0.035937
7 0.664062 0.380469 0.018750 0.014063
7 0.724219 0.391406 0.032813 0.035937
7 0.789844 0.387500 0.029687 0.028125
7 0.855469 0.385937 0.032813 0.025000
7 0.914062 0.380469 0.015625 0.014063
7 0.965625 0.383594 0.018750 0.020313
7 0.036719 0.535156 0.029687 0.032813
7 0.098437 0.530469 0.025000 0.023438
7 0.159375 0.535937 0.028125 0.034375
7 0.230469 0.537500 0.045312 0.037500
7 0.303125 0.535156 0.031250 0.032813
7 0.367969 0.530469 0.029687 0.023438
7 0.440625 0.535156 0.046875 0.032813
7 0.517969 0.535156 0.039062 0.032813
7 0.580469 0.528906 0.017188 0.020313
7 0.632812 0.532031 0.018750 0.026562
7 0.682031 0.525781 0.010937 0.014063
7 0.734375 0.527344 0.025000 0.017188
7 0.786719 0.525781 0.010937 0.014063
7 0.836719 0.528906 0.020313 0.020313
7 0.895312 0.528906 0.028125 0.020313
7 0.958594 0.535937 0.029687 0.034375
7 0.030469 0.600781 0.017188 0.020313
7 0.112500 0.632812 0.078125 0.084375
7 0.197656 0.600781 0.023438 0.020313
7 0.259375 0.605469 0.031250 0.029687
7 0.328125 0.610156 0.037500 0.039062
7 0.400000 0.603906 0.037500 0.026562
7 0.477344 0.623437 0.048438 0.065625
7 0.555469 0.607031 0.039062 0.032813
7 0.617969 0.599219 0.017188 0.017188
7 0.680469 0.605469 0.039062 0.029687
7 0.746875 0.611719 0.025000 0.042188
7 0.813281 0.607812 0.039062 0.034375
7 0.877344 0.597656 0.020313 0.014063
7 0.942187 0.628906 0.040625 0.076563
7 0.057813 0.747656 0.071875 0.076563
7 0.142187 0.724219 0.028125 0.029687
7 0.204687 0.719531 0.028125 0.020313
7 0.297656 0.748437 0.089063 0.078125
7 0.392188 0.727344 0.031250 0.035937
7 0.449219 0.719531 0.014063 0.020313
7 0.507812 0.725781 0.034375 0.032813
7 0.568750 0.717969 0.018750 0.017188
7 0.627344 0.724219 0.029687 0.029687
7 0.689844 0.724219 0.026562 0.029687
7 0.747656 0.721094 0.020313 0.023438
7 0.820312 0.733594 0.056250 0.048438
7 0.894531 0.722656 0.023438 0.026562
7 0.042969 0.839063 0.042188 0.034375
7 0.108594 0.832031 0.020313 0.020313
7 0.189062 0.860156 0.071875 0.076563
7 0.278125 0.834375 0.037500 0.025000
7 0.408594 0.874219 0.154688 0.104688
7 0.531250 0.832812 0.021875 0.021875
7 0.596094 0.847656 0.039062 0.051562
7 0.659375 0.832031 0.018750 0.020313
7 0.720313 0.839844 0.034375 0.035937
7 0.791406 0.844531 0.039062 0.045312
7 0.859375 0.833594 0.028125 0.023438
7 0.921094 0.834375 0.026562 0.025000
