8 0.167187 0.153906 0.290625 0.264062
8 0.388281 0.064844 0.082812 0.085938
8 0.500781 0.053125 0.073438 0.062500
8 0.583594 0.034375 0.023438 0.025000
8 0.641406 0.033594 0.023438 0.023438
8 0.777344 0.068750 0.179688 0.093750
8 0.069531 0.364844 0.095312 0.089063
8 0.329688 0.464844 0.356250 0.289062
8 0.614844 0.389844 0.145313 0.139063
8 0.732031 0.332031 0.020313 0.023438
8 0.810156 0.367969 0.067187 0.095312
8 0.889844 0.335156 0.023438 0.029687
8 0.955469 0.337500 0.039062 0.034375
8 0.041406 0.662500 0.039062 0.037500
8 0.105469 0.655469 0.020313 0.023438
8 0.165625 0.658594 0.031250 0.029687
8 0.227344 0.656250 0.023438 0.025000
8 0.283594 0.652344 0.020313 0.017188
8 0.349219 0.664844 0.042188 0.042188
8 0.417969 0.657813 0.026562 0.028125
8 0.524219 0.672656 0.117188 0.057813
8 0.635938 0.660937 0.037500 0.034375
8 0.771875 0.680469 0.046875 0.073438
8 0.842969 0.658594 0.026562 0.029687
8 0.929688 0.688281 0.078125 0.089063
8 0.044531 0.795312 0.045312 0.056250
8 0.117188 0.787500 0.031250 0.040625
8 0.189062 0.787500 0.043750 0.040625
8 0.299219 0.789844 0.107813 0.045312
8 0.405469 0.782813 0.035937 0.031250
8 0.468750 0.777344 0.021875 0.020313
8 0.526563 0.777344 0.025000 0.020313
8 0.579688 0.775000 0.012500 0.015625
8 0.640625 0.786719 0.040625 0.039062
8 0.727344 0.810156 0.064062 0.085938
8 0.807813 0.780469 0.028125 0.026562
8 0.884375 0.783594 0.056250 0.032813
8 0.961719 0.778125 0.029687 0.021875
8 0.065625 0.928906 0.087500 0.082812
8 0.160156 0.900781 0.032813 0.026562
8 0.228125 0.902344 0.034375 0.029687
8 0.307031 0.915625 0.054688 0.056250
8 0.392188 0.903125 0.046875 0.031250
8 0.459375 0.895312 0.018750 0.015625
8 0.522656 0.898438 0.039062 0.021875
8 0.597656 0.894531 0.042188 0.032813
8 0.713281 0.900781 0.023438 0.026562
8 0.777344 0.899219 0.035937 0.023438
8 0.882031 0.930469 0.104688 0.085938
