7 0.050781 0.043750 0.057813 0.043750
7 0.146875 0.059375 0.065625 0.075000
7 0.233594 0.040625 0.039062 0.037500
7 0.296875 0.032031 0.018750 0.020313
7 0.361719 0.037500 0.042188 0.031250
7 0.438281 0.037500 0.042188 0.031250
7 0.511719 0.039844 0.035937 0.035937
7 0.585938 0.039844 0.043750 0.035937
7 0.653906 0.038281 0.023438 0.032813
7 0.710156 0.035156 0.020313 0.026562
7 0.775000 0.038281 0.040625 0.032813
7 0.882812 0.058594 0.106250 0.073438
7 0.041406 0.150000 0.039062 0.037500
7 0.113281 0.154688 0.035937 0.046875
7 0.191406 0.149219 0.051562 0.035937
7 0.262500 0.140625 0.021875 0.018750
7 0.321094 0.139844 0.026562 0.017188
7 0.387500 0.150000 0.037500 0.037500
7 0.450000 0.137500 0.018750 0.012500
7 0.515625 0.147656 0.043750 0.032813
7 0.582812 0.139844 0.021875 0.017188
7 0.650781 0.153906 0.045312 0.045312
7 0.720313 0.148438 0.025000 0.034375
7 0.815625 0.192969 0.096875 0.123438
7 0.907031 0.139063 0.017188 0.015625
7 0.065625 0.316406 0.087500 0.079687
7 0.177344 0.324219 0.067187 0.070312
7 0.259375 0.298438 0.028125 0.018750
7 0.325781 0.309375 0.035937 0.040625
7 0.387500 0.298438 0.018750 0.018750
7 0.449219 0.306250 0.035937 0.034375
7 0.522656 0.310156 0.042188 0.042188
7 0.591406 0.300781 0.026562 0.023438
7 0.643750 0.292969 0.009375 0.007812
7 0.697656 0.303125 0.029687 0.028125
7 0.758594 0.302344 0.023438 0.026562
7 0.846094 0.321875 0.082812 0.065625
7 0.949219 0.323437 0.054688 0.068750
7 0.032031 0.407031 0.020313 0.026562
7 0.094531 0.413281 0.035937 0.039062
7 0.175000 0.419531 0.056250 0.051562
7 0.261719 0.414062 0.048438 0.040625
7 0.330469 0.409375 0.020313 0.031250
7 0.403906 0.415625 0.057813 0.043750
7 0.475000 0.402344 0.015625 0.017188
7 0.549219 0.405469 0.064062 0.023438
7 0.629687 0.405469 0.028125 0.023438
7 0.696875 0.407031 0.037500 0.026562
7 0.769531 0.408594 0.039062 0.029687
7 0.839844 0.408594 0.032813 0.029687
7 0.903906 0.407031 0.026562 0.026562
7 0.078906 0.528906 0.114062 0.098437
7 0.182031 0.489844 0.023438 0.020313
7 0.239063 0.490625 0.021875 0.021875
7 0.296094 0.488281 0.023438 0.017188
7 0.359375 0.497656 0.034375 0.035937
7 0.461719 0.496094 0.035937 0.032813
7 0.527344 0.493750 0.026562 0.028125
7 0.594531 0.502344 0.039062 0.045312
7 0.660937 0.491406 0.025000 0.023438
7 0.718750 0.494531 0.021875 0.029687
7 0.835938 0.558594 0.143750 0.157812
7 0.042188 0.674219 0.040625 0.029687
7 0.112500 0.684375 0.031250 0.025000
7 0.181250 0.696875 0.037500 0.050000
7 0.262500 0.697656 0.056250 0.051562
7 0.342187 0.688281 0.034375 0.032813
7 0.404687 0.683594 0.021875 0.023438
7 0.463281 0.683594 0.026562 0.023438
7 0.521094 0.681250 0.020313 0.018750
7 0.582031 0.688281 0.032813 0.032813
7 0.642969 0.683594 0.020313 0.023438
7 0.703125 0.683594 0.031250 0.023438
7 0.763281 0.682813 0.020313 0.021875
7 0.817969 0.681250 0.020313 0.018750
7 0.873437 0.682813 0.021875 0.021875
7 0.940625 0.686719 0.043750 0.029687
7 0.052344 0.775000 0.060937 0.034375
7 0.130469 0.767969 0.026562 0.020313
7 0.191406 0.767188 0.026562 0.018750
7 0.270313 0.794531 0.062500 0.073438
7 0.346094 0.767188 0.020313 0.018750
7 0.402344 0.771094 0.023438 0.026562
7 0.464844 0.771094 0.032813 0.026562
7 0.525781 0.769531 0.020313 0.023438
7 0.584375 0.775000 0.028125 0.034375
7 0.663281 0.785156 0.060937 0.054688
7 0.748437 0.777344 0.040625 0.039062
7 0.818750 0.774219 0.031250 0.032813
7 0.881250 0.770312 0.025000 0.025000
7 0.942187 0.773438 0.028125 0.031250
7 0.096875 0.880469 0.028125 0.029687
7 0.157031 0.879687 0.023438 0.028125
7 0.223438 0.884375 0.040625 0.037500
7 0.290625 0.887500 0.025000 0.043750
7 0.360938 0.895312 0.046875 0.059375
7 0.433594 0.882031 0.029687 0.032813
7 0.525781 0.904687 0.085938 0.078125
7 0.674219 0.888281 0.045312 0.045312
7 0.742188 0.876563 0.021875 0.021875
7 0.825000 0.908594 0.075000 0.085938
7 0.917969 0.880469 0.042188 0.029687
