8 0.027344 0.028125 0.010937 0.012500
8 0.083594 0.035156 0.032813 0.026562
8 0.151562 0.033594 0.034375 0.023438
8 0.218750 0.038281 0.031250 0.032813
8 0.286719 0.045312 0.035937 0.046875
8 0.353125 0.032031 0.028125 0.020313
8 0.428125 0.050781 0.053125 0.057813
8 0.514844 0.047656 0.051562 0.051562
8 0.585938 0.030469 0.021875 0.017188
8 0.640625 0.035156 0.018750 0.026562
8 0.702344 0.033594 0.035937 0.023438
8 0.765625 0.034375 0.021875 0.025000
8 0.826562 0.032031 0.031250 0.020313
8 0.894531 0.038281 0.035937 0.032813
8 0.954688 0.029687 0.015625 0.015625
8 0.039062 0.128906 0.034375 0.029687
8 0.100781 0.128125 0.020313 0.028125
8 0.155469 0.124219 0.020313 0.020313
8 0.218750 0.129688 0.037500 0.031250
8 0.296094 0.132031 0.048438 0.035937
8 0.364063 0.121094 0.018750 0.014063
8 0.443750 0.143750 0.071875 0.059375
8 0.527344 0.122656 0.026562 0.017188
8 0.589844 0.132031 0.029687 0.035937
8 0.648438 0.122656 0.018750 0.017188
8 0.732031 0.157031 0.079687 0.085938
8 0.822656 0.128906 0.032813 0.029687
8 0.889062 0.127344 0.031250 0.026562
8 0.952344 0.122656 0.026562 0.017188
8 0.039844 0.256250 0.035937 0.068750
8 0.102344 0.235156 0.020313 0.026562
8 0.163281 0.236719 0.032813 0.029687
8 0.228906 0.235937 0.029687 0.028125
8 0.300781 0.242188 0.045312 0.040625
8 0.396094 0.250781 0.076563 0.057813
8 0.491406 0.247656 0.045312 0.051562
8 0.567969 0.239063 0.039062 0.034375
8 0.627344 0.228125 0.010937 0.012500
8 0.681250 0.235937 0.028125 0.028125
8 0.750781 0.245312 0.042188 0.046875
8 0.823438 0.236719 0.034375 0.029687
8 0.885156 0.232031 0.020313 0.020313
8 0.946094 0.234375 0.032813 0.025000
8 0.038281 0.338281 0.032813 0.026562
8 0.225781 0.410938 0.145313 0.171875
8 0.398438 0.403125 0.131250 0.156250
8 0.510938 0.336719 0.025000 0.023438
8 0.578906 0.350000 0.042188 0.050000
8 0.645312 0.338281 0.021875 0.026562
8 0.697656 0.333594 0.014063 0.017188
8 0.750781 0.339844 0.023438 0.029687
8 0.814063 0.337500 0.034375 0.025000
8 0.878906 0.335156 0.026562 0.020313
8 0.936719 0.335156 0.020313 0.020313
8 0.064062 0.568750 0.084375 0.075000
8 0.162500 0.550000 0.043750 0.037500
8 0.234375 0.547656 0.031250 0.032813
8 0.296875 0.541406 0.025000 0.020313
8 0.375000 0.571875 0.062500 0.081250
8 0.455469 0.541406 0.029687 0.020313
8 0.516406 0.545312 0.023438 0.028125
8 0.600781 0.561719 0.076563 0.060937
8 0.700000 0.554688 0.053125 0.046875
8 0.778125 0.545312 0.034375 0.028125
8 0.867969 0.560156 0.076563 0.057813
8 0.948438 0.538281 0.015625 0.014063
8 0.036719 0.659375 0.029687 0.025000
8 0.100781 0.661719 0.029687 0.029687
