8 0.031250 0.035156 0.018750 0.026562
8 0.087500 0.032031 0.028125 0.020313
8 0.155469 0.044531 0.039062 0.045312
8 0.252344 0.060156 0.085938 0.076563
8 0.338281 0.033594 0.017188 0.023438
8 0.403125 0.046094 0.043750 0.048438
8 0.471094 0.036719 0.023438 0.029687
8 0.539062 0.046875 0.043750 0.050000
8 0.609375 0.033594 0.028125 0.023438
8 0.682031 0.042188 0.048438 0.040625
8 0.751563 0.030469 0.021875 0.017188
8 0.806250 0.030469 0.018750 0.017188
8 0.864844 0.034375 0.029687 0.025000
8 0.933594 0.039062 0.039062 0.034375
8 0.038281 0.144531 0.032813 0.023438
8 0.112500 0.150781 0.046875 0.035937
8 0.192188 0.166406 0.043750 0.067187
8 0.265625 0.154688 0.034375 0.043750
8 0.339844 0.150000 0.045312 0.034375
8 0.408594 0.146094 0.023438 0.026562
8 0.521094 0.192969 0.132812 0.120313
8 0.628906 0.139063 0.014063 0.012500
8 0.685156 0.142969 0.029687 0.039062
8 0.746094 0.144531 0.023438 0.023438
8 0.811719 0.150781 0.039062 0.035937
8 0.882031 0.154688 0.032813 0.043750
8 0.954688 0.154688 0.043750 0.043750
8 0.035937 0.300000 0.028125 0.025000
8 0.104688 0.306250 0.040625 0.037500
8 0.246875 0.335938 0.175000 0.121875
8 0.389844 0.311719 0.042188 0.048438
8 0.475781 0.314063 0.060937 0.053125
8 0.560156 0.303125 0.039062 0.031250
8 0.640625 0.325000 0.053125 0.075000
8 0.716406 0.303906 0.029687 0.032813
8 0.772656 0.294531 0.014063 0.014063
8 0.829688 0.310156 0.031250 0.045312
8 0.889062 0.322656 0.031250 0.070312
8 0.042969 0.439844 0.042188 0.032813
8 0.163281 0.489063 0.129688 0.115625
8 0.269531 0.437500 0.014063 0.012500
8 0.335938 0.448437 0.050000 0.034375
8 0.428125 0.464844 0.065625 0.067187
8 0.517188 0.449219 0.043750 0.035937
8 0.587500 0.441406 0.028125 0.020313
8 0.648438 0.441406 0.025000 0.020313
8 0.753906 0.488281 0.117188 0.114062
8 0.853906 0.436719 0.014063 0.010937
8 0.908594 0.442969 0.026562 0.023438
8 0.057813 0.622656 0.071875 0.082812
8 0.136719 0.589844 0.017188 0.017188
8 0.214844 0.615625 0.070312 0.068750
8 0.292969 0.589063 0.017188 0.015625
8 0.363281 0.607031 0.054688 0.051562
8 0.433594 0.586719 0.017188 0.010937
8 0.490625 0.592187 0.028125 0.021875
8 0.564844 0.600000 0.051562 0.037500
8 0.649219 0.599219 0.048438 0.035937
8 0.729688 0.600000 0.043750 0.037500
8 0.796875 0.590625 0.021875 0.018750
8 0.857031 0.594531 0.029687 0.026562
8 0.921875 0.599219 0.031250 0.035937
8 0.061719 0.739844 0.079687 0.082812
8 0.188281 0.752344 0.104688 0.107813
8 0.333594 0.755469 0.117188 0.114062
8 0.442188 0.713281 0.031250 0.029687
8 0.565625 0.795312 0.146875 0.193750
8 0.683594 0.708594 0.020313 0.020313
8 0.745313 0.713281 0.034375 0.029687
8 0.815625 0.717969 0.037500 0.039062
8 0.889844 0.727344 0.042188 0.057813
8 0.953906 0.709375 0.017188 0.021875
8 0.059375 0.946875 0.075000 0.040625
8 0.158594 0.950781 0.054688 0.048438
8 0.243750 0.946875 0.046875 0.040625
8 0.317969 0.939844 0.032813 0.026562
