7 0.093750 0.107813 0.143750 0.171875
7 0.229687 0.049219 0.059375 0.054688
7 0.300781 0.028125 0.014063 0.012500
7 0.354687 0.032031 0.025000 0.020313
7 0.414062 0.034375 0.025000 0.025000
7 0.470313 0.035156 0.018750 0.026562
7 0.528906 0.035937 0.029687 0.028125
7 0.585156 0.028906 0.014063 0.014063
7 0.642969 0.033594 0.032813 0.023438
7 0.705469 0.038281 0.023438 0.032813
7 0.771094 0.039062 0.039062 0.034375
7 0.838281 0.030469 0.026562 0.017188
7 0.900000 0.039062 0.028125 0.034375
7 0.047656 0.254688 0.051562 0.053125
7 0.129688 0.256250 0.043750 0.056250
7 0.201563 0.239844 0.031250 0.023438
7 0.260156 0.238281 0.017188 0.020313
7 0.324219 0.247656 0.042188 0.039062
7 0.398438 0.250000 0.037500 0.043750
7 0.471094 0.247656 0.039062 0.039062
7 0.535937 0.238281 0.021875 0.020313
7 0.594531 0.239063 0.026562 0.021875
7 0.732031 0.329688 0.179688 0.203125
7 0.868750 0.241406 0.025000 0.026562
7 0.932031 0.239844 0.032813 0.023438
7 0.035156 0.482812 0.026562 0.034375
7 0.102344 0.482812 0.039062 0.034375
7 0.178125 0.480469 0.043750 0.029687
7 0.262500 0.482812 0.056250 0.034375
7 0.335938 0.478125 0.021875 0.025000
7 0.415625 0.500000 0.068750 0.068750
7 0.506250 0.480469 0.043750 0.029687
7 0.586719 0.486719 0.048438 0.042188
7 0.674219 0.474219 0.057813 0.017188
7 0.756250 0.488281 0.037500 0.045312
7 0.823438 0.484375 0.028125 0.037500
7 0.886719 0.480469 0.029687 0.029687
7 0.060937 0.597656 0.078125 0.057813
7 0.157812 0.585156 0.046875 0.032813
7 0.228906 0.577344 0.026562 0.017188
7 0.296094 0.586719 0.039062 0.035937
7 0.364844 0.585156 0.029687 0.032813
7 0.429688 0.582031 0.031250 0.026562
7 0.490625 0.580469 0.021875 0.023438
7 0.546875 0.578906 0.021875 0.020313
7 0.606250 0.581250 0.028125 0.025000
7 0.662500 0.575000 0.015625 0.012500
7 0.749219 0.652344 0.089063 0.167187
7 0.850000 0.590625 0.043750 0.043750
7 0.925781 0.587500 0.039062 0.037500
7 0.032031 0.785156 0.020313 0.029687
7 0.091406 0.784375 0.029687 0.028125
7 0.183594 0.807031 0.085938 0.073438
7 0.323437 0.842187 0.125000 0.143750
7 0.435156 0.784375 0.029687 0.028125
7 0.502344 0.785937 0.035937 0.031250
7 0.580469 0.789844 0.051562 0.039062
7 0.650000 0.779687 0.018750 0.018750
7 0.703125 0.778906 0.018750 0.017188
7 0.762500 0.786719 0.031250 0.032813
7 0.820312 0.782031 0.015625 0.023438
7 0.874219 0.782031 0.023438 0.023438
