8 0.086719 0.084375 0.129688 0.125000
8 0.203906 0.042188 0.035937 0.040625
8 0.271094 0.033594 0.029687 0.023438
8 0.335938 0.034375 0.031250 0.025000
8 0.421875 0.061719 0.071875 0.079687
8 0.504687 0.032813 0.025000 0.021875
8 0.566406 0.018750 0.029687 0.018750
8 0.654687 0.055469 0.078125 0.067187
8 0.775000 0.058594 0.093750 0.073438
8 0.862500 0.029687 0.012500 0.015625
8 0.912500 0.033594 0.018750 0.023438
8 0.040625 0.199219 0.037500 0.035937
8 0.125000 0.221875 0.062500 0.081250
8 0.205469 0.196094 0.029687 0.029687
8 0.328125 0.215625 0.146875 0.068750
8 0.465625 0.210156 0.059375 0.057813
8 0.542188 0.192188 0.025000 0.021875
8 0.614062 0.201563 0.050000 0.040625
8 0.682813 0.186719 0.018750 0.010937
8 0.734375 0.190625 0.015625 0.018750
8 0.795312 0.200000 0.037500 0.037500
8 0.873437 0.200000 0.050000 0.037500
8 0.058594 0.322656 0.073438 0.051562
8 0.147656 0.305469 0.035937 0.017188
8 0.234375 0.323437 0.068750 0.053125
8 0.316406 0.310937 0.026562 0.028125
8 0.379688 0.310156 0.031250 0.026562
8 0.436719 0.302344 0.014063 0.010937
8 0.491406 0.308594 0.026562 0.023438
8 0.552344 0.305469 0.026562 0.017188
8 0.608594 0.306250 0.017188 0.018750
8 0.660937 0.304688 0.018750 0.015625
8 0.725781 0.317188 0.042188 0.040625
8 0.818750 0.323437 0.075000 0.053125
8 0.900781 0.306250 0.020313 0.018750
8 0.955469 0.305469 0.020313 0.017188
