7 0.056250 0.033594 0.068750 0.023438
7 0.137500 0.035156 0.025000 0.026562
7 0.192188 0.032813 0.015625 0.021875
7 0.246875 0.031250 0.025000 0.018750
7 0.305469 0.029687 0.023438 0.015625
7 0.380469 0.049219 0.057813 0.054688
7 0.471875 0.043750 0.056250 0.043750
7 0.556250 0.039062 0.043750 0.034375
7 0.632031 0.043750 0.039062 0.043750
7 0.700000 0.034375 0.028125 0.025000
7 0.283594 0.286719 0.523438 0.360938
7 0.591406 0.122656 0.023438 0.023438
7 0.665625 0.135156 0.056250 0.048438
7 0.748437 0.125781 0.040625 0.029687
7 0.817187 0.122656 0.028125 0.023438
7 0.879687 0.128125 0.028125 0.034375
7 0.947656 0.128125 0.039062 0.034375
7 0.035937 0.511719 0.028125 0.020313
7 0.107031 0.521094 0.045312 0.039062
7 0.189062 0.514844 0.050000 0.026562
7 0.260937 0.511719 0.025000 0.020313
7 0.332813 0.525781 0.050000 0.048438
7 0.492969 0.575000 0.201563 0.146875
7 0.644531 0.514062 0.032813 0.025000
7 0.740625 0.599219 0.090625 0.195312
7 0.828906 0.513281 0.017188 0.023438
7 0.903125 0.520312 0.062500 0.037500
7 0.036719 0.746875 0.029687 0.031250
7 0.099219 0.742969 0.026562 0.023438
7 0.162500 0.742969 0.031250 0.023438
7 0.228125 0.744531 0.031250 0.026562
7 0.317188 0.744531 0.078125 0.026562
7 0.464062 0.764062 0.146875 0.065625
7 0.585156 0.744531 0.026562 0.026562
7 0.656250 0.750781 0.046875 0.039062
7 0.729688 0.742969 0.031250 0.023438
7 0.794531 0.740625 0.029687 0.018750
7 0.862500 0.756250 0.037500 0.050000
7 0.940625 0.775781 0.050000 0.089063
7 0.040625 0.871094 0.037500 0.032813
7 0.114062 0.869531 0.040625 0.029687
7 0.175000 0.862500 0.012500 0.015625
7 0.227344 0.864844 0.023438 0.020313
7 0.283594 0.874219 0.020313 0.039062
7 0.341406 0.871875 0.026562 0.034375
7 0.410156 0.869531 0.042188 0.029687
7 0.479687 0.866406 0.028125 0.023438
7 0.542969 0.865625 0.029687 0.021875
7 0.606250 0.869531 0.028125 0.029687
7 0.667969 0.867969 0.026562 0.026562
7 0.724219 0.864844 0.017188 0.020313
7 0.785156 0.873437 0.035937 0.037500
7 0.851562 0.868750 0.028125 0.028125
7 0.914844 0.866406 0.029687 0.023438
