7 0.109375 0.073438 0.175000 0.103125
7 0.240625 0.032031 0.018750 0.020313
7 0.292187 0.030469 0.015625 0.017188
7 0.383594 0.096094 0.098437 0.148438
7 0.483594 0.039844 0.032813 0.035937
7 0.546094 0.032031 0.023438 0.020313
7 0.611719 0.053906 0.039062 0.064062
7 0.701562 0.061719 0.071875 0.079687
7 0.787500 0.033594 0.031250 0.023438
7 0.847656 0.030469 0.020313 0.017188
7 0.921875 0.044531 0.059375 0.045312
7 0.034375 0.213281 0.025000 0.017188
7 0.089844 0.214844 0.017188 0.020313
7 0.146094 0.217188 0.026562 0.025000
7 0.214062 0.240625 0.040625 0.071875
7 0.278906 0.216406 0.020313 0.023438
7 0.349219 0.218750 0.051562 0.028125
7 0.434375 0.227344 0.050000 0.045312
7 0.578125 0.271875 0.168750 0.134375
7 0.701562 0.218750 0.034375 0.028125
7 0.764844 0.216406 0.023438 0.023438
7 0.829688 0.217969 0.037500 0.026562
7 0.893750 0.215625 0.021875 0.021875
7 0.952344 0.219531 0.026562 0.029687
7 0.042188 0.392969 0.040625 0.039062
7 0.121094 0.403906 0.048438 0.060937
7 0.251563 0.452344 0.143750 0.157812
7 0.395313 0.402344 0.075000 0.057813
7 0.493750 0.401562 0.053125 0.056250
7 0.585156 0.392969 0.060937 0.039062
7 0.664844 0.392188 0.029687 0.037500
7 0.767188 0.417187 0.106250 0.087500
7 0.868750 0.387500 0.028125 0.028125
7 0.928906 0.385156 0.023438 0.023438
7 0.038281 0.582812 0.032813 0.034375
7 0.098437 0.574219 0.018750 0.017188
7 0.160938 0.581250 0.037500 0.031250
7 0.230469 0.578125 0.032813 0.025000
7 0.292969 0.574219 0.023438 0.017188
7 0.368750 0.591406 0.059375 0.051562
7 0.449219 0.582031 0.032813 0.032813
7 0.533594 0.608594 0.067187 0.085938
7 0.630469 0.592969 0.057813 0.054688
7 0.707031 0.580469 0.026562 0.029687
7 0.768750 0.582812 0.028125 0.034375
7 0.833594 0.582812 0.032813 0.034375
7 0.900781 0.576562 0.032813 0.021875
7 0.042188 0.704688 0.040625 0.037500
7 0.115625 0.700000 0.037500 0.028125
7 0.180469 0.696094 0.023438 0.020313
7 0.246875 0.700781 0.040625 0.029687
7 0.312500 0.696094 0.021875 0.020313
7 0.375000 0.708594 0.034375 0.045312
7 0.437500 0.696094 0.021875 0.020313
7 0.492188 0.691406 0.018750 0.010937
7 0.552344 0.700781 0.032813 0.029687
7 0.618750 0.700781 0.031250 0.029687
7 0.732812 0.774219 0.128125 0.176563
7 0.845313 0.698438 0.028125 0.025000
7 0.908594 0.702344 0.029687 0.032813
7 0.032813 0.903125 0.021875 0.012500
7 0.098437 0.914844 0.040625 0.035937
7 0.162500 0.910156 0.018750 0.026562
7 0.220312 0.910937 0.028125 0.028125
7 0.306250 0.923438 0.075000 0.053125
7 0.392188 0.910156 0.028125 0.026562
7 0.456250 0.914844 0.031250 0.035937
7 0.521094 0.917188 0.029687 0.040625
7 0.586719 0.910156 0.032813 0.026562
7 0.646875 0.903906 0.018750 0.014063
