7 0.035156 0.035937 0.026562 0.028125
7 0.091406 0.032031 0.017188 0.020313
7 0.153906 0.044531 0.039062 0.045312
7 0.238281 0.055469 0.060937 0.067187
7 0.322656 0.034375 0.039062 0.025000
7 0.384375 0.025000 0.015625 0.006250
7 0.439063 0.042969 0.025000 0.042188
7 0.507812 0.042188 0.043750 0.040625
7 0.604688 0.041406 0.081250 0.039062
7 0.692969 0.040625 0.026562 0.037500
7 0.764844 0.044531 0.048438 0.045312
7 0.832812 0.028906 0.018750 0.014063
7 0.880469 0.031250 0.007812 0.018750
7 0.932031 0.035156 0.026562 0.026562
7 0.040625 0.137500 0.037500 0.028125
7 0.114062 0.137500 0.040625 0.028125
7 0.180469 0.134375 0.023438 0.021875
7 0.253906 0.150781 0.054688 0.054688
7 0.330469 0.142969 0.029687 0.039062
7 0.393750 0.134375 0.028125 0.021875
7 0.469531 0.145313 0.054688 0.043750
7 0.567969 0.182031 0.073438 0.117188
7 0.710156 0.188281 0.142187 0.129688
7 0.824219 0.135937 0.017188 0.025000
7 0.882812 0.136719 0.031250 0.026562
7 0.942187 0.132031 0.018750 0.017188
7 0.035156 0.300781 0.026562 0.026562
7 0.096875 0.298438 0.028125 0.021875
7 0.164844 0.302344 0.039062 0.029687
7 0.239063 0.307812 0.040625 0.040625
7 0.307031 0.296094 0.026562 0.017188
7 0.387500 0.311719 0.065625 0.048438
7 0.480469 0.314844 0.051562 0.054688
7 0.557813 0.305469 0.034375 0.035937
7 0.630469 0.308594 0.042188 0.042188
7 0.697656 0.299219 0.023438 0.023438
7 0.760156 0.302344 0.032813 0.029687
7 0.850000 0.322656 0.078125 0.070312
7 0.050781 0.417187 0.057813 0.050000
7 0.134375 0.414844 0.040625 0.045312
7 0.200781 0.402344 0.023438 0.020313
7 0.259375 0.405469 0.025000 0.026562
7 0.315625 0.407031 0.018750 0.029687
7 0.374219 0.406250 0.029687 0.028125
7 0.438281 0.405469 0.029687 0.026562
7 0.502344 0.410156 0.029687 0.035937
7 0.561719 0.404687 0.020313 0.025000
7 0.618750 0.408594 0.025000 0.032813
7 0.686719 0.410938 0.042188 0.037500
7 0.755469 0.406250 0.026562 0.028125
7 0.811719 0.400781 0.017188 0.017188
7 0.875000 0.410938 0.040625 0.037500
7 0.938281 0.403906 0.017188 0.023438
7 0.039062 0.490625 0.034375 0.028125
7 0.104688 0.488281 0.028125 0.023438
7 0.169531 0.488281 0.032813 0.023438
7 0.264062 0.516406 0.087500 0.079687
7 0.353125 0.486719 0.021875 0.020313
7 0.409375 0.492969 0.021875 0.032813
7 0.479687 0.508594 0.050000 0.064062
7 0.548438 0.487500 0.018750 0.021875
7 0.611719 0.499219 0.039062 0.045312
7 0.690625 0.499219 0.050000 0.045312
7 0.765625 0.483594 0.031250 0.014063
7 0.857031 0.523438 0.082812 0.093750
7 0.046094 0.625000 0.048438 0.040625
7 0.118750 0.617969 0.028125 0.026562
7 0.182812 0.616406 0.031250 0.023438
7 0.251563 0.623437 0.037500 0.037500
7 0.319531 0.628906 0.029687 0.048438
7 0.378906 0.617969 0.020313 0.026562
7 0.432031 0.614062 0.017188 0.018750
7 0.493750 0.616406 0.037500 0.023438
7 0.555469 0.610938 0.017188 0.012500
7 0.612500 0.624219 0.028125 0.039062
7 0.690625 0.623437 0.059375 0.037500
7 0.777344 0.621875 0.045312 0.034375
7 0.875781 0.635938 0.082812 0.062500
7 0.052344 0.728906 0.060937 0.054688
7 0.128125 0.715625 0.021875 0.028125
7 0.192188 0.720313 0.037500 0.037500
7 0.257031 0.710938 0.023438 0.018750
7 0.514062 0.752344 0.290625 0.101562
7 0.707031 0.717969 0.026562 0.032813
7 0.766406 0.710156 0.023438 0.017188
7 0.825781 0.715625 0.026562 0.028125
7 0.914062 0.734375 0.081250 0.065625
7 0.035937 0.853906 0.028125 0.032813
7 0.111719 0.861719 0.054688 0.048438
7 0.182031 0.846094 0.017188 0.020313
7 0.247656 0.866406 0.045312 0.057813
7 0.328125 0.861719 0.046875 0.048438
7 0.402344 0.853125 0.032813 0.031250
7 0.472656 0.855469 0.039062 0.035937
7 0.543750 0.856250 0.034375 0.037500
7 0.607031 0.847656 0.023438 0.020313
7 0.663281 0.846094 0.020313 0.017188
7 0.717969 0.846094 0.020313 0.017188
7 0.774219 0.846094 0.023438 0.017188
7 0.835156 0.850000 0.029687 0.025000
7 0.900781 0.854688 0.032813 0.034375
7 0.038281 0.945312 0.032813 0.031250
7 0.099219 0.943750 0.020313 0.028125
7 0.155469 0.939844 0.023438 0.020313
7 0.214844 0.942969 0.026562 0.026562
