7 0.052344 0.044531 0.060937 0.045312
7 0.135156 0.040625 0.035937 0.037500
7 0.203906 0.033594 0.032813 0.023438
7 0.283594 0.057813 0.057813 0.071875
7 0.350781 0.028125 0.007812 0.012500
7 0.402344 0.035937 0.026562 0.028125
7 0.463281 0.035156 0.026562 0.026562
7 0.525000 0.030469 0.028125 0.017188
7 0.582812 0.033594 0.018750 0.023438
7 0.636719 0.031250 0.020313 0.018750
7 0.696875 0.038281 0.031250 0.032813
7 0.763281 0.034375 0.032813 0.025000
7 0.846094 0.047656 0.064062 0.051562
7 0.929688 0.036719 0.034375 0.029687
7 0.030469 0.136719 0.017188 0.017188
7 0.097656 0.156250 0.048438 0.056250
7 0.190625 0.152344 0.068750 0.048438
7 0.271875 0.145313 0.025000 0.034375
7 0.355469 0.172656 0.073438 0.089063
7 0.438281 0.138281 0.023438 0.020313
7 0.500781 0.139063 0.032813 0.021875
7 0.571094 0.142969 0.039062 0.029687
7 0.640625 0.140625 0.031250 0.025000
7 0.711719 0.142969 0.048438 0.029687
7 0.786719 0.141406 0.032813 0.026562
7 0.882812 0.165625 0.090625 0.075000
7 0.038281 0.266406 0.032813 0.029687
7 0.112500 0.281250 0.046875 0.059375
7 0.198437 0.277344 0.056250 0.051562
7 0.282031 0.269531 0.042188 0.035937
7 0.344531 0.259375 0.014063 0.015625
7 0.400000 0.265625 0.028125 0.028125
7 0.455469 0.258594 0.014063 0.014063
7 0.517188 0.287500 0.040625 0.071875
7 0.588281 0.264844 0.032813 0.026562
7 0.650000 0.263281 0.021875 0.023438
7 0.707812 0.262500 0.025000 0.021875
7 0.764062 0.259375 0.018750 0.015625
7 0.832812 0.279687 0.050000 0.056250
7 0.903125 0.260937 0.021875 0.018750
7 0.037500 0.374219 0.031250 0.032813
7 0.097656 0.367969 0.020313 0.020313
7 0.164062 0.381250 0.043750 0.046875
7 0.239063 0.374219 0.037500 0.032813
7 0.305469 0.367969 0.026562 0.020313
7 0.457813 0.417969 0.209375 0.120313
7 0.611719 0.375000 0.029687 0.034375
7 0.671094 0.369531 0.020313 0.023438
7 0.730469 0.378125 0.029687 0.040625
7 0.794531 0.369531 0.029687 0.023438
7 0.871094 0.384375 0.054688 0.053125
7 0.953125 0.378125 0.040625 0.040625
7 0.032813 0.520312 0.021875 0.015625
7 0.194531 0.547656 0.070312 0.070312
7 0.287500 0.527344 0.056250 0.029687
7 0.382812 0.535937 0.065625 0.046875
7 0.464062 0.534375 0.028125 0.043750
7 0.528125 0.528906 0.031250 0.032813
7 0.591406 0.524219 0.026562 0.023438
7 0.656250 0.532031 0.034375 0.039062
7 0.714844 0.520312 0.014063 0.015625
7 0.763281 0.525000 0.014063 0.025000
7 0.824219 0.532031 0.039062 0.039062
7 0.911719 0.540625 0.067187 0.056250
7 0.041406 0.636719 0.039062 0.039062
7 0.107031 0.630469 0.023438 0.026562
7 0.173437 0.635156 0.040625 0.035937
7 0.247656 0.635156 0.039062 0.035937
7 0.324219 0.636719 0.045312 0.039062
7 0.403906 0.634375 0.045312 0.034375
7 0.491406 0.646094 0.060937 0.057813
7 0.571094 0.627344 0.029687 0.020313
7 0.630469 0.624219 0.020313 0.014063
7 0.688281 0.630469 0.026562 0.026562
7 0.757812 0.642188 0.043750 0.050000
7 0.823438 0.625781 0.018750 0.017188
7 0.894531 0.642188 0.054688 0.050000
7 0.050781 0.725000 0.057813 0.031250
7 0.142969 0.732031 0.057813 0.045312
7 0.217969 0.722656 0.023438 0.026562
7 0.281250 0.728125 0.034375 0.037500
7 0.357812 0.725781 0.050000 0.032813
7 0.436719 0.725781 0.039062 0.032813
7 0.501563 0.719531 0.021875 0.020313
7 0.567969 0.725781 0.042188 0.032813
7 0.636719 0.721094 0.026562 0.023438
7 0.700781 0.721094 0.032813 0.023438
7 0.155469 0.836719 0.267188 0.095312
7 0.334375 0.798438 0.021875 0.018750
7 0.391406 0.804688 0.023438 0.031250
7 0.455469 0.801562 0.035937 0.025000
7 0.524219 0.806250 0.032813 0.034375
7 0.600781 0.810937 0.051562 0.043750
7 0.682813 0.800781 0.043750 0.023438
7 0.755469 0.804688 0.032813 0.031250
7 0.874219 0.798438 0.010937 0.018750
7 0.925781 0.803125 0.023438 0.028125
