8 0.042188 0.048438 0.040625 0.053125
8 0.108594 0.032031 0.023438 0.020313
8 0.166406 0.032813 0.023438 0.021875
8 0.223438 0.033594 0.021875 0.023438
8 0.277344 0.028125 0.017188 0.012500
8 0.342187 0.055469 0.043750 0.067187
8 0.423438 0.046094 0.050000 0.048438
8 0.496875 0.035156 0.028125 0.026562
8 0.553125 0.027344 0.015625 0.010937
8 0.618750 0.039062 0.046875 0.034375
8 0.687500 0.031250 0.021875 0.018750
8 0.747656 0.033594 0.029687 0.023438
8 0.817187 0.041406 0.040625 0.039062
8 0.888281 0.035156 0.032813 0.026562
8 0.950781 0.035937 0.023438 0.028125
8 0.034375 0.131250 0.025000 0.015625
8 0.110156 0.154688 0.057813 0.062500
8 0.278125 0.224219 0.209375 0.201563
8 0.435937 0.137500 0.037500 0.028125
8 0.508594 0.140625 0.039062 0.034375
8 0.601562 0.142187 0.078125 0.037500
8 0.690625 0.135937 0.031250 0.025000
8 0.756250 0.142187 0.031250 0.037500
8 0.825781 0.141406 0.039062 0.035937
8 0.927344 0.175781 0.095312 0.104688
8 0.027344 0.367188 0.010937 0.015625
8 0.085938 0.378906 0.037500 0.039062
8 0.144531 0.364063 0.010937 0.009375
8 0.200781 0.376563 0.032813 0.034375
8 0.264844 0.369531 0.026562 0.020313
8 0.320312 0.367969 0.015625 0.017188
8 0.378906 0.373437 0.032813 0.028125
8 0.445312 0.375000 0.031250 0.031250
8 0.502344 0.365625 0.014063 0.012500
8 0.559375 0.370312 0.031250 0.021875
8 0.634375 0.383594 0.050000 0.048438
8 0.807031 0.465625 0.226562 0.212500
8 0.966406 0.369531 0.023438 0.020313
8 0.059375 0.636719 0.075000 0.060937
8 0.139844 0.613281 0.017188 0.014063
8 0.207813 0.630469 0.050000 0.048438
8 0.275000 0.610156 0.015625 0.007812
8 0.330469 0.616406 0.026562 0.020313
8 0.389844 0.634375 0.023438 0.056250
8 0.451562 0.628125 0.031250 0.043750
8 0.509375 0.614062 0.015625 0.015625
8 0.565625 0.620313 0.028125 0.028125
8 0.627344 0.621875 0.026562 0.031250
8 0.792969 0.707812 0.235937 0.203125
8 0.039062 0.855469 0.034375 0.023438
8 0.116406 0.863281 0.051562 0.039062
8 0.207031 0.855469 0.060937 0.023438
8 0.299219 0.865625 0.054688 0.043750
8 0.377344 0.858594 0.032813 0.029687
8 0.517188 0.890625 0.178125 0.093750
8 0.671094 0.868750 0.060937 0.050000
8 0.747656 0.852344 0.023438 0.017188
8 0.803125 0.858594 0.018750 0.029687
8 0.850781 0.849219 0.007812 0.010937
8 0.906250 0.856250 0.034375 0.025000
