7 0.028906 0.034375 0.014063 0.025000
7 0.144531 0.087500 0.148438 0.131250
7 0.265625 0.031250 0.025000 0.018750
7 0.337500 0.042969 0.050000 0.042188
7 0.406250 0.032813 0.018750 0.021875
7 0.462500 0.033594 0.025000 0.023438
7 0.528125 0.037500 0.037500 0.031250
7 0.615625 0.054688 0.068750 0.065625
7 0.695312 0.035937 0.021875 0.028125
7 0.757031 0.043750 0.032813 0.043750
7 0.816406 0.028906 0.017188 0.014063
7 0.877344 0.035156 0.035937 0.026562
7 0.950000 0.036719 0.040625 0.029687
7 0.036719 0.210156 0.029687 0.045312
7 0.107813 0.209375 0.043750 0.043750
7 0.191406 0.209375 0.054688 0.043750
7 0.275781 0.212500 0.045312 0.050000
7 0.343750 0.192969 0.021875 0.010937
7 0.416406 0.203906 0.054688 0.032813
7 0.510938 0.210938 0.065625 0.046875
7 0.600000 0.200781 0.043750 0.026562
7 0.671875 0.207813 0.031250 0.040625
7 0.753906 0.212500 0.064062 0.050000
7 0.848437 0.210156 0.056250 0.045312
7 0.933594 0.207031 0.045312 0.039062
7 0.046875 0.314844 0.050000 0.085938
7 0.121875 0.289062 0.031250 0.034375
7 0.184375 0.285938 0.025000 0.028125
7 0.250781 0.287500 0.039062 0.031250
7 0.312500 0.278125 0.015625 0.012500
7 0.374219 0.289844 0.039062 0.035937
7 0.447656 0.285938 0.039062 0.028125
7 0.510938 0.279687 0.018750 0.015625
7 0.633594 0.313281 0.157812 0.082812
7 0.767969 0.290625 0.042188 0.037500
7 0.840625 0.282813 0.034375 0.021875
7 0.903125 0.282031 0.021875 0.020313
7 0.037500 0.407031 0.031250 0.029687
7 0.110937 0.414062 0.046875 0.043750
7 0.175781 0.401562 0.014063 0.018750
7 0.245312 0.421875 0.056250 0.059375
7 0.318750 0.400781 0.021875 0.017188
7 0.374219 0.403125 0.020313 0.021875
7 0.434375 0.407813 0.031250 0.031250
7 0.586719 0.484375 0.204687 0.184375
7 0.733594 0.401562 0.020313 0.018750
7 0.789844 0.400781 0.023438 0.017188
7 0.849219 0.414844 0.026562 0.045312
7 0.915625 0.408594 0.037500 0.032813
7 0.064062 0.658594 0.084375 0.095312
7 0.157031 0.625000 0.032813 0.028125
7 0.231250 0.629687 0.046875 0.037500
7 0.303906 0.631250 0.029687 0.040625
7 0.362500 0.621094 0.018750 0.020313
7 0.414844 0.621094 0.017188 0.020313
7 0.463281 0.629687 0.035937 0.037500
7 0.565625 0.624219 0.025000 0.026562
7 0.627344 0.613281 0.029687 0.026562
7 0.707031 0.649219 0.060937 0.076563
7 0.793750 0.627344 0.043750 0.032813
7 0.862500 0.624219 0.025000 0.026562
7 0.939844 0.649219 0.060937 0.076563
7 0.094531 0.825000 0.145313 0.168750
7 0.212500 0.749219 0.021875 0.017188
7 0.283594 0.772656 0.051562 0.064062
7 0.360938 0.762500 0.034375 0.043750
7 0.428906 0.754687 0.032813 0.028125
7 0.496094 0.756250 0.032813 0.031250
7 0.564063 0.757812 0.034375 0.034375
7 0.648438 0.764844 0.065625 0.048438
7 0.732812 0.755469 0.034375 0.029687
7 0.809375 0.778906 0.050000 0.076563
7 0.890625 0.761719 0.043750 0.042188
