8 0.058594 0.066406 0.073438 0.089063
8 0.139844 0.035937 0.020313 0.028125
8 0.192969 0.029687 0.017188 0.015625
8 0.255469 0.044531 0.039062 0.045312
8 0.335156 0.043750 0.051562 0.043750
8 0.408594 0.032813 0.026562 0.021875
8 0.470313 0.035156 0.028125 0.026562
8 0.539062 0.044531 0.040625 0.045312
8 0.606250 0.032031 0.025000 0.020313
8 0.676562 0.039062 0.046875 0.034375
8 0.743750 0.032031 0.018750 0.020313
8 0.817187 0.057031 0.059375 0.070312
8 0.893750 0.036719 0.025000 0.029687
8 0.951562 0.032031 0.021875 0.020313
8 0.053125 0.185156 0.062500 0.079687
8 0.135156 0.157812 0.032813 0.025000
8 0.195312 0.155469 0.018750 0.020313
8 0.265625 0.164062 0.053125 0.037500
8 0.339844 0.157812 0.026562 0.025000
8 0.393750 0.151562 0.012500 0.012500
8 0.445312 0.154688 0.021875 0.018750
8 0.531250 0.166406 0.081250 0.042188
8 0.619531 0.168750 0.026562 0.046875
8 0.678906 0.153125 0.023438 0.015625
8 0.735938 0.158594 0.021875 0.026562
8 0.795312 0.161719 0.028125 0.032813
8 0.875000 0.171875 0.062500 0.053125
8 0.954688 0.158594 0.028125 0.026562
8 0.042188 0.279687 0.040625 0.040625
8 0.124219 0.283594 0.054688 0.048438
8 0.202344 0.271094 0.032813 0.023438
8 0.266406 0.268750 0.026562 0.018750
8 0.338281 0.279687 0.048438 0.040625
8 0.410156 0.274219 0.026562 0.029687
8 0.468750 0.272656 0.021875 0.026562
8 0.530469 0.285938 0.032813 0.053125
8 0.580469 0.273438 0.023438 0.028125
8 0.633594 0.267969 0.014063 0.017188
8 0.692969 0.275000 0.035937 0.031250
8 0.757031 0.268750 0.023438 0.018750
8 0.832031 0.280469 0.057813 0.042188
8 0.892969 0.266406 0.014063 0.014063
8 0.089844 0.422656 0.135937 0.151562
8 0.200000 0.356250 0.015625 0.018750
8 0.257812 0.364063 0.031250 0.034375
8 0.321094 0.365625 0.026562 0.037500
8 0.382812 0.366406 0.050000 0.039062
8 0.460938 0.380469 0.037500 0.067187
8 0.535937 0.367188 0.043750 0.040625
8 0.601562 0.354687 0.018750 0.015625
8 0.657813 0.362500 0.025000 0.031250
8 0.726562 0.371875 0.043750 0.050000
8 0.813281 0.374219 0.060937 0.054688
8 0.897656 0.363281 0.039062 0.032813
8 0.040625 0.548438 0.037500 0.031250
8 0.104688 0.544531 0.021875 0.023438
8 0.164062 0.547656 0.028125 0.029687
8 0.229687 0.550781 0.034375 0.035937
8 0.288281 0.541406 0.014063 0.017188
8 0.360156 0.560156 0.060937 0.054688
8 0.457031 0.554688 0.064062 0.043750
8 0.541406 0.550000 0.035937 0.034375
8 0.604688 0.540625 0.021875 0.015625
8 0.689063 0.590625 0.078125 0.115625
8 0.778906 0.546875 0.032813 0.028125
8 0.840625 0.544531 0.021875 0.023438
8 0.925781 0.571094 0.079687 0.076563
8 0.040625 0.702344 0.037500 0.039062
8 0.103906 0.692187 0.020313 0.018750
8 0.163281 0.695312 0.029687 0.025000
8 0.228906 0.699219 0.032813 0.032813
8 0.306250 0.711719 0.053125 0.057813
8 0.373437 0.689844 0.012500 0.014063
8 0.455469 0.727344 0.082812 0.089063
8 0.546094 0.700781 0.029687 0.035937
8 0.625781 0.707812 0.060937 0.050000
8 0.703906 0.691406 0.026562 0.017188
8 0.767188 0.696875 0.031250 0.028125
8 0.828906 0.689844 0.023438 0.014063
8 0.889844 0.694531 0.029687 0.023438
8 0.953125 0.699219 0.028125 0.032813
8 0.057031 0.827344 0.070312 0.042188
8 0.139844 0.817187 0.026562 0.021875
8 0.208594 0.830469 0.042188 0.048438
8 0.285938 0.822656 0.043750 0.032813
8 0.359375 0.822656 0.034375 0.032813
8 0.417969 0.811719 0.014063 0.010937
8 0.478906 0.821094 0.039062 0.029687
8 0.541406 0.816406 0.017188 0.020313
8 0.596875 0.817187 0.025000 0.021875
8 0.651563 0.814844 0.015625 0.017188
8 0.707812 0.824219 0.028125 0.035937
8 0.767969 0.819531 0.023438 0.026562
8 0.830469 0.822656 0.032813 0.032813
8 0.914844 0.832812 0.067187 0.053125
