7 0.071875 0.085156 0.100000 0.126562
7 0.175781 0.040625 0.039062 0.037500
7 0.242188 0.029687 0.025000 0.015625
7 0.319531 0.055469 0.060937 0.067187
7 0.392969 0.029687 0.017188 0.015625
7 0.460156 0.068750 0.048438 0.093750
7 0.539062 0.036719 0.040625 0.029687
7 0.603906 0.034375 0.020313 0.025000
7 0.661719 0.038281 0.026562 0.032813
7 0.725781 0.038281 0.032813 0.032813
7 0.789844 0.031250 0.026562 0.018750
7 0.849219 0.034375 0.023438 0.025000
7 0.906250 0.030469 0.021875 0.017188
7 0.050781 0.203125 0.057813 0.040625
7 0.145313 0.216406 0.062500 0.067187
7 0.278906 0.264844 0.135937 0.164062
7 0.437500 0.234375 0.112500 0.103125
7 0.555469 0.202344 0.054688 0.039062
7 0.627344 0.194531 0.020313 0.023438
7 0.682813 0.192188 0.021875 0.018750
7 0.757812 0.192969 0.059375 0.045312
7 0.838281 0.201563 0.032813 0.037500
7 0.901563 0.192969 0.025000 0.020313
7 0.043750 0.398438 0.043750 0.034375
7 0.114844 0.401562 0.029687 0.040625
7 0.178125 0.394531 0.028125 0.026562
7 0.242969 0.401562 0.032813 0.040625
7 0.307031 0.391406 0.026562 0.020313
7 0.362500 0.388281 0.015625 0.014063
7 0.442969 0.407031 0.076563 0.051562
7 0.528906 0.392969 0.026562 0.023438
7 0.592969 0.398438 0.032813 0.034375
7 0.671094 0.417187 0.054688 0.071875
7 0.749219 0.395313 0.032813 0.028125
7 0.814844 0.393750 0.029687 0.025000
7 0.875781 0.392188 0.023438 0.021875
7 0.943750 0.394531 0.043750 0.026562
7 0.091406 0.544531 0.139063 0.114062
7 0.210156 0.496875 0.029687 0.018750
7 0.273438 0.507812 0.028125 0.040625
7 0.332031 0.496875 0.020313 0.018750
7 0.388281 0.496094 0.023438 0.017188
7 0.453125 0.503906 0.037500 0.032813
7 0.520312 0.509375 0.028125 0.043750
7 0.588281 0.500781 0.039062 0.026562
7 0.667188 0.509375 0.050000 0.043750
7 0.736719 0.497656 0.020313 0.020313
7 0.801562 0.490625 0.040625 0.031250
7 0.871094 0.500000 0.029687 0.025000
7 0.932031 0.499219 0.023438 0.023438
7 0.043750 0.660156 0.043750 0.048438
7 0.121875 0.660156 0.043750 0.048438
7 0.192188 0.651563 0.028125 0.031250
7 0.253906 0.649219 0.026562 0.026562
7 0.321094 0.653125 0.039062 0.034375
7 0.394531 0.653906 0.039062 0.035937
7 0.461719 0.646094 0.026562 0.020313
7 0.529687 0.654687 0.040625 0.037500
7 0.603906 0.657031 0.039062 0.042188
7 0.674219 0.650000 0.032813 0.028125
7 0.739844 0.649219 0.029687 0.026562
7 0.813281 0.656250 0.048438 0.040625
7 0.889062 0.653906 0.034375 0.035937
7 0.950781 0.646094 0.020313 0.020313
7 0.042188 0.735156 0.040625 0.032813
7 0.108594 0.728125 0.023438 0.018750
7 0.171094 0.739062 0.032813 0.040625
7 0.235156 0.728125 0.026562 0.018750
7 0.306250 0.735156 0.046875 0.032813
7 0.375781 0.732031 0.023438 0.026562
7 0.430469 0.727344 0.017188 0.017188
7 0.484375 0.728906 0.021875 0.020313
7 0.550000 0.739062 0.040625 0.040625
7 0.617188 0.733594 0.025000 0.029687
7 0.673438 0.732031 0.018750 0.026562
7 0.732031 0.730469 0.029687 0.023438
7 0.791406 0.732031 0.020313 0.026562
7 0.851562 0.737500 0.031250 0.037500
7 0.921875 0.742969 0.040625 0.048438
7 0.039062 0.818750 0.034375 0.034375
7 0.120313 0.828906 0.059375 0.054688
7 0.192969 0.808594 0.017188 0.014063
7 0.252344 0.817969 0.032813 0.032813
7 0.353125 0.839063 0.100000 0.075000
7 0.458594 0.820312 0.042188 0.037500
7 0.534375 0.820312 0.040625 0.037500
7 0.604688 0.818750 0.031250 0.034375
7 0.667969 0.813281 0.026562 0.023438
7 0.737500 0.819531 0.043750 0.035937
7 0.830469 0.860156 0.073438 0.117188
7 0.921875 0.816406 0.040625 0.029687
7 0.032031 0.964063 0.020313 0.021875
7 0.087500 0.960938 0.021875 0.015625
