8 0.273438 0.245312 0.503125 0.446875
8 0.574219 0.042188 0.029687 0.040625
8 0.633594 0.029687 0.020313 0.015625
8 0.687500 0.029687 0.018750 0.015625
8 0.742188 0.032031 0.021875 0.020313
8 0.800000 0.035156 0.025000 0.026562
8 0.871875 0.045312 0.050000 0.046875
8 0.060156 0.540625 0.076563 0.075000
8 0.148438 0.516406 0.031250 0.026562
8 0.208594 0.514844 0.020313 0.023438
8 0.262500 0.514844 0.018750 0.023438
8 0.323437 0.515625 0.034375 0.025000
8 0.385156 0.510156 0.020313 0.014063
8 0.450781 0.528125 0.042188 0.050000
8 0.515625 0.510156 0.018750 0.014063
8 0.575000 0.515625 0.031250 0.025000
8 0.639844 0.518750 0.029687 0.031250
8 0.698438 0.511719 0.018750 0.017188
8 0.753125 0.513281 0.021875 0.020313
8 0.817969 0.517969 0.039062 0.029687
8 0.885938 0.521875 0.037500 0.037500
8 0.954688 0.510938 0.031250 0.015625
8 0.057813 0.642188 0.071875 0.059375
8 0.225781 0.625000 0.023438 0.025000
8 0.283594 0.623437 0.023438 0.021875
8 0.387500 0.635156 0.115625 0.045312
8 0.489063 0.624219 0.018750 0.023438
8 0.575000 0.650000 0.084375 0.075000
8 0.661719 0.627344 0.020313 0.029687
8 0.718750 0.622656 0.025000 0.020313
8 0.773438 0.617969 0.015625 0.010937
8 0.832812 0.627344 0.034375 0.029687
8 0.908594 0.631250 0.048438 0.037500
8 0.033594 0.733594 0.023438 0.023438
8 0.096094 0.734375 0.032813 0.025000
8 0.161719 0.732812 0.029687 0.021875
8 0.233594 0.739062 0.045312 0.034375
8 0.299219 0.732031 0.017188 0.020313
8 0.363281 0.742188 0.042188 0.040625
8 0.433594 0.731250 0.029687 0.018750
8 0.486719 0.728125 0.007812 0.012500
8 0.532031 0.727344 0.014063 0.010937
8 0.585938 0.731250 0.025000 0.018750
8 0.657031 0.742969 0.048438 0.042188
8 0.727344 0.731250 0.023438 0.018750
8 0.778906 0.728125 0.010937 0.012500
8 0.826562 0.730469 0.015625 0.017188
8 0.889062 0.743750 0.040625 0.043750
8 0.054688 0.842969 0.065625 0.085938
8 0.135156 0.811719 0.026562 0.023438
8 0.203906 0.825781 0.042188 0.051562
8 0.279687 0.825781 0.040625 0.051562
8 0.340625 0.807813 0.012500 0.015625
8 0.402344 0.817969 0.042188 0.035937
8 0.495312 0.823438 0.075000 0.046875
8 0.583594 0.812500 0.032813 0.025000
8 0.660156 0.824219 0.051562 0.048438
8 0.725781 0.806250 0.010937 0.012500
8 0.807813 0.845313 0.084375 0.090625
8 0.900781 0.816406 0.032813 0.032813
8 0.964844 0.818750 0.026562 0.037500
8 0.048438 0.944531 0.053125 0.039062
