8 0.036719 0.033594 0.029687 0.023438
8 0.149219 0.065625 0.126562 0.087500
8 0.266406 0.039844 0.039062 0.035937
8 0.329688 0.029687 0.018750 0.015625
8 0.400781 0.050000 0.054688 0.056250
8 0.477344 0.037500 0.029687 0.031250
8 0.567969 0.061719 0.082812 0.079687
8 0.667188 0.041406 0.046875 0.039062
8 0.739844 0.031250 0.029687 0.018750
8 0.830469 0.061719 0.082812 0.079687
8 0.075781 0.183594 0.107813 0.079687
8 0.190625 0.162500 0.053125 0.037500
8 0.260937 0.154688 0.018750 0.021875
8 0.317969 0.158594 0.026562 0.029687
8 0.378906 0.155469 0.026562 0.023438
8 0.432812 0.149219 0.012500 0.010937
8 0.497656 0.163281 0.048438 0.039062
8 0.575781 0.160156 0.039062 0.032813
8 0.661719 0.186719 0.064062 0.085938
8 0.736719 0.150781 0.017188 0.014063
8 0.790625 0.157031 0.021875 0.026562
8 0.850000 0.154688 0.028125 0.021875
8 0.909375 0.162500 0.021875 0.037500
8 0.962500 0.149219 0.015625 0.010937
8 0.057031 0.292187 0.070312 0.056250
8 0.138281 0.275781 0.023438 0.023438
8 0.203906 0.287500 0.039062 0.046875
8 0.268750 0.273438 0.021875 0.018750
8 0.353906 0.312500 0.079687 0.096875
8 0.434375 0.269531 0.012500 0.010937
8 0.487500 0.275781 0.025000 0.023438
8 0.561719 0.288281 0.054688 0.048438
8 0.639844 0.278906 0.032813 0.029687
8 0.706250 0.282813 0.031250 0.037500
8 0.807813 0.319531 0.103125 0.110937
8 0.905469 0.275000 0.023438 0.021875
8 0.960938 0.272656 0.018750 0.017188
8 0.110937 0.489063 0.178125 0.159375
8 0.253125 0.423438 0.037500 0.028125
8 0.313281 0.415625 0.014063 0.012500
8 0.388281 0.462500 0.067187 0.106250
8 0.486719 0.460156 0.060937 0.101562
8 0.614844 0.453125 0.126562 0.087500
8 0.726562 0.425000 0.028125 0.031250
8 0.785937 0.420312 0.021875 0.021875
8 0.839063 0.415625 0.015625 0.012500
8 0.892969 0.421875 0.023438 0.025000
8 0.953125 0.418750 0.028125 0.018750
8 0.054688 0.639844 0.065625 0.073438
8 0.129688 0.612500 0.015625 0.018750
