7 0.062500 0.051562 0.081250 0.059375
7 0.149219 0.033594 0.023438 0.023438
7 0.226562 0.045312 0.062500 0.046875
7 0.303906 0.033594 0.023438 0.023438
7 0.368750 0.043750 0.037500 0.043750
7 0.433594 0.031250 0.023438 0.018750
7 0.506250 0.053125 0.053125 0.062500
7 0.588281 0.039844 0.042188 0.035937
7 0.671875 0.060156 0.056250 0.076563
7 0.857031 0.054688 0.082812 0.065625
7 0.953125 0.039844 0.040625 0.035937
7 0.033594 0.144531 0.023438 0.023438
7 0.096875 0.154688 0.034375 0.043750
7 0.164844 0.145313 0.032813 0.025000
7 0.223438 0.139063 0.015625 0.012500
7 0.282813 0.146094 0.034375 0.026562
7 0.344531 0.139844 0.020313 0.014063
7 0.447656 0.240625 0.117188 0.215625
7 0.550781 0.146094 0.020313 0.026562
7 0.613281 0.153125 0.035937 0.040625
7 0.685156 0.145313 0.039062 0.025000
7 0.753906 0.146094 0.029687 0.026562
7 0.822656 0.156250 0.039062 0.046875
7 0.889062 0.148438 0.025000 0.031250
7 0.950781 0.143750 0.029687 0.021875
7 0.071094 0.464062 0.098437 0.162500
7 0.169531 0.393750 0.029687 0.021875
7 0.232813 0.393750 0.028125 0.021875
7 0.309375 0.402344 0.056250 0.039062
7 0.413281 0.412500 0.082812 0.059375
7 0.497656 0.392969 0.017188 0.020313
7 0.552344 0.391406 0.023438 0.017188
7 0.625781 0.407031 0.054688 0.048438
7 0.699219 0.393750 0.023438 0.021875
7 0.789062 0.422656 0.087500 0.079687
7 0.893750 0.408594 0.053125 0.051562
7 0.035937 0.596094 0.028125 0.032813
7 0.094531 0.588281 0.020313 0.017188
7 0.153125 0.589844 0.028125 0.020313
7 0.214062 0.596094 0.025000 0.032813
7 0.291406 0.611719 0.060937 0.064062
7 0.396094 0.651563 0.079687 0.143750
7 0.482031 0.589063 0.023438 0.018750
7 0.558594 0.609375 0.060937 0.059375
7 0.639844 0.594531 0.032813 0.029687
7 0.710156 0.593750 0.039062 0.028125
7 0.780469 0.596094 0.032813 0.032813
7 0.846094 0.591406 0.029687 0.023438
7 0.925781 0.598437 0.060937 0.037500
7 0.032031 0.767188 0.020313 0.018750
7 0.100781 0.782031 0.048438 0.048438
7 0.174219 0.771875 0.029687 0.028125
7 0.246094 0.785937 0.045312 0.056250
7 0.416406 0.817969 0.226562 0.120313
7 0.577344 0.768750 0.026562 0.021875
7 0.640625 0.770312 0.031250 0.025000
7 0.702344 0.764844 0.023438 0.014063
7 0.758594 0.770312 0.020313 0.025000
7 0.821094 0.775781 0.035937 0.035937
7 0.888281 0.774219 0.029687 0.032813
7 0.950781 0.767188 0.026562 0.018750
7 0.052344 0.932813 0.060937 0.040625
7 0.133594 0.924219 0.032813 0.023438
7 0.192969 0.923438 0.017188 0.021875
