7 0.047656 0.060156 0.051562 0.076563
7 0.178906 0.090625 0.142187 0.137500
7 0.296094 0.032031 0.023438 0.020313
7 0.375000 0.035937 0.065625 0.028125
7 0.466406 0.057031 0.048438 0.070312
7 0.551562 0.050000 0.053125 0.056250
7 0.632812 0.039844 0.040625 0.035937
7 0.702344 0.035156 0.029687 0.026562
7 0.766406 0.033594 0.029687 0.023438
7 0.827344 0.036719 0.023438 0.029687
7 0.885938 0.034375 0.025000 0.025000
7 0.052344 0.226562 0.060937 0.065625
7 0.131250 0.207031 0.028125 0.026562
7 0.191406 0.207031 0.023438 0.026562
7 0.251563 0.189062 0.028125 0.015625
7 0.313281 0.206250 0.026562 0.025000
7 0.380469 0.211719 0.039062 0.042188
7 0.441406 0.203125 0.014063 0.018750
7 0.492188 0.202344 0.018750 0.017188
7 0.582812 0.220312 0.093750 0.053125
7 0.725000 0.254688 0.121875 0.121875
7 0.832031 0.206250 0.023438 0.025000
7 0.889062 0.203125 0.021875 0.018750
7 0.950000 0.207031 0.031250 0.026562
7 0.034375 0.361719 0.025000 0.023438
7 0.120313 0.385156 0.078125 0.070312
7 0.217969 0.374219 0.048438 0.048438
7 0.292969 0.365625 0.032813 0.031250
7 0.367969 0.370312 0.048438 0.040625
7 0.438281 0.361719 0.023438 0.023438
7 0.507812 0.370312 0.046875 0.040625
7 0.579688 0.360156 0.028125 0.020313
7 0.639062 0.360938 0.021875 0.021875
7 0.691406 0.359375 0.014063 0.018750
7 0.750000 0.368750 0.034375 0.037500
7 0.819531 0.367188 0.035937 0.034375
7 0.884375 0.362500 0.025000 0.025000
7 0.941406 0.357812 0.020313 0.015625
7 0.033594 0.467187 0.023438 0.025000
7 0.097656 0.467969 0.035937 0.026562
7 0.161719 0.466406 0.023438 0.023438
7 0.219531 0.463281 0.023438 0.017188
7 0.275000 0.463281 0.018750 0.017188
7 0.342969 0.476562 0.048438 0.043750
7 0.417969 0.473438 0.032813 0.037500
7 0.480469 0.461719 0.023438 0.014063
7 0.539844 0.467187 0.026562 0.025000
7 0.600000 0.466406 0.025000 0.023438
7 0.667188 0.469531 0.040625 0.029687
7 0.731250 0.464062 0.018750 0.018750
7 0.791406 0.470313 0.032813 0.031250
7 0.875781 0.490625 0.067187 0.071875
7 0.953125 0.464844 0.018750 0.020313
7 0.041406 0.578125 0.039062 0.034375
7 0.113281 0.579688 0.035937 0.037500
7 0.175781 0.570312 0.020313 0.018750
7 0.239063 0.573438 0.037500 0.025000
7 0.310937 0.583594 0.037500 0.045312
7 0.373437 0.571094 0.018750 0.020313
7 0.431250 0.569531 0.028125 0.017188
7 0.491406 0.572656 0.023438 0.023438
7 0.553906 0.572656 0.032813 0.023438
7 0.637500 0.586719 0.065625 0.051562
7 0.721875 0.582812 0.034375 0.043750
7 0.785937 0.574219 0.025000 0.026562
7 0.178125 0.810937 0.312500 0.328125
7 0.396875 0.653125 0.056250 0.034375
7 0.473438 0.658594 0.028125 0.023438
7 0.547656 0.668750 0.051562 0.043750
7 0.618750 0.660156 0.021875 0.026562
7 0.671094 0.657813 0.014063 0.021875
7 0.725781 0.657031 0.026562 0.020313
7 0.796875 0.666406 0.046875 0.039062
7 0.871094 0.664062 0.032813 0.034375
7 0.941406 0.660156 0.039062 0.026562
