7 0.066406 0.105469 0.089063 0.167187
7 0.162500 0.044531 0.034375 0.045312
7 0.242969 0.054688 0.057813 0.065625
7 0.326562 0.033594 0.040625 0.023438
7 0.407031 0.046094 0.051562 0.048438
7 0.478125 0.031250 0.021875 0.018750
7 0.548438 0.042969 0.050000 0.042188
7 0.627344 0.044531 0.039062 0.045312
7 0.695312 0.036719 0.028125 0.029687
7 0.757812 0.034375 0.028125 0.025000
7 0.819531 0.032813 0.026562 0.021875
7 0.883594 0.037500 0.032813 0.031250
7 0.053125 0.257812 0.062500 0.068750
7 0.142969 0.245312 0.048438 0.043750
7 0.211719 0.233594 0.020313 0.020313
7 0.266406 0.237500 0.020313 0.028125
7 0.340625 0.253125 0.059375 0.059375
7 0.410938 0.229687 0.012500 0.012500
7 0.465625 0.242188 0.028125 0.037500
7 0.530469 0.242188 0.032813 0.037500
7 0.592187 0.233594 0.021875 0.020313
7 0.648438 0.229687 0.021875 0.012500
7 0.711719 0.235156 0.035937 0.023438
7 0.772656 0.231250 0.017188 0.015625
7 0.827344 0.235937 0.023438 0.025000
7 0.889844 0.238281 0.032813 0.029687
7 0.952344 0.240625 0.023438 0.034375
7 0.039844 0.350781 0.035937 0.048438
7 0.125781 0.362500 0.067187 0.071875
7 0.209375 0.339844 0.031250 0.026562
7 0.271094 0.338281 0.023438 0.023438
7 0.325000 0.338281 0.015625 0.023438
7 0.380469 0.338281 0.026562 0.023438
7 0.442188 0.335938 0.028125 0.018750
7 0.500781 0.335156 0.020313 0.017188
7 0.563281 0.345313 0.035937 0.037500
7 0.628906 0.339062 0.026562 0.025000
7 0.693750 0.342969 0.034375 0.032813
7 0.759375 0.340625 0.028125 0.028125
7 0.828906 0.350781 0.042188 0.048438
7 0.903906 0.344531 0.039062 0.035937
7 0.071094 0.514062 0.098437 0.162500
7 0.165625 0.442188 0.021875 0.018750
7 0.225781 0.447656 0.029687 0.029687
7 0.295312 0.468750 0.040625 0.071875
7 0.363281 0.447656 0.026562 0.029687
7 0.421875 0.443750 0.021875 0.021875
7 0.482812 0.446094 0.031250 0.026562
7 0.538281 0.439844 0.010937 0.014063
7 0.589844 0.446094 0.023438 0.026562
7 0.663281 0.464844 0.054688 0.064062
7 0.786719 0.531250 0.123438 0.196875
7 0.889844 0.439844 0.014063 0.014063
7 0.942969 0.446094 0.023438 0.026562
7 0.038281 0.678125 0.032813 0.028125
7 0.107031 0.682031 0.035937 0.035937
7 0.182812 0.686719 0.046875 0.045312
7 0.250000 0.673438 0.018750 0.018750
7 0.311719 0.681250 0.035937 0.034375
