7 0.049219 0.066406 0.054688 0.089063
7 0.121094 0.036719 0.020313 0.029687
7 0.183594 0.035937 0.035937 0.028125
7 0.245312 0.028906 0.018750 0.014063
7 0.303906 0.040625 0.029687 0.037500
7 0.360156 0.031250 0.014063 0.018750
7 0.415625 0.037500 0.028125 0.031250
7 0.489063 0.035156 0.050000 0.026562
7 0.571875 0.035937 0.046875 0.028125
7 0.636719 0.032031 0.014063 0.020313
7 0.689063 0.032031 0.021875 0.020313
7 0.747656 0.031250 0.026562 0.018750
7 0.821094 0.041406 0.051562 0.039062
7 0.896094 0.037500 0.029687 0.031250
7 0.960156 0.039062 0.029687 0.034375
7 0.034375 0.162500 0.025000 0.034375
7 0.096875 0.160156 0.031250 0.029687
7 0.157812 0.153125 0.021875 0.015625
7 0.214844 0.158594 0.023438 0.026562
7 0.279687 0.162500 0.037500 0.034375
7 0.349219 0.160938 0.032813 0.031250
7 0.418750 0.160156 0.037500 0.029687
7 0.507031 0.180469 0.070312 0.070312
7 0.591406 0.157031 0.029687 0.023438
7 0.652344 0.157031 0.023438 0.023438
7 0.717187 0.160156 0.037500 0.029687
7 0.789062 0.167969 0.037500 0.045312
7 0.856250 0.155469 0.028125 0.020313
7 0.925000 0.169531 0.040625 0.048438
7 0.042969 0.275781 0.042188 0.051562
7 0.190625 0.352344 0.184375 0.204687
7 0.336719 0.264844 0.039062 0.029687
7 0.421875 0.278906 0.062500 0.057813
7 0.509375 0.270313 0.043750 0.040625
7 0.585938 0.269531 0.040625 0.039062
7 0.674219 0.279687 0.067187 0.059375
7 0.768750 0.269531 0.053125 0.039062
7 0.857031 0.274219 0.054688 0.048438
7 0.936719 0.268750 0.035937 0.037500
7 0.033594 0.496875 0.023438 0.015625
7 0.095312 0.501563 0.031250 0.025000
7 0.200781 0.524219 0.110937 0.070312
7 0.303906 0.505469 0.026562 0.032813
7 0.372656 0.511719 0.042188 0.045312
7 0.444531 0.505469 0.032813 0.032813
7 0.507031 0.500781 0.023438 0.023438
7 0.567969 0.502344 0.029687 0.026562
7 0.630469 0.505469 0.026562 0.032813
7 0.720313 0.523438 0.084375 0.068750
7 0.822656 0.510156 0.051562 0.042188
7 0.892969 0.500781 0.020313 0.023438
7 0.948438 0.498437 0.021875 0.018750
7 0.034375 0.604688 0.025000 0.021875
7 0.105469 0.613281 0.048438 0.039062
7 0.185156 0.614062 0.042188 0.040625
7 0.260937 0.617969 0.040625 0.048438
7 0.324219 0.607812 0.017188 0.028125
7 0.385156 0.612500 0.035937 0.037500
7 0.457031 0.615625 0.039062 0.043750
7 0.527344 0.607031 0.032813 0.026562
7 0.600781 0.604688 0.045312 0.021875
7 0.672656 0.607031 0.029687 0.026562
7 0.734375 0.606250 0.025000 0.025000
7 0.796094 0.614062 0.029687 0.040625
7 0.857812 0.607812 0.025000 0.028125
7 0.914844 0.603125 0.020313 0.018750
7 0.035156 0.688281 0.026562 0.023438
7 0.095312 0.688281 0.025000 0.023438
7 0.156250 0.685937 0.028125 0.018750
7 0.216406 0.691406 0.023438 0.029687
7 0.277344 0.692969 0.029687 0.032813
7 0.375000 0.738281 0.096875 0.123438
7 0.484375 0.703125 0.053125 0.053125
7 0.557031 0.694531 0.023438 0.035937
7 0.617188 0.689844 0.028125 0.026562
7 0.677344 0.690625 0.023438 0.028125
7 0.740625 0.693750 0.034375 0.034375
7 0.807813 0.688281 0.031250 0.023438
7 0.888281 0.704688 0.060937 0.056250
7 0.044531 0.857031 0.045312 0.045312
7 0.117188 0.853906 0.031250 0.039062
7 0.182031 0.846875 0.029687 0.025000
7 0.251563 0.849219 0.040625 0.029687
7 0.320312 0.846094 0.028125 0.023438
7 0.396094 0.854688 0.054688 0.040625
7 0.470313 0.844531 0.025000 0.020313
7 0.526563 0.846875 0.018750 0.025000
7 0.585156 0.847656 0.029687 0.026562
7 0.647656 0.852344 0.026562 0.035937
7 0.703906 0.842187 0.017188 0.015625
7 0.766406 0.851562 0.039062 0.034375
7 0.829688 0.843750 0.018750 0.018750
7 0.877344 0.839844 0.007812 0.010937
7 0.932031 0.855469 0.032813 0.042188
7 0.038281 0.929688 0.032813 0.031250
7 0.098437 0.920312 0.018750 0.012500
7 0.151562 0.925781 0.018750 0.023438
