7 0.093750 0.107813 0.143750 0.171875
7 0.224219 0.068750 0.048438 0.093750
7 0.295312 0.033594 0.025000 0.023438
7 0.369531 0.043750 0.054688 0.043750
7 0.445312 0.035156 0.028125 0.026562
7 0.505469 0.028906 0.023438 0.014063
7 0.569531 0.040625 0.035937 0.037500
7 0.669531 0.049219 0.095312 0.054688
7 0.769531 0.039062 0.035937 0.034375
7 0.842969 0.041406 0.042188 0.039062
7 0.908594 0.034375 0.020313 0.025000
7 0.039062 0.242188 0.034375 0.028125
7 0.107031 0.254688 0.032813 0.053125
7 0.178125 0.240625 0.040625 0.025000
7 0.241406 0.236719 0.017188 0.017188
7 0.297656 0.236719 0.026562 0.017188
7 0.358594 0.232813 0.026562 0.015625
7 0.427344 0.245312 0.042188 0.034375
7 0.498437 0.240625 0.031250 0.025000
7 0.565625 0.220312 0.034375 0.009375
7 0.632812 0.243750 0.031250 0.031250
7 0.695312 0.239063 0.025000 0.021875
7 0.757031 0.244531 0.029687 0.032813
7 0.829688 0.246875 0.046875 0.037500
7 0.903906 0.240625 0.032813 0.025000
7 0.035937 0.328125 0.028125 0.025000
7 0.103125 0.332031 0.037500 0.032813
7 0.197656 0.355469 0.082812 0.079687
7 0.292969 0.337500 0.039062 0.043750
7 0.356250 0.328125 0.018750 0.025000
7 0.425000 0.332031 0.050000 0.032813
7 0.507812 0.345313 0.046875 0.059375
7 0.594531 0.331250 0.057813 0.031250
7 0.675781 0.333594 0.035937 0.035937
7 0.753906 0.332031 0.051562 0.032813
7 0.821875 0.324219 0.015625 0.017188
7 0.875781 0.327344 0.023438 0.023438
7 0.930469 0.323437 0.017188 0.015625
7 0.032031 0.441406 0.020313 0.023438
7 0.089063 0.444531 0.025000 0.029687
7 0.147656 0.446094 0.023438 0.032813
7 0.235156 0.480469 0.082812 0.101562
7 0.324219 0.442188 0.026562 0.025000
7 0.386719 0.444531 0.029687 0.029687
7 0.446875 0.435937 0.021875 0.012500
7 0.503906 0.443750 0.023438 0.028125
7 0.562500 0.441406 0.025000 0.023438
7 0.628906 0.450000 0.039062 0.040625
7 0.701562 0.441406 0.037500 0.023438
7 0.773438 0.455469 0.037500 0.051562
7 0.835938 0.441406 0.018750 0.023438
7 0.910156 0.461719 0.060937 0.064062
7 0.032031 0.575781 0.020313 0.020313
7 0.139844 0.574219 0.017188 0.017188
7 0.205469 0.586719 0.045312 0.042188
7 0.282813 0.586719 0.040625 0.042188
7 0.346094 0.574219 0.017188 0.017188
7 0.409375 0.582031 0.040625 0.032813
7 0.481250 0.575781 0.034375 0.020313
7 0.585156 0.597656 0.104688 0.064062
7 0.694531 0.584375 0.045312 0.037500
7 0.765625 0.579688 0.028125 0.028125
7 0.821875 0.571875 0.015625 0.012500
7 0.887500 0.585156 0.046875 0.039062
7 0.957031 0.573438 0.023438 0.015625
7 0.035937 0.675781 0.028125 0.023438
7 0.106250 0.686719 0.043750 0.045312
7 0.181250 0.680469 0.037500 0.032813
7 0.246875 0.677344 0.025000 0.026562
7 0.390625 0.742188 0.193750 0.156250
7 0.531250 0.672656 0.018750 0.017188
7 0.585938 0.671094 0.021875 0.014063
7 0.650781 0.687500 0.039062 0.046875
7 0.711719 0.689063 0.035937 0.050000
7 0.776563 0.675781 0.025000 0.023438
7 0.828125 0.673438 0.009375 0.018750
7 0.875781 0.675000 0.017188 0.021875
7 0.938281 0.682031 0.039062 0.035937
7 0.033594 0.871094 0.023438 0.032813
7 0.112500 0.878906 0.065625 0.048438
7 0.211719 0.875781 0.064062 0.042188
7 0.292969 0.871094 0.029687 0.032813
7 0.353906 0.867969 0.023438 0.026562
7 0.412500 0.871875 0.025000 0.034375
7 0.476562 0.871094 0.034375 0.032813
7 0.537500 0.867969 0.018750 0.026562
7 0.608594 0.873437 0.054688 0.037500
7 0.697656 0.878125 0.054688 0.046875
7 0.860156 0.877344 0.039062 0.045312
7 0.925000 0.863281 0.021875 0.017188
7 0.032031 0.946875 0.020313 0.018750
7 0.092969 0.947656 0.032813 0.020313
7 0.157812 0.956250 0.028125 0.037500
7 0.238281 0.948438 0.064062 0.021875
7 0.321094 0.949219 0.032813 0.023438
