7 0.042188 0.043750 0.040625 0.043750
7 0.131250 0.049219 0.068750 0.054688
7 0.221094 0.038281 0.042188 0.032813
7 0.288281 0.036719 0.023438 0.029687
7 0.346094 0.035937 0.023438 0.028125
7 0.408594 0.039062 0.032813 0.034375
7 0.539062 0.141406 0.159375 0.239063
7 0.664844 0.035937 0.023438 0.028125
7 0.727344 0.037500 0.032813 0.031250
7 0.135937 0.368750 0.228125 0.146875
7 0.299219 0.314844 0.029687 0.039062
7 0.360156 0.305469 0.023438 0.020313
7 0.448437 0.348438 0.084375 0.106250
7 0.535156 0.303906 0.020313 0.017188
7 0.592187 0.308594 0.025000 0.026562
7 0.661719 0.318750 0.045312 0.046875
7 0.740625 0.315625 0.043750 0.040625
7 0.810937 0.306250 0.028125 0.021875
7 0.881250 0.310937 0.043750 0.031250
7 0.059375 0.500000 0.075000 0.046875
7 0.143750 0.488281 0.025000 0.023438
7 0.202344 0.489844 0.023438 0.026562
7 0.267188 0.493750 0.037500 0.034375
7 0.389844 0.533594 0.139063 0.114062
7 0.530469 0.507031 0.073438 0.060937
7 0.616406 0.489844 0.029687 0.026562
7 0.680469 0.491406 0.029687 0.029687
7 0.749219 0.492188 0.039062 0.031250
7 0.817187 0.491406 0.028125 0.029687
7 0.885938 0.496875 0.040625 0.040625
7 0.957031 0.489844 0.032813 0.026562
7 0.031250 0.633594 0.018750 0.017188
7 0.096094 0.639844 0.042188 0.029687
7 0.169531 0.641406 0.035937 0.032813
7 0.232031 0.633594 0.020313 0.017188
7 0.289844 0.641406 0.026562 0.032813
7 0.357031 0.646875 0.039062 0.043750
7 0.430469 0.644531 0.039062 0.039062
7 0.495312 0.637500 0.021875 0.025000
7 0.653906 0.685156 0.226562 0.120313
7 0.813281 0.636719 0.023438 0.023438
7 0.885156 0.649219 0.051562 0.048438
7 0.082031 0.814063 0.120313 0.068750
7 0.190625 0.792188 0.028125 0.025000
7 0.303906 0.826562 0.129688 0.093750
7 0.422656 0.800000 0.039062 0.040625
7 0.499219 0.807813 0.045312 0.056250
7 0.579688 0.803906 0.046875 0.048438
7 0.662500 0.812500 0.050000 0.065625
7 0.745313 0.807813 0.046875 0.056250
7 0.812500 0.788281 0.018750 0.017188
7 0.883594 0.830469 0.054688 0.101562
7 0.959375 0.791406 0.028125 0.023438
7 0.032031 0.924219 0.020313 0.017188
7 0.083594 0.922656 0.014063 0.014063
7 0.136719 0.928906 0.023438 0.026562
7 0.203906 0.932031 0.042188 0.032813
7 0.271875 0.928906 0.025000 0.026562
7 0.358594 0.936719 0.079687 0.042188
7 0.452344 0.932813 0.039062 0.034375
7 0.517969 0.928906 0.023438 0.026562
