8 0.192188 0.346094 0.340625 0.648438
8 0.411719 0.039844 0.029687 0.035937
8 0.475781 0.041406 0.029687 0.039062
8 0.573438 0.057813 0.096875 0.071875
8 0.669531 0.032813 0.026562 0.021875
8 0.723437 0.028906 0.012500 0.014063
8 0.772656 0.029687 0.017188 0.015625
8 0.831250 0.038281 0.031250 0.032813
8 0.892969 0.032031 0.023438 0.020313
8 0.950781 0.032031 0.023438 0.020313
8 0.046875 0.696875 0.050000 0.040625
8 0.122656 0.687500 0.032813 0.021875
8 0.255469 0.695312 0.048438 0.037500
8 0.360156 0.710938 0.092188 0.068750
8 0.452344 0.685937 0.023438 0.018750
8 0.507031 0.693750 0.017188 0.034375
8 0.572656 0.695312 0.045312 0.037500
8 0.659375 0.700000 0.059375 0.046875
8 0.739844 0.689063 0.032813 0.025000
8 0.805469 0.691406 0.029687 0.029687
8 0.865625 0.689844 0.021875 0.026562
8 0.031250 0.785937 0.018750 0.012500
8 0.087500 0.791406 0.025000 0.023438
8 0.162500 0.829688 0.056250 0.100000
8 0.237500 0.789062 0.025000 0.018750
8 0.315625 0.819531 0.062500 0.079687
8 0.410938 0.815625 0.059375 0.071875
8 0.492969 0.794531 0.035937 0.029687
