8 0.235156 0.237500 0.426563 0.431250
8 0.501563 0.035937 0.037500 0.028125
8 0.593750 0.053125 0.078125 0.062500
8 0.686719 0.044531 0.039062 0.045312
8 0.756250 0.034375 0.031250 0.025000
8 0.820312 0.033594 0.028125 0.023438
8 0.907813 0.066406 0.078125 0.089063
8 0.064844 0.517188 0.085938 0.059375
8 0.153125 0.500781 0.021875 0.026562
8 0.219531 0.517969 0.042188 0.060937
8 0.316406 0.530469 0.082812 0.085938
8 0.403125 0.497656 0.021875 0.020313
8 0.463281 0.499219 0.029687 0.023438
8 0.530469 0.510938 0.035937 0.046875
8 0.596094 0.503125 0.026562 0.031250
8 0.655469 0.495312 0.023438 0.015625
8 0.717187 0.509375 0.031250 0.043750
8 0.792969 0.510156 0.051562 0.045312
8 0.868750 0.499219 0.031250 0.023438
8 0.934375 0.496875 0.031250 0.018750
8 0.039062 0.625000 0.034375 0.034375
8 0.103125 0.621094 0.025000 0.026562
8 0.163281 0.619531 0.026562 0.023438
8 0.227344 0.619531 0.032813 0.023438
8 0.297656 0.627344 0.039062 0.039062
8 0.367969 0.627344 0.032813 0.039062
8 0.441406 0.626563 0.045312 0.037500
8 0.508594 0.619531 0.020313 0.023438
8 0.573438 0.626563 0.040625 0.037500
8 0.676562 0.657031 0.096875 0.098437
8 0.792188 0.633594 0.065625 0.051562
8 0.878125 0.622656 0.037500 0.029687
8 0.954688 0.628125 0.046875 0.040625
8 0.038281 0.756250 0.032813 0.031250
8 0.108594 0.757031 0.039062 0.032813
8 0.185938 0.760938 0.046875 0.040625
8 0.273438 0.761719 0.059375 0.042188
8 0.382031 0.807031 0.089063 0.132812
8 0.468750 0.746094 0.015625 0.010937
8 0.521094 0.747656 0.020313 0.014063
8 0.594531 0.768750 0.057813 0.056250
8 0.667969 0.746875 0.020313 0.012500
8 0.732031 0.753906 0.039062 0.026562
8 0.802344 0.776563 0.054688 0.071875
8 0.871875 0.747656 0.015625 0.014063
8 0.928906 0.753906 0.029687 0.026562
8 0.032813 0.919531 0.021875 0.023438
8 0.094531 0.921094 0.032813 0.026562
8 0.150781 0.912500 0.010937 0.009375
8 0.204687 0.923438 0.028125 0.031250
8 0.271875 0.921875 0.037500 0.028125
8 0.339844 0.919531 0.029687 0.023438
8 0.399219 0.917969 0.020313 0.020313
8 0.460938 0.921094 0.034375 0.026562
8 0.522656 0.921094 0.020313 0.026562
