7 0.046875 0.060937 0.050000 0.078125
7 0.156250 0.067969 0.100000 0.092188
7 0.254688 0.038281 0.028125 0.032813
7 0.321875 0.036719 0.037500 0.029687
7 0.386719 0.035937 0.023438 0.028125
7 0.447656 0.036719 0.029687 0.029687
7 0.508594 0.031250 0.023438 0.018750
7 0.583594 0.040625 0.057813 0.037500
7 0.667188 0.047656 0.040625 0.051562
7 0.738281 0.032031 0.032813 0.020313
7 0.801562 0.038281 0.025000 0.032813
7 0.862500 0.035156 0.028125 0.026562
7 0.930469 0.044531 0.039062 0.045312
7 0.037500 0.165625 0.031250 0.034375
7 0.115625 0.171094 0.056250 0.045312
7 0.195312 0.164062 0.034375 0.031250
7 0.257812 0.158594 0.021875 0.020313
7 0.330469 0.161719 0.054688 0.026562
7 0.408594 0.157812 0.032813 0.018750
7 0.473438 0.157031 0.028125 0.017188
7 0.541406 0.165625 0.039062 0.034375
7 0.614062 0.171094 0.037500 0.045312
7 0.682031 0.162500 0.029687 0.028125
7 0.761719 0.175781 0.060937 0.054688
7 0.849219 0.164844 0.045312 0.032813
7 0.914062 0.156250 0.015625 0.015625
7 0.046094 0.280469 0.048438 0.085938
7 0.275781 0.317969 0.185938 0.160938
7 0.412500 0.246094 0.018750 0.017188
7 0.466406 0.250781 0.020313 0.026562
7 0.529687 0.278125 0.037500 0.081250
7 0.600000 0.249219 0.034375 0.023438
7 0.664844 0.255469 0.026562 0.035937
7 0.725781 0.247656 0.026562 0.020313
7 0.787500 0.249219 0.028125 0.023438
7 0.863281 0.253906 0.054688 0.032813
7 0.932813 0.246094 0.015625 0.017188
7 0.044531 0.455469 0.045312 0.045312
7 0.119531 0.448437 0.035937 0.031250
7 0.196094 0.457031 0.048438 0.048438
7 0.271875 0.445312 0.034375 0.025000
7 0.329688 0.445312 0.012500 0.025000
7 0.382031 0.446094 0.023438 0.026562
7 0.457031 0.441406 0.057813 0.017188
7 0.569531 0.507031 0.098437 0.148438
7 0.666406 0.442969 0.026562 0.020313
7 0.731250 0.451562 0.034375 0.037500
7 0.803906 0.451562 0.042188 0.037500
7 0.869531 0.441406 0.020313 0.017188
7 0.928906 0.449219 0.029687 0.032813
7 0.049219 0.640625 0.054688 0.050000
7 0.134375 0.635938 0.046875 0.040625
7 0.203906 0.625000 0.023438 0.018750
7 0.291406 0.655469 0.082812 0.079687
7 0.379688 0.632812 0.025000 0.034375
7 0.455469 0.642188 0.057813 0.053125
7 0.552344 0.640625 0.067187 0.050000
7 0.632031 0.626563 0.023438 0.021875
7 0.696875 0.621875 0.037500 0.037500
7 0.763281 0.628906 0.026562 0.026562
7 0.828125 0.626563 0.034375 0.021875
7 0.901563 0.634375 0.043750 0.037500
7 0.036719 0.740625 0.029687 0.021875
7 0.105469 0.746094 0.039062 0.032813
7 0.172656 0.738281 0.026562 0.017188
7 0.233594 0.746875 0.026562 0.034375
7 0.305469 0.750000 0.048438 0.040625
7 0.375781 0.738281 0.023438 0.017188
7 0.435937 0.741406 0.028125 0.023438
7 0.493750 0.742969 0.018750 0.026562
7 0.545312 0.742188 0.015625 0.025000
7 0.646094 0.770312 0.117188 0.081250
7 0.754687 0.744531 0.031250 0.029687
7 0.818750 0.744531 0.028125 0.029687
7 0.890625 0.792188 0.046875 0.125000
7 0.962500 0.740625 0.028125 0.021875
7 0.035156 0.905469 0.026562 0.032813
7 0.100000 0.903125 0.034375 0.028125
7 0.167969 0.905469 0.032813 0.032813
7 0.234375 0.902344 0.031250 0.026562
7 0.304688 0.908594 0.040625 0.039062
7 0.384375 0.910937 0.050000 0.043750
7 0.455469 0.897656 0.023438 0.017188
7 0.526563 0.916406 0.050000 0.054688
7 0.600000 0.903125 0.028125 0.028125
7 0.662500 0.903125 0.028125 0.028125
7 0.721875 0.901563 0.021875 0.025000
7 0.778906 0.898438 0.023438 0.018750
7 0.842969 0.901563 0.035937 0.025000
7 0.919531 0.913281 0.048438 0.048438
