7 0.100000 0.085938 0.156250 0.128125
7 0.244531 0.068750 0.064062 0.093750
7 0.333594 0.041406 0.045312 0.039062
7 0.412500 0.035156 0.043750 0.026562
7 0.479687 0.035937 0.021875 0.028125
7 0.544531 0.035937 0.039062 0.028125
7 0.633594 0.058594 0.070312 0.073438
7 0.713281 0.035156 0.020313 0.026562
7 0.777344 0.044531 0.039062 0.045312
7 0.842187 0.032031 0.021875 0.020313
7 0.900781 0.032813 0.026562 0.021875
7 0.042188 0.199219 0.040625 0.029687
7 0.110937 0.197656 0.028125 0.026562
7 0.196094 0.233594 0.073438 0.098437
7 0.278906 0.194531 0.023438 0.020313
7 0.334375 0.194531 0.018750 0.020313
7 0.398438 0.198437 0.040625 0.028125
7 0.480469 0.185938 0.054688 0.028125
7 0.625781 0.240625 0.095312 0.112500
7 0.730469 0.213281 0.045312 0.057813
7 0.801562 0.199219 0.028125 0.029687
7 0.890625 0.217969 0.081250 0.067187
7 0.035937 0.343750 0.028125 0.025000
7 0.180469 0.375781 0.192188 0.089063
7 0.325781 0.347656 0.029687 0.032813
7 0.389062 0.350000 0.028125 0.037500
7 0.459375 0.351562 0.043750 0.040625
7 0.528125 0.344531 0.025000 0.026562
7 0.599219 0.360156 0.048438 0.057813
7 0.668750 0.340625 0.021875 0.018750
7 0.725781 0.342969 0.023438 0.023438
7 0.780469 0.345313 0.017188 0.028125
7 0.830469 0.339844 0.014063 0.017188
7 0.885938 0.345313 0.028125 0.028125
7 0.949219 0.344531 0.029687 0.026562
7 0.038281 0.469531 0.032813 0.029687
7 0.103906 0.457031 0.029687 0.023438
7 0.167187 0.473438 0.028125 0.037500
7 0.227344 0.466406 0.023438 0.023438
7 0.286719 0.467969 0.026562 0.026562
7 0.351562 0.477344 0.034375 0.045312
7 0.414844 0.464844 0.023438 0.020313
7 0.477344 0.464062 0.032813 0.018750
7 0.539062 0.462500 0.021875 0.015625
7 0.606250 0.476562 0.043750 0.043750
7 0.675781 0.469531 0.026562 0.029687
7 0.750781 0.478906 0.054688 0.048438
7 0.826562 0.464844 0.028125 0.020313
7 0.885938 0.466406 0.021875 0.023438
7 0.946094 0.464844 0.029687 0.020313
7 0.035937 0.554688 0.028125 0.034375
7 0.151562 0.607031 0.134375 0.139063
7 0.259375 0.552344 0.025000 0.029687
7 0.348438 0.578906 0.084375 0.082812
7 0.438281 0.544531 0.026562 0.014063
7 0.512500 0.566406 0.053125 0.057813
7 0.587500 0.553125 0.028125 0.031250
7 0.644531 0.542188 0.017188 0.009375
7 0.702344 0.548438 0.029687 0.021875
7 0.771094 0.553906 0.039062 0.032813
7 0.839844 0.557031 0.029687 0.039062
7 0.917969 0.563281 0.057813 0.051562
7 0.032813 0.719531 0.021875 0.017188
7 0.093750 0.721875 0.031250 0.021875
7 0.153906 0.723437 0.020313 0.025000
7 0.220312 0.723437 0.043750 0.025000
7 0.303906 0.728906 0.054688 0.035937
7 0.380469 0.728125 0.029687 0.034375
7 0.460938 0.746094 0.062500 0.070312
7 0.539844 0.722656 0.026562 0.023438
7 0.615625 0.717187 0.056250 0.034375
7 0.687500 0.723437 0.018750 0.025000
7 0.771094 0.760156 0.079687 0.098437
7 0.863281 0.722656 0.035937 0.023438
7 0.938281 0.727344 0.045312 0.032813
7 0.040625 0.861719 0.037500 0.035937
7 0.113281 0.855469 0.039062 0.023438
7 0.199219 0.879687 0.064062 0.071875
7 0.285938 0.862500 0.040625 0.037500
7 0.355469 0.848437 0.029687 0.009375
7 0.417969 0.854688 0.026562 0.021875
7 0.475781 0.850781 0.020313 0.014063
7 0.542969 0.862500 0.045312 0.037500
7 0.614844 0.853906 0.029687 0.020313
7 0.677344 0.856250 0.026562 0.025000
7 0.739062 0.858594 0.028125 0.029687
7 0.813281 0.873437 0.051562 0.059375
7 0.889062 0.853125 0.031250 0.018750
7 0.947656 0.851562 0.017188 0.015625
7 0.030469 0.961719 0.017188 0.023438
7 0.083594 0.958594 0.020313 0.017188
7 0.138281 0.963281 0.020313 0.026562
