8 0.260937 0.267969 0.478125 0.492188
8 0.542969 0.029687 0.017188 0.015625
8 0.595313 0.030469 0.018750 0.017188
8 0.653906 0.035156 0.029687 0.026562
8 0.745313 0.059375 0.084375 0.075000
8 0.838281 0.039844 0.032813 0.035937
8 0.043750 0.567187 0.043750 0.037500
8 0.120313 0.582031 0.040625 0.067187
8 0.206250 0.578906 0.062500 0.060937
8 0.280469 0.554688 0.017188 0.012500
8 0.341406 0.564844 0.035937 0.032813
8 0.400781 0.553906 0.014063 0.010937
8 0.449219 0.557031 0.014063 0.017188
8 0.496094 0.554688 0.010937 0.012500
8 0.566406 0.596094 0.060937 0.095312
8 0.660937 0.574219 0.059375 0.051562
8 0.749219 0.562500 0.048438 0.028125
8 0.818750 0.559375 0.021875 0.021875
8 0.889062 0.567969 0.050000 0.039062
8 0.958594 0.553906 0.020313 0.010937
8 0.028906 0.685156 0.014063 0.014063
8 0.100781 0.714844 0.060937 0.073438
8 0.181250 0.696094 0.031250 0.035937
8 0.282813 0.728125 0.103125 0.100000
8 0.382812 0.691406 0.028125 0.026562
8 0.450781 0.694531 0.039062 0.032813
8 0.526563 0.709375 0.043750 0.062500
8 0.589844 0.682813 0.014063 0.009375
8 0.689063 0.715625 0.115625 0.075000
8 0.793750 0.689844 0.025000 0.023438
8 0.859375 0.692187 0.037500 0.028125
8 0.065625 0.860156 0.087500 0.095312
8 0.158594 0.821875 0.029687 0.018750
8 0.232031 0.832031 0.048438 0.039062
8 0.317969 0.830469 0.054688 0.035937
8 0.390625 0.825000 0.021875 0.025000
8 0.441406 0.816406 0.010937 0.007812
8 0.496094 0.827344 0.029687 0.029687
8 0.566406 0.846875 0.042188 0.068750
8 0.632812 0.819531 0.021875 0.014063
8 0.707812 0.835938 0.059375 0.046875
8 0.782813 0.822656 0.021875 0.020313
8 0.842187 0.823438 0.028125 0.021875
8 0.901563 0.825000 0.025000 0.025000
8 0.046094 0.957031 0.048438 0.029687
8 0.116406 0.951562 0.023438 0.018750
8 0.174219 0.957812 0.023438 0.031250
8 0.232031 0.956250 0.023438 0.028125
8 0.293750 0.957031 0.031250 0.029687
8 0.367969 0.959375 0.048438 0.034375
