8 0.093750 0.085938 0.143750 0.128125
8 0.215625 0.045312 0.031250 0.046875
8 0.280469 0.034375 0.029687 0.025000
8 0.339844 0.032031 0.020313 0.020313
8 0.382031 0.339062 0.720313 0.309375
8 0.693750 0.205469 0.050000 0.042188
8 0.764062 0.191406 0.021875 0.014063
8 0.832031 0.203125 0.045312 0.037500
8 0.909375 0.201563 0.040625 0.034375
8 0.032813 0.537500 0.021875 0.018750
8 0.091406 0.542969 0.026562 0.029687
8 0.161719 0.567187 0.045312 0.078125
8 0.230469 0.544531 0.023438 0.032813
8 0.288281 0.542969 0.023438 0.029687
8 0.346875 0.537500 0.025000 0.018750
8 0.417187 0.542188 0.046875 0.028125
8 0.515625 0.565625 0.081250 0.075000
8 0.607812 0.542969 0.034375 0.029687
8 0.664062 0.533594 0.009375 0.010937
8 0.725781 0.544531 0.045312 0.032813
8 0.790625 0.536719 0.015625 0.017188
8 0.844531 0.539844 0.023438 0.023438
8 0.917188 0.559375 0.053125 0.062500
8 0.040625 0.660156 0.037500 0.039062
8 0.130469 0.667188 0.073438 0.053125
8 0.238281 0.667188 0.073438 0.053125
8 0.323437 0.651563 0.028125 0.021875
8 0.380469 0.647656 0.017188 0.014063
8 0.441406 0.669531 0.035937 0.057813
8 0.512500 0.653906 0.037500 0.026562
8 0.578906 0.660156 0.026562 0.039062
8 0.642969 0.656250 0.032813 0.031250
8 0.708594 0.657813 0.029687 0.034375
8 0.766406 0.646875 0.017188 0.012500
8 0.829688 0.658594 0.040625 0.035937
8 0.895312 0.654687 0.021875 0.028125
8 0.953906 0.652344 0.026562 0.023438
8 0.038281 0.742969 0.032813 0.020313
8 0.097656 0.741406 0.017188 0.017188
8 0.166406 0.758594 0.051562 0.051562
8 0.240625 0.746094 0.028125 0.026562
8 0.307812 0.757812 0.037500 0.050000
8 0.379688 0.742188 0.037500 0.018750
8 0.454688 0.753125 0.043750 0.040625
8 0.522656 0.745313 0.023438 0.025000
8 0.575000 0.739062 0.012500 0.012500
8 0.632812 0.753125 0.034375 0.040625
8 0.703125 0.766406 0.037500 0.067187
8 0.782813 0.750000 0.053125 0.034375
8 0.860156 0.746875 0.032813 0.028125
8 0.932031 0.753125 0.042188 0.040625
8 0.046875 0.854688 0.050000 0.040625
8 0.117969 0.853125 0.023438 0.037500
8 0.182031 0.868750 0.035937 0.068750
8 0.266406 0.876563 0.064062 0.084375
8 0.341406 0.840625 0.017188 0.012500
8 0.398438 0.843750 0.028125 0.018750
8 0.454688 0.843750 0.015625 0.018750
