8 0.073438 0.078906 0.103125 0.114062
8 0.175000 0.036719 0.031250 0.029687
8 0.232031 0.029687 0.014063 0.015625
8 0.287500 0.035156 0.028125 0.026562
8 0.347656 0.031250 0.023438 0.018750
8 0.420312 0.054688 0.053125 0.065625
8 0.503906 0.055469 0.070312 0.067187
8 0.586719 0.033594 0.026562 0.023438
8 0.651563 0.038281 0.034375 0.032813
8 0.717187 0.035156 0.028125 0.026562
8 0.784375 0.037500 0.037500 0.031250
8 0.846094 0.028906 0.017188 0.014063
8 0.911719 0.043750 0.045312 0.043750
8 0.047656 0.190625 0.051562 0.040625
8 0.154688 0.235937 0.093750 0.131250
8 0.260156 0.189844 0.048438 0.039062
8 0.336719 0.185156 0.035937 0.029687
8 0.404687 0.182031 0.031250 0.023438
8 0.463281 0.178906 0.017188 0.017188
8 0.529687 0.187500 0.046875 0.034375
8 0.602344 0.182812 0.029687 0.025000
8 0.654687 0.177344 0.018750 0.014063
8 0.721094 0.188281 0.045312 0.035937
8 0.795312 0.182031 0.034375 0.023438
8 0.871094 0.199219 0.048438 0.057813
8 0.936719 0.179688 0.014063 0.018750
8 0.053906 0.378125 0.064062 0.084375
8 0.150781 0.363281 0.060937 0.054688
8 0.223438 0.350781 0.034375 0.029687
8 0.291406 0.350781 0.032813 0.029687
8 0.353906 0.350000 0.023438 0.028125
8 0.413281 0.348438 0.026562 0.025000
8 0.469531 0.343750 0.017188 0.015625
8 0.520312 0.345313 0.015625 0.018750
8 0.571094 0.343750 0.017188 0.015625
8 0.628125 0.348438 0.028125 0.025000
8 0.691406 0.350781 0.029687 0.029687
8 0.760156 0.358594 0.039062 0.045312
