7 0.036719 0.040625 0.029687 0.037500
7 0.100781 0.036719 0.029687 0.029687
7 0.167969 0.041406 0.035937 0.039062
7 0.230469 0.031250 0.020313 0.018750
7 0.287500 0.035156 0.025000 0.026562
7 0.353125 0.039062 0.037500 0.034375
7 0.426563 0.024219 0.040625 0.029687
7 0.496094 0.036719 0.029687 0.029687
7 0.564844 0.042188 0.039062 0.040625
7 0.632031 0.035156 0.026562 0.026562
7 0.705469 0.028906 0.051562 0.014063
7 0.783594 0.035156 0.035937 0.026562
7 0.846094 0.032031 0.020313 0.020313
7 0.902344 0.032031 0.023438 0.020313
7 0.960156 0.035937 0.023438 0.028125
7 0.032813 0.105469 0.021875 0.017188
7 0.098437 0.114844 0.040625 0.035937
7 0.167187 0.107813 0.028125 0.021875
7 0.225781 0.113281 0.020313 0.032813
7 0.288281 0.113281 0.035937 0.032813
7 0.358594 0.111719 0.035937 0.029687
7 0.489063 0.193750 0.156250 0.193750
7 0.622656 0.115625 0.042188 0.037500
7 0.695312 0.118750 0.034375 0.043750
7 0.764844 0.110156 0.035937 0.026562
7 0.841406 0.117969 0.048438 0.042188
7 0.909375 0.103906 0.018750 0.014063
7 0.964844 0.107031 0.023438 0.020313
7 0.041406 0.346875 0.039062 0.043750
7 0.107813 0.337500 0.025000 0.025000
7 0.171875 0.339844 0.034375 0.029687
7 0.233594 0.334375 0.020313 0.018750
7 0.301563 0.339844 0.046875 0.029687
7 0.389062 0.350781 0.059375 0.051562
7 0.467187 0.338281 0.028125 0.026562
7 0.530469 0.342969 0.029687 0.035937
7 0.586719 0.335156 0.014063 0.020313
7 0.635156 0.333594 0.014063 0.017188
7 0.696875 0.345313 0.040625 0.040625
7 0.767188 0.337500 0.031250 0.025000
7 0.836719 0.349219 0.039062 0.048438
7 0.917188 0.344531 0.053125 0.039062
7 0.035156 0.428906 0.026562 0.035937
7 0.103906 0.432812 0.042188 0.043750
7 0.175000 0.423438 0.031250 0.025000
7 0.250000 0.446875 0.050000 0.071875
7 0.330469 0.425000 0.042188 0.028125
7 0.414062 0.432812 0.056250 0.043750
7 0.503906 0.461719 0.054688 0.101562
7 0.596094 0.445312 0.060937 0.068750
7 0.671094 0.420312 0.020313 0.018750
7 0.725000 0.419531 0.018750 0.017188
7 0.792969 0.457813 0.048438 0.093750
7 0.877344 0.430469 0.051562 0.039062
7 0.060937 0.596094 0.078125 0.098437
7 0.147656 0.559375 0.026562 0.025000
7 0.213281 0.560937 0.035937 0.028125
7 0.285156 0.569531 0.039062 0.045312
7 0.411719 0.630469 0.145313 0.167187
7 0.530469 0.556250 0.023438 0.018750
7 0.589844 0.554688 0.026562 0.015625
7 0.649219 0.557031 0.023438 0.020313
7 0.720313 0.567187 0.050000 0.040625
7 0.789844 0.557813 0.020313 0.021875
7 0.856250 0.565625 0.043750 0.037500
7 0.935937 0.568750 0.046875 0.043750
7 0.112500 0.850000 0.181250 0.203125
7 0.263281 0.766406 0.051562 0.035937
7 0.339062 0.764844 0.031250 0.032813
7 0.416406 0.772656 0.054688 0.048438
7 0.490625 0.760938 0.025000 0.025000
7 0.550781 0.769531 0.026562 0.042188
7 0.610156 0.759375 0.023438 0.021875
7 0.669531 0.761719 0.026562 0.026562
7 0.734375 0.758594 0.034375 0.020313
7 0.802344 0.760156 0.032813 0.023438
7 0.867188 0.759375 0.028125 0.021875
7 0.926562 0.760938 0.021875 0.025000
