7 0.372656 0.324219 0.701562 0.604688
7 0.625781 0.028906 0.023438 0.014063
7 0.683594 0.032031 0.023438 0.020313
7 0.739844 0.032031 0.020313 0.020313
7 0.794531 0.035937 0.020313 0.028125
7 0.860938 0.043750 0.043750 0.043750
7 0.940625 0.035156 0.046875 0.026562
7 0.032031 0.669531 0.020313 0.017188
7 0.091406 0.671875 0.029687 0.021875
7 0.150781 0.672656 0.020313 0.023438
7 0.223438 0.683594 0.056250 0.045312
7 0.392188 0.712500 0.212500 0.103125
7 0.550000 0.673438 0.034375 0.025000
7 0.645312 0.712500 0.087500 0.103125
7 0.738281 0.675000 0.029687 0.028125
7 0.796875 0.668750 0.018750 0.015625
7 0.847656 0.671875 0.014063 0.021875
7 0.902344 0.675781 0.026562 0.029687
7 0.960156 0.672656 0.020313 0.023438
7 0.035156 0.811719 0.026562 0.026562
7 0.100781 0.814063 0.035937 0.031250
7 0.165625 0.814844 0.025000 0.032813
7 0.235156 0.810156 0.045312 0.023438
7 0.309375 0.810937 0.034375 0.025000
7 0.382812 0.811719 0.043750 0.026562
7 0.444531 0.806250 0.010937 0.015625
7 0.492969 0.809375 0.017188 0.021875
7 0.553906 0.823438 0.035937 0.050000
7 0.617188 0.807813 0.021875 0.018750
7 0.676562 0.815625 0.028125 0.034375
7 0.736719 0.814063 0.023438 0.031250
7 0.808594 0.817969 0.051562 0.039062
7 0.891406 0.814063 0.045312 0.031250
7 0.961719 0.810156 0.026562 0.023438
7 0.042188 0.896875 0.040625 0.028125
7 0.110937 0.899219 0.028125 0.032813
7 0.173437 0.896094 0.028125 0.026562
7 0.253906 0.908594 0.064062 0.051562
7 0.342187 0.896875 0.043750 0.028125
7 0.418750 0.899219 0.040625 0.032813
7 0.485156 0.893750 0.023438 0.021875
7 0.546094 0.897656 0.029687 0.029687
7 0.647656 0.929688 0.104688 0.093750
7 0.753906 0.903906 0.039062 0.042188
7 0.821875 0.894531 0.028125 0.023438
7 0.882031 0.892188 0.023438 0.018750
7 0.933594 0.889844 0.010937 0.014063
