8 0.079687 0.085938 0.115625 0.128125
8 0.194531 0.038281 0.045312 0.032813
8 0.280469 0.044531 0.057813 0.045312
8 0.371875 0.047656 0.056250 0.051562
8 0.301563 0.294531 0.559375 0.220312
8 0.630469 0.195312 0.029687 0.021875
8 0.763281 0.200781 0.026562 0.032813
8 0.851562 0.216406 0.081250 0.064062
8 0.942187 0.192188 0.031250 0.015625
8 0.067969 0.484375 0.092188 0.090625
8 0.160938 0.451562 0.025000 0.025000
8 0.253906 0.488281 0.092188 0.098437
8 0.342969 0.450000 0.023438 0.021875
8 0.407813 0.453125 0.037500 0.028125
8 0.472656 0.449219 0.023438 0.020313
8 0.539062 0.439844 0.040625 0.026562
8 0.620313 0.460156 0.053125 0.042188
8 0.704688 0.466406 0.046875 0.054688
8 0.785156 0.459375 0.045312 0.040625
8 0.854688 0.454688 0.025000 0.031250
8 0.917188 0.457813 0.031250 0.037500
8 0.082031 0.650781 0.120313 0.157812
8 0.231250 0.639844 0.109375 0.135937
8 0.339062 0.588281 0.037500 0.032813
8 0.402344 0.580469 0.020313 0.017188
8 0.457813 0.589063 0.021875 0.034375
8 0.535937 0.596094 0.065625 0.048438
8 0.613281 0.582812 0.020313 0.021875
8 0.668750 0.588281 0.021875 0.032813
8 0.732812 0.585938 0.037500 0.028125
8 0.799219 0.583594 0.026562 0.023438
8 0.856250 0.581250 0.018750 0.018750
8 0.908594 0.579688 0.017188 0.015625
8 0.964063 0.583594 0.025000 0.023438
8 0.035937 0.775781 0.028125 0.023438
8 0.188281 0.757812 0.035937 0.012500
8 0.276562 0.807813 0.071875 0.087500
8 0.357812 0.771094 0.021875 0.014063
8 0.414062 0.774219 0.021875 0.020313
8 0.468750 0.781250 0.018750 0.034375
8 0.525000 0.776563 0.025000 0.025000
8 0.597656 0.785156 0.051562 0.042188
8 0.680469 0.782813 0.045312 0.037500
8 0.744531 0.769531 0.014063 0.010937
8 0.810937 0.782031 0.050000 0.060937
8 0.903906 0.788281 0.067187 0.048438
8 0.037500 0.897656 0.031250 0.023438
8 0.110156 0.905469 0.045312 0.039062
8 0.182812 0.895312 0.031250 0.018750
8 0.255469 0.912500 0.045312 0.053125
8 0.330469 0.903125 0.035937 0.034375
