7 0.049219 0.046094 0.054688 0.048438
7 0.144531 0.047656 0.067187 0.051562
7 0.231250 0.033594 0.037500 0.023438
7 0.314844 0.066406 0.060937 0.089063
7 0.434375 0.066406 0.109375 0.089063
7 0.598437 0.090625 0.150000 0.137500
7 0.728906 0.040625 0.042188 0.037500
7 0.794531 0.033594 0.020313 0.023438
7 0.848437 0.028906 0.018750 0.014063
7 0.908594 0.035156 0.032813 0.026562
7 0.035156 0.203906 0.026562 0.020313
7 0.101562 0.213281 0.037500 0.039062
7 0.170313 0.206250 0.031250 0.025000
7 0.235156 0.207813 0.029687 0.028125
7 0.296875 0.208594 0.025000 0.029687
7 0.361719 0.206250 0.035937 0.025000
7 0.450000 0.229687 0.071875 0.071875
7 0.531250 0.207813 0.021875 0.028125
7 0.612500 0.234375 0.071875 0.081250
7 0.700000 0.210156 0.034375 0.032813
7 0.780469 0.219531 0.057813 0.051562
7 0.851562 0.203125 0.015625 0.018750
7 0.909375 0.203906 0.031250 0.020313
7 0.035156 0.321875 0.026562 0.025000
7 0.134375 0.344531 0.103125 0.070312
7 0.235156 0.321875 0.029687 0.025000
7 0.310156 0.332813 0.051562 0.046875
7 0.377344 0.312500 0.014063 0.006250
7 0.451562 0.346875 0.065625 0.075000
7 0.533594 0.324219 0.029687 0.029687
7 0.599219 0.318750 0.032813 0.018750
7 0.661719 0.320312 0.023438 0.021875
7 0.719531 0.321094 0.023438 0.023438
7 0.778906 0.326562 0.026562 0.034375
7 0.835938 0.319531 0.018750 0.020313
7 0.893750 0.323437 0.028125 0.028125
7 0.954688 0.317969 0.025000 0.017188
7 0.041406 0.449219 0.039062 0.060937
7 0.102344 0.425000 0.014063 0.012500
7 0.160156 0.438281 0.032813 0.039062
7 0.226562 0.432031 0.031250 0.026562
7 0.290625 0.428906 0.028125 0.020313
7 0.350781 0.435156 0.023438 0.032813
7 0.410156 0.435156 0.026562 0.032813
7 0.477344 0.434375 0.039062 0.031250
7 0.550781 0.438281 0.039062 0.039062
7 0.619531 0.441406 0.029687 0.045312
7 0.683594 0.430469 0.029687 0.023438
7 0.744531 0.431250 0.023438 0.025000
7 0.810937 0.435156 0.040625 0.032813
7 0.882812 0.452344 0.034375 0.067187
7 0.939844 0.426563 0.010937 0.015625
7 0.117969 0.616406 0.192188 0.192188
7 0.274219 0.543750 0.051562 0.046875
7 0.362500 0.553906 0.056250 0.067187
7 0.454688 0.547656 0.059375 0.054688
7 0.530469 0.533594 0.023438 0.026562
7 0.589844 0.532031 0.026562 0.023438
7 0.646094 0.527344 0.017188 0.014063
7 0.703906 0.532813 0.029687 0.025000
7 0.771875 0.535937 0.037500 0.031250
7 0.837500 0.535156 0.025000 0.029687
7 0.892188 0.528906 0.015625 0.017188
7 0.941406 0.532813 0.014063 0.025000
7 0.057031 0.777344 0.070312 0.060937
7 0.138281 0.759375 0.023438 0.025000
7 0.198437 0.760156 0.028125 0.026562
7 0.268750 0.754687 0.043750 0.015625
7 0.335156 0.760156 0.020313 0.026562
7 0.391406 0.758594 0.023438 0.023438
7 0.449219 0.757812 0.023438 0.021875
7 0.508594 0.758594 0.026562 0.023438
7 0.575781 0.761719 0.039062 0.029687
7 0.642188 0.757031 0.025000 0.020313
7 0.713281 0.767969 0.048438 0.042188
7 0.826562 0.829688 0.109375 0.165625
7 0.944531 0.778125 0.057813 0.062500
7 0.037500 0.961719 0.031250 0.029687
