7 0.045312 0.084375 0.046875 0.125000
7 0.122656 0.037500 0.039062 0.031250
7 0.185938 0.037500 0.037500 0.031250
7 0.253906 0.034375 0.029687 0.025000
7 0.314844 0.032031 0.023438 0.020313
7 0.385937 0.042188 0.050000 0.040625
7 0.505469 0.064062 0.120313 0.084375
7 0.614062 0.038281 0.028125 0.032813
7 0.677344 0.033594 0.029687 0.023438
7 0.732031 0.025000 0.010937 0.006250
7 0.130469 0.360938 0.217188 0.359375
7 0.291406 0.196094 0.035937 0.029687
7 0.357812 0.196094 0.028125 0.029687
7 0.418750 0.192969 0.025000 0.023438
7 0.502344 0.212500 0.073438 0.062500
7 0.589844 0.200781 0.032813 0.039062
7 0.672656 0.200781 0.064062 0.039062
7 0.750000 0.189844 0.021875 0.017188
7 0.803125 0.192188 0.015625 0.021875
7 0.856250 0.193750 0.021875 0.025000
7 0.914062 0.194531 0.025000 0.026562
7 0.051562 0.600781 0.059375 0.051562
7 0.128906 0.583594 0.026562 0.017188
7 0.203906 0.594531 0.054688 0.039062
7 0.272656 0.583594 0.014063 0.017188
7 0.331250 0.597656 0.034375 0.045312
7 0.397656 0.594531 0.029687 0.039062
7 0.454688 0.585938 0.015625 0.021875
7 0.498437 0.594531 0.028125 0.039062
7 0.556250 0.583594 0.018750 0.017188
7 0.610938 0.586719 0.021875 0.023438
7 0.685156 0.603125 0.057813 0.056250
7 0.759375 0.587500 0.021875 0.025000
7 0.883594 0.616406 0.157812 0.082812
7 0.038281 0.703906 0.032813 0.023438
7 0.102344 0.706250 0.026562 0.028125
7 0.172656 0.710938 0.045312 0.037500
7 0.251563 0.710156 0.043750 0.035937
7 0.338281 0.710938 0.060937 0.037500
7 0.421094 0.707812 0.035937 0.031250
7 0.481250 0.699219 0.015625 0.014063
7 0.539844 0.704688 0.032813 0.025000
7 0.603906 0.706250 0.026562 0.028125
7 0.682813 0.739844 0.062500 0.095312
7 0.764062 0.706250 0.031250 0.028125
7 0.836719 0.714063 0.045312 0.043750
7 0.915625 0.707031 0.043750 0.029687
7 0.043750 0.838281 0.043750 0.032813
7 0.114844 0.835156 0.029687 0.026562
7 0.180469 0.844531 0.032813 0.045312
7 0.242188 0.832031 0.021875 0.020313
7 0.297656 0.836719 0.020313 0.029687
7 0.376563 0.848437 0.068750 0.053125
7 0.460938 0.835156 0.031250 0.026562
7 0.539844 0.842969 0.057813 0.042188
7 0.635156 0.857812 0.064062 0.071875
7 0.730469 0.842969 0.057813 0.042188
7 0.807031 0.836719 0.026562 0.029687
7 0.868750 0.836719 0.028125 0.029687
7 0.934375 0.846094 0.034375 0.048438
7 0.033594 0.948438 0.023438 0.040625
7 0.094531 0.941406 0.029687 0.026562
7 0.167187 0.945312 0.046875 0.034375
7 0.252344 0.951562 0.054688 0.046875
7 0.327344 0.937500 0.026562 0.018750
