8 0.045312 0.035156 0.046875 0.026562
8 0.116406 0.032813 0.026562 0.021875
8 0.205469 0.050781 0.082812 0.057813
8 0.297656 0.032813 0.032813 0.021875
8 0.365625 0.037500 0.034375 0.031250
8 0.445312 0.048438 0.056250 0.053125
8 0.516406 0.028906 0.017188 0.014063
8 0.578906 0.037500 0.039062 0.031250
8 0.659375 0.035156 0.053125 0.026562
8 0.752344 0.050781 0.064062 0.057813
8 0.829688 0.035156 0.021875 0.026562
8 0.885938 0.031250 0.021875 0.018750
8 0.939844 0.028906 0.017188 0.014063
8 0.050781 0.136719 0.057813 0.045312
8 0.128125 0.127344 0.028125 0.026562
8 0.195312 0.139844 0.037500 0.051562
8 0.265625 0.127344 0.034375 0.026562
8 0.335156 0.130469 0.035937 0.032813
8 0.403906 0.126562 0.032813 0.025000
8 0.464844 0.124219 0.020313 0.020313
8 0.546875 0.139844 0.075000 0.051562
8 0.628906 0.122656 0.020313 0.017188
8 0.720313 0.150781 0.093750 0.073438
8 0.857812 0.150781 0.112500 0.073438
8 0.957031 0.122656 0.017188 0.017188
8 0.032031 0.229687 0.020313 0.015625
8 0.086719 0.230469 0.020313 0.017188
8 0.144531 0.232031 0.026562 0.020313
8 0.212500 0.246875 0.040625 0.050000
8 0.275781 0.232031 0.017188 0.020313
8 0.327344 0.227344 0.017188 0.010937
8 0.423438 0.289062 0.106250 0.134375
8 0.319531 0.590625 0.595313 0.400000
8 0.682031 0.418750 0.060937 0.056250
8 0.766406 0.410156 0.039062 0.039062
8 0.838281 0.407813 0.035937 0.034375
8 0.900000 0.403906 0.018750 0.026562
8 0.960156 0.403906 0.032813 0.026562
8 0.033594 0.835938 0.023438 0.021875
8 0.107031 0.859375 0.054688 0.068750
8 0.207031 0.857812 0.076563 0.065625
8 0.321094 0.859375 0.082812 0.068750
8 0.417969 0.845313 0.042188 0.040625
8 0.488281 0.838281 0.029687 0.026562
8 0.571875 0.855469 0.068750 0.060937
8 0.699219 0.857031 0.117188 0.064062
8 0.797656 0.831250 0.010937 0.012500
