7 0.049219 0.057813 0.054688 0.071875
7 0.130469 0.039844 0.039062 0.035937
7 0.205469 0.039844 0.042188 0.035937
7 0.272656 0.031250 0.023438 0.018750
7 0.336719 0.038281 0.035937 0.032813
7 0.407031 0.039062 0.035937 0.034375
7 0.469531 0.030469 0.020313 0.017188
7 0.612500 0.103906 0.196875 0.164062
7 0.764062 0.036719 0.037500 0.029687
7 0.830469 0.032813 0.026562 0.021875
7 0.895312 0.035937 0.034375 0.028125
7 0.958594 0.033594 0.023438 0.023438
7 0.033594 0.231250 0.023438 0.021875
7 0.085938 0.237500 0.025000 0.034375
7 0.141406 0.227344 0.017188 0.014063
7 0.196094 0.229687 0.023438 0.018750
7 0.251563 0.228906 0.018750 0.017188
7 0.408594 0.280469 0.226562 0.120313
7 0.571094 0.235156 0.029687 0.029687
7 0.639844 0.242969 0.039062 0.045312
7 0.710938 0.234375 0.034375 0.028125
7 0.798438 0.247656 0.071875 0.054688
7 0.890625 0.235937 0.043750 0.031250
7 0.953906 0.230469 0.014063 0.020313
7 0.035937 0.385156 0.028125 0.020313
7 0.102344 0.396875 0.035937 0.043750
7 0.185938 0.434375 0.062500 0.118750
7 0.265625 0.386719 0.028125 0.023438
7 0.337500 0.400781 0.046875 0.051562
7 0.405469 0.380469 0.020313 0.026562
7 0.483594 0.398438 0.067187 0.046875
7 0.567969 0.393750 0.032813 0.037500
7 0.639844 0.393750 0.042188 0.037500
7 0.703125 0.385156 0.015625 0.020313
7 0.763281 0.390625 0.035937 0.031250
7 0.825781 0.384375 0.020313 0.018750
7 0.882812 0.386719 0.025000 0.023438
7 0.053906 0.564844 0.064062 0.073438
7 0.137500 0.540625 0.034375 0.025000
7 0.203125 0.542188 0.028125 0.028125
7 0.271875 0.546094 0.040625 0.035937
7 0.343750 0.546094 0.034375 0.035937
7 0.408594 0.541406 0.026562 0.026562
7 0.469531 0.540625 0.026562 0.025000
7 0.539062 0.555469 0.043750 0.054688
7 0.622656 0.546094 0.054688 0.035937
7 0.696094 0.538281 0.023438 0.020313
7 0.766406 0.548438 0.048438 0.040625
7 0.837500 0.542188 0.025000 0.028125
7 0.908594 0.549219 0.048438 0.042188
7 0.040625 0.650781 0.037500 0.029687
7 0.115625 0.652344 0.043750 0.032813
7 0.188281 0.653125 0.032813 0.034375
7 0.296094 0.680469 0.114062 0.089063
7 0.419531 0.675000 0.064062 0.078125
7 0.499219 0.649219 0.026562 0.026562
7 0.564063 0.657813 0.034375 0.043750
7 0.627344 0.649219 0.023438 0.026562
7 0.692187 0.653125 0.037500 0.034375
7 0.768750 0.657031 0.046875 0.042188
7 0.857031 0.680469 0.060937 0.089063
7 0.938281 0.647656 0.032813 0.023438
7 0.053125 0.787500 0.062500 0.056250
7 0.138281 0.779687 0.039062 0.040625
7 0.207813 0.776563 0.031250 0.034375
7 0.328125 0.824219 0.140625 0.129688
7 0.449219 0.774219 0.032813 0.029687
7 0.510156 0.771875 0.020313 0.025000
7 0.577344 0.778125 0.045312 0.037500
7 0.655469 0.776563 0.042188 0.034375
7 0.746094 0.803125 0.070312 0.087500
7 0.869531 0.817969 0.107813 0.123438
7 0.038281 0.945312 0.032813 0.043750
7 0.108594 0.945312 0.039062 0.043750
7 0.171875 0.934375 0.018750 0.021875
