8 0.040625 0.037500 0.037500 0.031250
8 0.101562 0.026562 0.015625 0.009375
8 0.159375 0.038281 0.031250 0.032813
8 0.221094 0.030469 0.023438 0.017188
8 0.274219 0.028906 0.014063 0.014063
8 0.334375 0.035937 0.037500 0.028125
8 0.425781 0.050781 0.076563 0.057813
8 0.538281 0.057031 0.079687 0.070312
8 0.622656 0.036719 0.020313 0.029687
8 0.722656 0.082812 0.110937 0.121875
8 0.822656 0.032031 0.020313 0.020313
8 0.872656 0.028125 0.010937 0.012500
8 0.925000 0.037500 0.025000 0.031250
8 0.063281 0.217969 0.082812 0.079687
8 0.172656 0.196094 0.067187 0.035937
8 0.260156 0.193750 0.039062 0.031250
8 0.340625 0.210938 0.053125 0.065625
8 0.423438 0.196875 0.043750 0.037500
8 0.496875 0.193750 0.034375 0.031250
8 0.555469 0.184375 0.014063 0.012500
8 0.639062 0.223438 0.084375 0.090625
8 0.730469 0.191406 0.029687 0.026562
8 0.791406 0.189844 0.023438 0.023438
8 0.888281 0.228906 0.101562 0.101562
8 0.033594 0.322656 0.023438 0.017188
8 0.100000 0.325000 0.040625 0.021875
8 0.175781 0.350000 0.042188 0.071875
8 0.245312 0.325781 0.028125 0.023438
8 0.340625 0.379688 0.093750 0.131250
8 0.442188 0.332813 0.040625 0.037500
8 0.507031 0.322656 0.020313 0.017188
8 0.584375 0.339844 0.065625 0.051562
8 0.664062 0.328906 0.025000 0.029687
8 0.741406 0.364844 0.060937 0.101562
8 0.124219 0.562500 0.204687 0.165625
8 0.278125 0.491406 0.034375 0.023438
8 0.337500 0.497656 0.034375 0.035937
8 0.402344 0.495312 0.026562 0.031250
8 0.469531 0.494531 0.039062 0.029687
8 0.746875 0.640625 0.446875 0.321875
8 0.028906 0.843750 0.014063 0.015625
8 0.079687 0.842969 0.018750 0.014063
8 0.160156 0.892969 0.073438 0.114062
8 0.241406 0.843750 0.020313 0.015625
8 0.305469 0.857031 0.039062 0.042188
8 0.376563 0.850781 0.034375 0.029687
8 0.454688 0.864844 0.053125 0.057813
8 0.532031 0.847656 0.032813 0.023438
8 0.605469 0.850781 0.045312 0.029687
8 0.677344 0.848437 0.029687 0.025000
8 0.735156 0.841406 0.017188 0.010937
8 0.787500 0.844531 0.018750 0.017188
8 0.845313 0.854688 0.028125 0.037500
8 0.914062 0.869531 0.040625 0.067187
