7 0.096875 0.092969 0.150000 0.142187
7 0.218750 0.037500 0.025000 0.031250
7 0.283594 0.035937 0.035937 0.028125
7 0.365625 0.057031 0.059375 0.070312
7 0.441406 0.033594 0.023438 0.023438
7 0.494531 0.037500 0.014063 0.031250
7 0.556250 0.037500 0.040625 0.031250
7 0.685156 0.087500 0.148438 0.131250
7 0.839063 0.051562 0.090625 0.059375
7 0.930469 0.030469 0.023438 0.017188
7 0.034375 0.210156 0.025000 0.023438
7 0.096094 0.207031 0.029687 0.017188
7 0.160156 0.210156 0.029687 0.023438
7 0.217188 0.206250 0.015625 0.015625
7 0.271094 0.211719 0.023438 0.026562
7 0.335938 0.217969 0.037500 0.039062
7 0.402344 0.210938 0.026562 0.025000
7 0.464062 0.210156 0.028125 0.023438
7 0.535156 0.222656 0.045312 0.048438
7 0.620313 0.220312 0.056250 0.043750
7 0.724219 0.238281 0.082812 0.079687
7 0.810937 0.210938 0.021875 0.025000
7 0.867969 0.208594 0.023438 0.020313
7 0.096875 0.365625 0.150000 0.106250
7 0.225781 0.329688 0.039062 0.034375
7 0.307031 0.357031 0.054688 0.089063
7 0.380469 0.325000 0.023438 0.025000
7 0.439844 0.320312 0.026562 0.015625
7 0.511719 0.325781 0.048438 0.026562
7 0.580469 0.328125 0.039062 0.031250
7 0.641406 0.322656 0.014063 0.020313
7 0.707812 0.346094 0.050000 0.067187
7 0.789062 0.329688 0.043750 0.037500
7 0.860156 0.331250 0.029687 0.037500
7 0.928125 0.326562 0.037500 0.028125
7 0.050781 0.485938 0.057813 0.065625
7 0.156250 0.500781 0.084375 0.095312
7 0.239844 0.461719 0.014063 0.017188
7 0.296875 0.467969 0.031250 0.029687
7 0.359375 0.464844 0.025000 0.023438
7 0.417187 0.461719 0.021875 0.017188
7 0.490625 0.475000 0.056250 0.043750
7 0.571875 0.466406 0.037500 0.026562
7 0.633594 0.463281 0.017188 0.020313
7 0.689844 0.470313 0.026562 0.034375
7 0.751563 0.464844 0.028125 0.023438
7 0.818750 0.472656 0.037500 0.039062
7 0.914844 0.503906 0.085938 0.101562
7 0.040625 0.605469 0.037500 0.032813
7 0.108594 0.603906 0.029687 0.029687
7 0.182031 0.603125 0.048438 0.028125
7 0.253125 0.601562 0.025000 0.025000
7 0.310156 0.602344 0.020313 0.026562
7 0.365625 0.600781 0.021875 0.023438
7 0.435937 0.610938 0.050000 0.043750
7 0.518750 0.624219 0.071875 0.070312
7 0.611719 0.609375 0.045312 0.040625
7 0.689844 0.607031 0.042188 0.035937
7 0.760156 0.605469 0.029687 0.032813
7 0.824219 0.603906 0.029687 0.029687
7 0.882812 0.600781 0.018750 0.023438
7 0.934375 0.597656 0.015625 0.017188
7 0.041406 0.713281 0.039062 0.039062
7 0.107031 0.706250 0.032813 0.025000
7 0.172656 0.708594 0.029687 0.029687
7 0.232031 0.702344 0.020313 0.017188
7 0.290625 0.708594 0.028125 0.029687
7 0.367969 0.721875 0.057813 0.056250
7 0.442969 0.707031 0.023438 0.026562
7 0.509375 0.716406 0.040625 0.045312
7 0.575000 0.707031 0.021875 0.026562
7 0.634375 0.707031 0.028125 0.026562
7 0.704688 0.711719 0.043750 0.035937
7 0.776563 0.707812 0.031250 0.028125
7 0.838281 0.710156 0.023438 0.032813
7 0.914062 0.752344 0.059375 0.117188
7 0.033594 0.855469 0.023438 0.020313
7 0.090625 0.854688 0.021875 0.018750
7 0.144531 0.853125 0.017188 0.015625
7 0.241406 0.883594 0.107813 0.076563
7 0.372656 0.871875 0.085938 0.078125
7 0.470313 0.864844 0.040625 0.039062
7 0.542188 0.861719 0.034375 0.032813
7 0.608594 0.857812 0.029687 0.025000
7 0.664844 0.852344 0.014063 0.014063
7 0.718750 0.858594 0.025000 0.026562
7 0.811719 0.876563 0.092188 0.062500
7 0.904687 0.854688 0.025000 0.018750
7 0.960938 0.855469 0.018750 0.020313
7 0.033594 0.967187 0.023438 0.021875
