7 0.033594 0.034375 0.023438 0.025000
7 0.090625 0.039062 0.021875 0.034375
7 0.160156 0.041406 0.048438 0.039062
7 0.244531 0.049219 0.051562 0.054688
7 0.317969 0.031250 0.026562 0.018750
7 0.406250 0.062500 0.081250 0.081250
7 0.497656 0.035937 0.032813 0.028125
7 0.677344 0.057813 0.054688 0.071875
7 0.762500 0.040625 0.046875 0.037500
7 0.837500 0.036719 0.034375 0.029687
7 0.900000 0.034375 0.021875 0.025000
7 0.041406 0.159375 0.039062 0.043750
7 0.108594 0.150000 0.026562 0.025000
7 0.164844 0.144531 0.017188 0.014063
7 0.216406 0.145313 0.017188 0.015625
7 0.275781 0.150000 0.032813 0.025000
7 0.351562 0.153125 0.050000 0.031250
7 0.421094 0.151562 0.020313 0.028125
7 0.475781 0.149219 0.020313 0.023438
7 0.564063 0.161719 0.087500 0.048438
7 0.657813 0.155469 0.031250 0.035937
7 0.717969 0.146094 0.020313 0.017188
7 0.812500 0.184375 0.100000 0.093750
7 0.091406 0.323437 0.139063 0.115625
7 0.225781 0.292969 0.060937 0.054688
7 0.326562 0.278906 0.071875 0.035937
7 0.410938 0.275781 0.028125 0.020313
7 0.467969 0.282031 0.017188 0.032813
7 0.527344 0.280469 0.032813 0.029687
7 0.587500 0.278125 0.018750 0.025000
7 0.646094 0.278906 0.029687 0.026562
7 0.718750 0.280469 0.046875 0.029687
7 0.796094 0.282813 0.039062 0.034375
7 0.864844 0.275781 0.029687 0.020313
7 0.925781 0.285156 0.023438 0.039062
7 0.036719 0.435156 0.029687 0.039062
7 0.102344 0.432031 0.032813 0.032813
7 0.165625 0.425781 0.025000 0.020313
7 0.225781 0.427344 0.026562 0.023438
7 0.296094 0.432812 0.045312 0.034375
7 0.395313 0.437500 0.084375 0.043750
7 0.490625 0.436719 0.037500 0.042188
7 0.553906 0.426563 0.020313 0.021875
7 0.613281 0.439844 0.029687 0.048438
7 0.671875 0.428125 0.018750 0.025000
7 0.730469 0.429688 0.029687 0.028125
7 0.790625 0.424219 0.021875 0.017188
7 0.850000 0.426563 0.028125 0.021875
7 0.905469 0.422656 0.014063 0.014063
7 0.962500 0.435937 0.031250 0.040625
7 0.069531 0.550781 0.095312 0.104688
7 0.173437 0.513281 0.043750 0.029687
7 0.250000 0.513281 0.040625 0.029687
7 0.321875 0.511719 0.034375 0.026562
7 0.382031 0.510938 0.017188 0.025000
7 0.486719 0.550781 0.123438 0.104688
7 0.597656 0.510156 0.029687 0.023438
7 0.662500 0.510156 0.031250 0.023438
7 0.741406 0.532031 0.057813 0.067187
7 0.840625 0.534375 0.071875 0.071875
7 0.925781 0.525000 0.029687 0.053125
7 0.042188 0.657031 0.040625 0.039062
7 0.112500 0.651563 0.031250 0.028125
7 0.187500 0.656250 0.050000 0.037500
7 0.256250 0.651563 0.018750 0.028125
7 0.322656 0.661719 0.045312 0.048438
7 0.402344 0.654687 0.045312 0.034375
7 0.487500 0.670312 0.056250 0.065625
7 0.564063 0.650000 0.028125 0.025000
7 0.621094 0.645312 0.017188 0.015625
7 0.684375 0.653125 0.040625 0.031250
7 0.758594 0.664844 0.039062 0.054688
7 0.848437 0.672656 0.071875 0.070312
7 0.067969 0.781250 0.092188 0.078125
7 0.160156 0.752344 0.023438 0.020313
7 0.278906 0.826562 0.145313 0.168750
7 0.402344 0.754687 0.032813 0.025000
7 0.464062 0.750781 0.021875 0.017188
7 0.524219 0.755469 0.029687 0.026562
7 0.596094 0.757031 0.045312 0.029687
7 0.666406 0.755469 0.026562 0.026562
7 0.745313 0.781250 0.062500 0.078125
7 0.824219 0.758594 0.026562 0.032813
7 0.883594 0.752344 0.023438 0.020313
7 0.942187 0.754687 0.025000 0.025000
