7 0.078125 0.069531 0.112500 0.095312
7 0.185156 0.035156 0.032813 0.026562
7 0.249219 0.031250 0.026562 0.018750
7 0.324219 0.047656 0.054688 0.051562
7 0.396094 0.038281 0.020313 0.032813
7 0.457031 0.039062 0.032813 0.034375
7 0.531250 0.058594 0.046875 0.073438
7 0.603906 0.036719 0.029687 0.029687
7 0.665625 0.033594 0.025000 0.023438
7 0.724219 0.031250 0.023438 0.018750
7 0.785937 0.040625 0.031250 0.037500
7 0.849219 0.035156 0.026562 0.026562
7 0.916406 0.044531 0.039062 0.045312
7 0.035156 0.162500 0.026562 0.021875
7 0.098437 0.165625 0.031250 0.028125
7 0.171875 0.168750 0.046875 0.034375
7 0.335156 0.262500 0.210938 0.221875
7 0.554688 0.166406 0.028125 0.029687
7 0.615625 0.164062 0.025000 0.025000
7 0.716406 0.213281 0.107813 0.123438
7 0.824219 0.169531 0.039062 0.035937
7 0.889844 0.160938 0.023438 0.018750
7 0.950000 0.166406 0.028125 0.029687
7 0.034375 0.424219 0.025000 0.032813
7 0.100000 0.425781 0.037500 0.035937
7 0.182031 0.440625 0.057813 0.065625
7 0.255469 0.417969 0.020313 0.020313
7 0.332031 0.432031 0.064062 0.048438
7 0.421094 0.430469 0.045312 0.045312
7 0.493750 0.418750 0.031250 0.021875
7 0.554688 0.417969 0.021875 0.020313
7 0.618750 0.424219 0.037500 0.032813
7 0.685937 0.419531 0.028125 0.023438
7 0.744531 0.418750 0.020313 0.021875
7 0.800000 0.418750 0.021875 0.021875
7 0.860938 0.421094 0.031250 0.026562
7 0.927344 0.425781 0.032813 0.035937
7 0.045312 0.525000 0.046875 0.034375
7 0.128906 0.519531 0.051562 0.023438
7 0.202344 0.519531 0.026562 0.023438
7 0.266406 0.519531 0.032813 0.023438
7 0.405469 0.586719 0.176563 0.157812
7 0.537500 0.516406 0.018750 0.017188
7 0.592187 0.521094 0.021875 0.026562
7 0.767969 0.585156 0.260937 0.154688
7 0.942969 0.519531 0.020313 0.023438
7 0.047656 0.738281 0.051562 0.076563
7 0.119531 0.710156 0.023438 0.020313
7 0.182812 0.710938 0.034375 0.021875
7 0.247656 0.710938 0.026562 0.021875
7 0.321094 0.719531 0.051562 0.039062
7 0.399219 0.711719 0.035937 0.023438
7 0.521094 0.753125 0.139063 0.106250
7 0.642188 0.713281 0.034375 0.026562
7 0.709375 0.713281 0.031250 0.026562
7 0.775000 0.712500 0.031250 0.025000
7 0.835156 0.710938 0.020313 0.021875
7 0.898438 0.714063 0.037500 0.028125
7 0.958594 0.708594 0.014063 0.017188
7 0.038281 0.854688 0.032813 0.028125
7 0.160156 0.888281 0.142187 0.095312
7 0.275781 0.849219 0.020313 0.017188
7 0.355469 0.874219 0.070312 0.067187
7 0.500000 0.860938 0.034375 0.040625
7 0.560937 0.849219 0.018750 0.017188
7 0.624219 0.857812 0.039062 0.034375
7 0.690625 0.852344 0.025000 0.023438
7 0.754687 0.853906 0.034375 0.026562
7 0.819531 0.857031 0.026562 0.032813
7 0.885938 0.856250 0.037500 0.031250
7 0.951562 0.854688 0.025000 0.028125
