8 0.065625 0.074219 0.087500 0.104688
8 0.154688 0.034375 0.021875 0.025000
8 0.210938 0.035156 0.021875 0.026562
8 0.295312 0.066406 0.078125 0.089063
8 0.378125 0.033594 0.018750 0.023438
8 0.445312 0.039062 0.046875 0.034375
8 0.544531 0.057031 0.082812 0.070312
8 0.641406 0.040625 0.042188 0.037500
8 0.706250 0.028906 0.018750 0.014063
8 0.785937 0.055469 0.071875 0.067187
8 0.103125 0.248438 0.162500 0.175000
8 0.228125 0.174219 0.018750 0.026562
8 0.300781 0.191406 0.057813 0.060937
8 0.378125 0.178125 0.028125 0.034375
8 0.435937 0.171094 0.018750 0.020313
8 0.506250 0.181250 0.053125 0.040625
8 0.584375 0.177344 0.034375 0.032813
8 0.649219 0.170313 0.026562 0.018750
8 0.721875 0.187500 0.050000 0.053125
8 0.800781 0.185156 0.039062 0.048438
8 0.863281 0.169531 0.017188 0.017188
8 0.932031 0.182812 0.051562 0.043750
8 0.035156 0.382031 0.026562 0.023438
8 0.094531 0.385156 0.023438 0.029687
8 0.154688 0.382031 0.028125 0.023438
8 0.232031 0.403906 0.057813 0.067187
8 0.313281 0.385937 0.035937 0.031250
8 0.383594 0.399219 0.035937 0.057813
8 0.455469 0.385156 0.039062 0.029687
8 0.582812 0.467187 0.146875 0.193750
8 0.711719 0.384375 0.042188 0.028125
8 0.778125 0.380469 0.021875 0.020313
8 0.853906 0.417969 0.060937 0.095312
8 0.929688 0.378125 0.021875 0.015625
8 0.035937 0.608594 0.028125 0.020313
8 0.091406 0.604688 0.014063 0.012500
8 0.162500 0.621875 0.059375 0.046875
8 0.239844 0.607812 0.026562 0.018750
8 0.296875 0.613281 0.018750 0.029687
8 0.376563 0.639062 0.096875 0.081250
8 0.519531 0.677344 0.120313 0.157812
8 0.651563 0.635156 0.075000 0.073438
8 0.755469 0.621094 0.064062 0.045312
8 0.828906 0.604688 0.014063 0.012500
8 0.903125 0.659375 0.065625 0.121875
8 0.057031 0.811719 0.070312 0.042188
8 0.134375 0.797656 0.015625 0.014063
8 0.189062 0.805469 0.025000 0.029687
8 0.275781 0.825781 0.079687 0.070312
8 0.364063 0.810156 0.028125 0.039062
8 0.424219 0.807031 0.023438 0.032813
8 0.479687 0.797656 0.018750 0.014063
8 0.536719 0.803125 0.026562 0.025000
8 0.591406 0.799219 0.014063 0.017188
8 0.646094 0.803906 0.026562 0.026562
8 0.718750 0.818750 0.050000 0.056250
8 0.801562 0.808594 0.046875 0.035937
8 0.897656 0.842969 0.076563 0.104688
8 0.038281 0.941406 0.032813 0.023438
8 0.097656 0.937500 0.017188 0.015625
8 0.163281 0.953125 0.045312 0.046875
8 0.237500 0.943750 0.034375 0.028125
