7 0.067969 0.075781 0.092188 0.107813
7 0.171875 0.036719 0.046875 0.029687
7 0.246875 0.032813 0.034375 0.021875
7 0.314844 0.035937 0.032813 0.028125
7 0.377344 0.035156 0.023438 0.026562
7 0.439844 0.035937 0.032813 0.028125
7 0.501563 0.032813 0.021875 0.021875
7 0.555469 0.030469 0.017188 0.017188
7 0.621094 0.041406 0.045312 0.039062
7 0.720313 0.075000 0.084375 0.106250
7 0.814063 0.034375 0.034375 0.025000
7 0.890625 0.042188 0.050000 0.040625
7 0.959375 0.028906 0.018750 0.014063
7 0.039062 0.175781 0.034375 0.023438
7 0.107031 0.183594 0.032813 0.039062
7 0.175000 0.178906 0.034375 0.029687
7 0.242188 0.177344 0.031250 0.026562
7 0.313281 0.181250 0.042188 0.034375
7 0.382031 0.171875 0.026562 0.015625
7 0.448437 0.181250 0.037500 0.034375
7 0.513281 0.177344 0.023438 0.026562
7 0.576562 0.177344 0.034375 0.026562
7 0.637500 0.176563 0.018750 0.025000
7 0.708594 0.191406 0.054688 0.054688
7 0.783594 0.175781 0.026562 0.023438
7 0.846875 0.178906 0.031250 0.029687
7 0.077344 0.290625 0.110937 0.075000
7 0.180469 0.266406 0.026562 0.026562
7 0.238281 0.262500 0.020313 0.018750
7 0.303125 0.269531 0.040625 0.032813
7 0.370312 0.266406 0.025000 0.026562
7 0.446875 0.281250 0.059375 0.056250
7 0.532813 0.272656 0.043750 0.039062
7 0.611719 0.278125 0.045312 0.050000
7 0.681250 0.267188 0.025000 0.028125
7 0.758594 0.300781 0.060937 0.095312
7 0.836719 0.267969 0.026562 0.029687
7 0.899219 0.266406 0.029687 0.026562
7 0.056250 0.417187 0.068750 0.068750
7 0.141406 0.403906 0.032813 0.042188
7 0.203125 0.394531 0.021875 0.023438
7 0.259375 0.395313 0.021875 0.025000
7 0.328906 0.425781 0.048438 0.085938
7 0.399219 0.400000 0.023438 0.034375
7 0.457813 0.391406 0.025000 0.017188
7 0.512500 0.389844 0.015625 0.014063
7 0.578906 0.408594 0.048438 0.051562
7 0.651563 0.394531 0.028125 0.023438
7 0.719531 0.408594 0.039062 0.051562
7 0.788281 0.399219 0.029687 0.032813
7 0.850781 0.400000 0.026562 0.034375
7 0.908594 0.391406 0.020313 0.017188
7 0.960938 0.392188 0.015625 0.018750
7 0.033594 0.511719 0.023438 0.017188
7 0.088281 0.513281 0.017188 0.020313
7 0.148438 0.513281 0.034375 0.020313
7 0.239844 0.554688 0.079687 0.103125
7 0.329688 0.520312 0.031250 0.034375
7 0.390625 0.512500 0.021875 0.018750
7 0.496875 0.564063 0.121875 0.121875
7 0.613281 0.520312 0.042188 0.034375
7 0.692969 0.533594 0.048438 0.060937
7 0.768750 0.514062 0.034375 0.021875
7 0.828906 0.508594 0.017188 0.010937
7 0.102344 0.690625 0.160938 0.062500
7 0.235156 0.674219 0.035937 0.029687
7 0.296875 0.670312 0.018750 0.021875
7 0.373437 0.683594 0.065625 0.048438
7 0.456250 0.677344 0.031250 0.035937
7 0.519531 0.674219 0.026562 0.029687
7 0.636719 0.712500 0.139063 0.106250
7 0.757031 0.676562 0.032813 0.034375
7 0.817969 0.668750 0.020313 0.018750
7 0.879687 0.677344 0.034375 0.035937
7 0.063281 0.824219 0.082812 0.048438
7 0.151562 0.814063 0.025000 0.028125
7 0.221094 0.828125 0.045312 0.056250
7 0.292969 0.813281 0.029687 0.026562
7 0.364844 0.844531 0.045312 0.089063
7 0.446094 0.835156 0.048438 0.070312
7 0.528906 0.817187 0.048438 0.034375
7 0.599219 0.809375 0.023438 0.018750
7 0.654687 0.807813 0.018750 0.015625
7 0.708594 0.811719 0.020313 0.023438
7 0.763281 0.809375 0.020313 0.018750
7 0.833594 0.820312 0.051562 0.040625
7 0.914844 0.820312 0.042188 0.040625
7 0.039062 0.938281 0.034375 0.029687
