7 0.112500 0.123438 0.181250 0.203125
7 0.250781 0.025000 0.026562 0.015625
7 0.313281 0.038281 0.029687 0.032813
7 0.376563 0.035937 0.028125 0.028125
7 0.452344 0.040625 0.054688 0.037500
7 0.528906 0.041406 0.029687 0.039062
7 0.594531 0.036719 0.032813 0.029687
7 0.661719 0.032813 0.032813 0.021875
7 0.804688 0.039844 0.043750 0.035937
7 0.878125 0.033594 0.034375 0.023438
7 0.944531 0.038281 0.029687 0.032813
7 0.032031 0.271094 0.020313 0.023438
7 0.091406 0.277344 0.029687 0.035937
7 0.147656 0.267969 0.014063 0.017188
7 0.208594 0.276562 0.039062 0.034375
7 0.298438 0.289844 0.071875 0.060937
7 0.383594 0.275781 0.029687 0.032813
7 0.444531 0.275781 0.023438 0.032813
7 0.516406 0.270313 0.051562 0.021875
7 0.592969 0.278125 0.032813 0.037500
7 0.669531 0.301563 0.051562 0.084375
7 0.740625 0.270313 0.021875 0.021875
7 0.800781 0.273438 0.029687 0.028125
7 0.874219 0.289062 0.048438 0.059375
7 0.946875 0.272656 0.028125 0.026562
7 0.040625 0.392969 0.037500 0.029687
7 0.115625 0.405469 0.043750 0.054688
7 0.192188 0.390625 0.040625 0.025000
7 0.267969 0.396094 0.042188 0.035937
7 0.335156 0.389844 0.023438 0.023438
7 0.396094 0.392969 0.029687 0.029687
7 0.468750 0.400781 0.046875 0.045312
7 0.539062 0.389844 0.025000 0.023438
7 0.603125 0.394531 0.034375 0.032813
7 0.677344 0.395313 0.045312 0.034375
7 0.753125 0.392969 0.037500 0.029687
7 0.833594 0.401562 0.054688 0.046875
7 0.904687 0.392969 0.018750 0.029687
7 0.960938 0.388281 0.025000 0.020313
7 0.039062 0.480469 0.034375 0.026562
7 0.099219 0.475781 0.017188 0.017188
7 0.160938 0.485938 0.037500 0.037500
7 0.227344 0.482031 0.026562 0.029687
7 0.284375 0.478125 0.018750 0.021875
7 0.339062 0.478125 0.021875 0.021875
7 0.398438 0.480469 0.028125 0.026562
7 0.459375 0.477344 0.025000 0.020313
7 0.515625 0.477344 0.018750 0.020313
7 0.566406 0.477344 0.014063 0.020313
7 0.627344 0.483594 0.039062 0.032813
7 0.692969 0.478125 0.023438 0.021875
7 0.755469 0.479687 0.032813 0.025000
7 0.826562 0.483594 0.040625 0.032813
7 0.907031 0.485938 0.051562 0.037500
7 0.083594 0.591406 0.123438 0.104688
7 0.194531 0.551562 0.029687 0.025000
7 0.257031 0.552344 0.026562 0.026562
7 0.317188 0.554688 0.025000 0.031250
7 0.393750 0.571094 0.059375 0.064062
7 0.478125 0.557813 0.040625 0.037500
7 0.558594 0.571875 0.051562 0.065625
7 0.633594 0.564063 0.029687 0.050000
7 0.690625 0.549219 0.015625 0.020313
7 0.748437 0.551562 0.031250 0.025000
7 0.823438 0.532031 0.050000 0.010937
7 0.896094 0.549219 0.026562 0.020313
7 0.032031 0.689844 0.020313 0.023438
7 0.086719 0.686719 0.020313 0.017188
7 0.150000 0.698438 0.037500 0.040625
7 0.263281 0.720313 0.120313 0.084375
7 0.371094 0.692969 0.026562 0.029687
7 0.445312 0.709375 0.053125 0.062500
7 0.529687 0.706250 0.046875 0.056250
7 0.596094 0.691406 0.017188 0.026562
7 0.653906 0.692187 0.029687 0.028125
7 0.716406 0.688281 0.026562 0.020313
7 0.778906 0.689844 0.029687 0.023438
7 0.838281 0.685937 0.020313 0.015625
7 0.892969 0.689063 0.020313 0.021875
7 0.954688 0.696094 0.034375 0.035937
7 0.032813 0.807031 0.021875 0.020313
7 0.093750 0.809375 0.031250 0.025000
7 0.156250 0.808594 0.025000 0.023438
7 0.220312 0.810156 0.034375 0.026562
7 0.308594 0.832812 0.073438 0.071875
7 0.392188 0.811719 0.025000 0.029687
7 0.457031 0.814063 0.035937 0.034375
7 0.533594 0.817969 0.048438 0.042188
7 0.621094 0.836719 0.057813 0.079687
7 0.711719 0.813281 0.054688 0.032813
7 0.786719 0.808594 0.026562 0.023438
7 0.846094 0.805469 0.023438 0.017188
7 0.914844 0.811719 0.045312 0.029687
7 0.038281 0.925781 0.032813 0.029687
7 0.113281 0.925000 0.048438 0.028125
7 0.185156 0.927344 0.026562 0.032813
7 0.247656 0.925781 0.029687 0.029687
7 0.308594 0.925781 0.023438 0.029687
7 0.381250 0.936719 0.053125 0.051562
7 0.449219 0.921094 0.014063 0.020313
