8 0.259375 0.326562 0.475000 0.609375
8 0.539844 0.030469 0.017188 0.017188
8 0.589063 0.025000 0.012500 0.006250
8 0.642188 0.032031 0.025000 0.020313
8 0.702344 0.032813 0.026562 0.021875
8 0.764844 0.035937 0.029687 0.028125
8 0.839844 0.048438 0.051562 0.053125
8 0.906250 0.027344 0.012500 0.010937
8 0.046094 0.683594 0.048438 0.035937
8 0.117969 0.680469 0.026562 0.029687
8 0.178125 0.678125 0.025000 0.025000
8 0.243750 0.678906 0.037500 0.026562
8 0.303906 0.672656 0.014063 0.014063
8 0.360156 0.680469 0.029687 0.029687
8 0.421094 0.675781 0.023438 0.020313
8 0.474219 0.674219 0.014063 0.017188
8 0.578906 0.709375 0.126562 0.087500
8 0.694531 0.678906 0.035937 0.026562
8 0.782813 0.696875 0.071875 0.062500
8 0.867188 0.678906 0.028125 0.026562
8 0.938281 0.681250 0.045312 0.031250
8 0.034375 0.798438 0.025000 0.021875
8 0.100000 0.807031 0.037500 0.039062
8 0.167969 0.799219 0.029687 0.023438
8 0.232813 0.800000 0.031250 0.025000
8 0.296875 0.797656 0.028125 0.020313
8 0.353906 0.794531 0.017188 0.014063
8 0.418750 0.813281 0.043750 0.051562
8 0.510938 0.818750 0.071875 0.062500
8 0.596875 0.800000 0.031250 0.025000
8 0.655469 0.797656 0.017188 0.020313
8 0.722656 0.802344 0.048438 0.029687
8 0.800000 0.801562 0.037500 0.028125
8 0.869531 0.802344 0.032813 0.029687
8 0.930469 0.797656 0.020313 0.020313
8 0.038281 0.896875 0.032813 0.025000
8 0.106250 0.896875 0.034375 0.025000
8 0.245312 0.893750 0.034375 0.018750
8 0.310156 0.895312 0.026562 0.021875
