7 0.056250 0.055469 0.068750 0.067187
7 0.145313 0.035937 0.040625 0.028125
7 0.223438 0.051562 0.046875 0.059375
7 0.295312 0.025000 0.028125 0.021875
7 0.353906 0.032031 0.020313 0.020313
7 0.433594 0.050781 0.070312 0.057813
7 0.514844 0.032031 0.023438 0.020313
7 0.571094 0.028906 0.020313 0.014063
7 0.630469 0.035156 0.029687 0.026562
7 0.692187 0.033594 0.025000 0.023438
7 0.746875 0.031250 0.015625 0.018750
7 0.817969 0.039062 0.057813 0.034375
7 0.898438 0.035937 0.034375 0.028125
7 0.044531 0.142969 0.045312 0.039062
7 0.113281 0.134375 0.023438 0.021875
7 0.171875 0.134375 0.025000 0.021875
7 0.261719 0.155469 0.085938 0.064062
7 0.371094 0.142969 0.064062 0.039062
7 0.454688 0.139063 0.034375 0.031250
7 0.520312 0.139063 0.028125 0.031250
7 0.583594 0.133594 0.029687 0.020313
7 0.646094 0.135156 0.026562 0.023438
7 0.710938 0.142969 0.034375 0.039062
7 0.809375 0.182812 0.093750 0.118750
7 0.903906 0.137500 0.026562 0.028125
7 0.039844 0.289062 0.035937 0.025000
7 0.190625 0.374219 0.196875 0.195312
7 0.332031 0.285156 0.017188 0.017188
7 0.386719 0.286719 0.023438 0.020313
7 0.454688 0.295312 0.043750 0.037500
7 0.529687 0.291406 0.037500 0.029687
7 0.604688 0.293750 0.043750 0.034375
7 0.682813 0.301563 0.043750 0.050000
7 0.755469 0.290625 0.032813 0.028125
7 0.826562 0.296094 0.040625 0.039062
7 0.902344 0.295312 0.042188 0.037500
7 0.039062 0.521875 0.034375 0.031250
7 0.103906 0.517188 0.026562 0.021875
7 0.169531 0.525000 0.035937 0.037500
7 0.251563 0.528906 0.059375 0.045312
7 0.325781 0.514062 0.020313 0.015625
7 0.386719 0.522656 0.032813 0.032813
7 0.465625 0.528906 0.056250 0.045312
7 0.539844 0.521094 0.023438 0.029687
7 0.655469 0.563281 0.139063 0.114062
7 0.789844 0.533594 0.060937 0.054688
7 0.878125 0.527344 0.046875 0.042188
7 0.047656 0.678906 0.051562 0.048438
7 0.128125 0.671875 0.040625 0.034375
7 0.199219 0.671094 0.032813 0.032813
7 0.262500 0.671094 0.025000 0.032813
7 0.332813 0.671875 0.046875 0.034375
7 0.431250 0.700000 0.081250 0.090625
7 0.517969 0.671094 0.023438 0.032813
7 0.580469 0.667969 0.032813 0.026562
7 0.657813 0.710156 0.053125 0.110937
7 0.729688 0.665625 0.021875 0.021875
7 0.789844 0.668750 0.029687 0.028125
7 0.854688 0.671875 0.031250 0.034375
7 0.914844 0.664844 0.020313 0.020313
7 0.035156 0.813281 0.026562 0.026562
7 0.099219 0.817187 0.032813 0.034375
7 0.185156 0.828906 0.070312 0.057813
7 0.284375 0.830469 0.059375 0.060937
7 0.359375 0.807813 0.021875 0.015625
7 0.425781 0.821875 0.042188 0.043750
7 0.496094 0.814844 0.029687 0.029687
7 0.557031 0.808594 0.023438 0.017188
7 0.628906 0.811719 0.051562 0.023438
7 0.710938 0.817969 0.043750 0.035937
7 0.815625 0.847656 0.096875 0.095312
7 0.922656 0.820312 0.048438 0.040625
