7 0.035937 0.039844 0.028125 0.035937
7 0.104688 0.040625 0.040625 0.037500
7 0.208594 0.064062 0.098437 0.084375
7 0.307031 0.031250 0.029687 0.018750
7 0.381250 0.035156 0.050000 0.026562
7 0.466406 0.044531 0.051562 0.045312
7 0.559375 0.036719 0.065625 0.029687
7 0.657031 0.046094 0.060937 0.048438
7 0.740625 0.039844 0.037500 0.035937
7 0.827344 0.047656 0.067187 0.051562
7 0.906250 0.034375 0.021875 0.025000
7 0.039062 0.160938 0.034375 0.040625
7 0.108594 0.159375 0.035937 0.037500
7 0.177344 0.154688 0.032813 0.028125
7 0.248438 0.153125 0.040625 0.025000
7 0.357812 0.185938 0.109375 0.090625
7 0.453906 0.149219 0.014063 0.017188
7 0.506250 0.149219 0.021875 0.017188
7 0.565625 0.151562 0.028125 0.021875
7 0.625781 0.149219 0.023438 0.017188
7 0.679688 0.148438 0.015625 0.015625
7 0.749219 0.159375 0.054688 0.037500
7 0.835938 0.164844 0.050000 0.048438
7 0.920312 0.179688 0.050000 0.078125
7 0.039844 0.279687 0.035937 0.028125
7 0.100000 0.277344 0.015625 0.023438
7 0.155469 0.279687 0.026562 0.028125
7 0.214062 0.275781 0.021875 0.020313
7 0.271875 0.275000 0.025000 0.018750
7 0.342187 0.284375 0.046875 0.037500
7 0.413281 0.278906 0.026562 0.026562
7 0.467969 0.274219 0.014063 0.017188
7 0.530469 0.284375 0.042188 0.037500
7 0.600781 0.278906 0.029687 0.026562
7 0.664062 0.284375 0.028125 0.037500
7 0.794531 0.277344 0.020313 0.023438
7 0.849219 0.278906 0.020313 0.026562
7 0.907031 0.277344 0.026562 0.023438
7 0.060156 0.370312 0.076563 0.065625
7 0.147656 0.350781 0.029687 0.026562
7 0.213281 0.355469 0.032813 0.035937
7 0.289062 0.359375 0.050000 0.043750
7 0.371875 0.357031 0.046875 0.039062
7 0.443750 0.351562 0.028125 0.028125
7 0.510938 0.362500 0.037500 0.050000
7 0.575781 0.350781 0.023438 0.026562
7 0.636719 0.356250 0.029687 0.037500
7 0.706250 0.353906 0.040625 0.032813
7 0.791406 0.366406 0.060937 0.057813
7 0.883594 0.360938 0.054688 0.046875
7 0.960938 0.353906 0.031250 0.032813
7 0.032813 0.448437 0.021875 0.021875
7 0.145313 0.454688 0.025000 0.034375
7 0.203125 0.446875 0.021875 0.018750
7 0.272656 0.455469 0.048438 0.035937
7 0.360156 0.462500 0.057813 0.050000
7 0.442188 0.454688 0.037500 0.034375
7 0.508594 0.448437 0.026562 0.021875
7 0.572656 0.459375 0.032813 0.043750
7 0.636719 0.449219 0.026562 0.023438
7 0.696094 0.447656 0.023438 0.020313
7 0.767969 0.467187 0.051562 0.059375
7 0.844531 0.455469 0.032813 0.035937
7 0.915625 0.453125 0.040625 0.031250
7 0.029687 0.538281 0.015625 0.014063
7 0.085156 0.541406 0.026562 0.020313
7 0.147656 0.542969 0.029687 0.023438
7 0.212500 0.544531 0.031250 0.026562
7 0.282031 0.546094 0.039062 0.029687
7 0.364844 0.552344 0.057813 0.042188
7 0.455469 0.544531 0.054688 0.026562
7 0.530469 0.541406 0.026562 0.020313
7 0.605469 0.582031 0.054688 0.101562
7 0.678906 0.546875 0.023438 0.031250
7 0.732031 0.543750 0.014063 0.025000
7 0.788281 0.550000 0.029687 0.037500
7 0.846875 0.537500 0.018750 0.012500
7 0.914062 0.553125 0.046875 0.043750
7 0.035937 0.680469 0.028125 0.026562
7 0.103125 0.683594 0.037500 0.032813
7 0.172656 0.684375 0.032813 0.034375
7 0.245312 0.680469 0.043750 0.026562
7 0.325000 0.685156 0.046875 0.035937
7 0.395313 0.677344 0.025000 0.020313
7 0.452344 0.680469 0.020313 0.026562
7 0.514062 0.684375 0.034375 0.034375
7 0.585938 0.685937 0.040625 0.037500
7 0.654687 0.682031 0.028125 0.029687
7 0.728125 0.688281 0.050000 0.042188
7 0.831250 0.718750 0.087500 0.103125
7 0.086719 0.863281 0.129688 0.117188
7 0.202344 0.816406 0.032813 0.023438
7 0.272656 0.819531 0.039062 0.029687
7 0.335156 0.814844 0.017188 0.020313
7 0.385937 0.811719 0.015625 0.014063
7 0.453906 0.829688 0.051562 0.050000
7 0.522656 0.814063 0.017188 0.018750
7 0.582031 0.816406 0.032813 0.023438
7 0.646094 0.841406 0.026562 0.073438
7 0.697656 0.820312 0.029687 0.031250
7 0.762500 0.821094 0.031250 0.032813
7 0.839844 0.837500 0.054688 0.065625
7 0.909375 0.813281 0.015625 0.017188
7 0.042969 0.954688 0.042188 0.021875
