8 0.057813 0.063281 0.071875 0.082812
8 0.162500 0.052344 0.068750 0.060937
8 0.242188 0.035156 0.021875 0.026562
8 0.303125 0.034375 0.031250 0.025000
8 0.369531 0.035156 0.032813 0.026562
8 0.454688 0.039844 0.068750 0.035937
8 0.546094 0.042969 0.045312 0.042188
8 0.617188 0.035156 0.028125 0.026562
8 0.677344 0.035937 0.023438 0.028125
8 0.744531 0.038281 0.042188 0.032813
8 0.818750 0.042188 0.037500 0.040625
8 0.895312 0.039844 0.046875 0.035937
8 0.035156 0.150781 0.026562 0.023438
8 0.113281 0.185156 0.060937 0.092188
8 0.229687 0.189062 0.103125 0.100000
8 0.334375 0.152344 0.037500 0.026562
8 0.405469 0.150781 0.035937 0.023438
8 0.469531 0.146875 0.023438 0.015625
8 0.556250 0.185156 0.081250 0.092188
8 0.645312 0.153125 0.028125 0.028125
8 0.706250 0.150000 0.025000 0.021875
8 0.774219 0.157031 0.042188 0.035937
8 0.844531 0.151562 0.029687 0.025000
8 0.902344 0.144531 0.017188 0.010937
8 0.953125 0.146875 0.015625 0.015625
8 0.034375 0.286719 0.025000 0.026562
8 0.090625 0.286719 0.018750 0.026562
8 0.144531 0.284375 0.020313 0.021875
8 0.202344 0.286719 0.026562 0.026562
8 0.265625 0.281250 0.031250 0.015625
8 0.346094 0.324219 0.060937 0.101562
8 0.431250 0.287500 0.040625 0.028125
8 0.502344 0.285156 0.032813 0.023438
8 0.564844 0.285156 0.023438 0.023438
8 0.621875 0.285156 0.021875 0.023438
8 0.692187 0.291406 0.050000 0.035937
8 0.772656 0.297656 0.042188 0.048438
8 0.847656 0.292969 0.039062 0.039062
8 0.910156 0.281250 0.017188 0.015625
8 0.039844 0.425781 0.035937 0.032813
8 0.117188 0.433594 0.050000 0.048438
8 0.189844 0.421094 0.026562 0.023438
8 0.264844 0.440625 0.054688 0.062500
8 0.342187 0.425781 0.031250 0.032813
8 0.409375 0.426563 0.034375 0.034375
8 0.475781 0.428125 0.048438 0.037500
8 0.585156 0.441406 0.101562 0.064062
8 0.710156 0.444531 0.079687 0.070312
8 0.802344 0.423438 0.035937 0.028125
