7 0.042969 0.042969 0.042188 0.042188
7 0.118750 0.041406 0.040625 0.039062
7 0.183594 0.032031 0.020313 0.020313
7 0.258594 0.042188 0.060937 0.040625
7 0.403125 0.096875 0.159375 0.150000
7 0.525781 0.031250 0.017188 0.018750
7 0.578125 0.036719 0.018750 0.029687
7 0.640625 0.042188 0.037500 0.040625
7 0.703125 0.034375 0.018750 0.025000
7 0.758594 0.032031 0.023438 0.020313
7 0.821875 0.033594 0.034375 0.023438
7 0.882812 0.029687 0.018750 0.015625
7 0.932031 0.031250 0.010937 0.018750
7 0.049219 0.232813 0.054688 0.053125
7 0.126562 0.220312 0.031250 0.028125
7 0.192969 0.222656 0.032813 0.032813
7 0.268750 0.232813 0.050000 0.053125
7 0.381250 0.242188 0.106250 0.071875
7 0.481250 0.217188 0.025000 0.021875
7 0.543750 0.223438 0.031250 0.034375
7 0.622656 0.229687 0.057813 0.046875
7 0.703125 0.224219 0.034375 0.035937
7 0.764062 0.214062 0.018750 0.015625
7 0.821875 0.217969 0.028125 0.023438
7 0.889844 0.224219 0.039062 0.035937
7 0.047656 0.331250 0.051562 0.037500
7 0.121875 0.321094 0.028125 0.017188
7 0.185156 0.324219 0.029687 0.023438
7 0.253906 0.326562 0.039062 0.028125
7 0.319531 0.326562 0.023438 0.028125
7 0.378906 0.321875 0.026562 0.018750
7 0.439063 0.328906 0.025000 0.032813
7 0.499219 0.323437 0.026562 0.021875
7 0.563281 0.332813 0.032813 0.040625
7 0.631250 0.331250 0.034375 0.037500
7 0.694531 0.321875 0.023438 0.018750
7 0.757031 0.325781 0.032813 0.026562
7 0.833594 0.339844 0.051562 0.054688
7 0.093750 0.487500 0.143750 0.171875
7 0.222656 0.422656 0.045312 0.042188
7 0.322656 0.450781 0.085938 0.098437
7 0.411719 0.409375 0.023438 0.015625
7 0.472656 0.413281 0.029687 0.023438
7 0.531250 0.414062 0.018750 0.025000
7 0.592187 0.416406 0.034375 0.029687
7 0.658594 0.416406 0.029687 0.029687
7 0.730469 0.413281 0.045312 0.023438
7 0.800781 0.411719 0.026562 0.020313
7 0.861719 0.417969 0.026562 0.032813
7 0.932031 0.417969 0.045312 0.032813
7 0.034375 0.619531 0.025000 0.023438
7 0.092969 0.617969 0.023438 0.020313
7 0.147656 0.618750 0.017188 0.021875
7 0.207813 0.621094 0.034375 0.026562
7 0.289844 0.628125 0.060937 0.040625
7 0.363281 0.614844 0.017188 0.014063
7 0.421094 0.614844 0.029687 0.014063
7 0.484375 0.622656 0.028125 0.029687
7 0.546094 0.615625 0.026562 0.015625
7 0.614062 0.628906 0.040625 0.042188
7 0.678906 0.621094 0.020313 0.026562
7 0.742188 0.616406 0.037500 0.017188
7 0.823438 0.635156 0.056250 0.054688
7 0.898438 0.624219 0.025000 0.032813
7 0.955469 0.621094 0.020313 0.026562
7 0.100000 0.708594 0.018750 0.023438
7 0.150781 0.700000 0.014063 0.006250
7 0.204687 0.708594 0.025000 0.023438
7 0.266406 0.716406 0.029687 0.039062
7 0.330469 0.711719 0.029687 0.029687
7 0.394531 0.707812 0.029687 0.021875
7 0.453125 0.707031 0.018750 0.020313
7 0.524219 0.719531 0.054688 0.045312
7 0.596094 0.707031 0.020313 0.020313
7 0.660156 0.710938 0.039062 0.028125
7 0.725000 0.711719 0.021875 0.029687
7 0.789844 0.719531 0.039062 0.045312
7 0.854688 0.708594 0.021875 0.023438
7 0.932031 0.730469 0.064062 0.067187
7 0.052344 0.818750 0.060937 0.040625
7 0.128125 0.810937 0.021875 0.025000
7 0.189844 0.814844 0.032813 0.032813
7 0.251563 0.808594 0.021875 0.020313
7 0.303906 0.807031 0.014063 0.017188
7 0.357812 0.811719 0.025000 0.026562
7 0.445312 0.816406 0.081250 0.035937
7 0.546875 0.816406 0.053125 0.035937
7 0.615625 0.808594 0.015625 0.020313
7 0.684375 0.817187 0.053125 0.037500
7 0.754687 0.807031 0.018750 0.017188
7 0.813281 0.811719 0.029687 0.026562
7 0.878125 0.814063 0.031250 0.031250
7 0.936719 0.806250 0.017188 0.015625
7 0.039844 0.888281 0.035937 0.029687
7 0.108594 0.888281 0.032813 0.029687
7 0.174219 0.885938 0.029687 0.025000
7 0.242188 0.885938 0.037500 0.025000
7 0.339062 0.893750 0.087500 0.040625
7 0.452344 0.914062 0.070312 0.081250
