7 0.047656 0.042188 0.051562 0.040625
7 0.123438 0.037500 0.031250 0.031250
7 0.188281 0.037500 0.029687 0.031250
7 0.270313 0.042188 0.065625 0.040625
7 0.378906 0.067969 0.082812 0.092188
7 0.469531 0.030469 0.029687 0.017188
7 0.535937 0.035156 0.034375 0.026562
7 0.661719 0.087500 0.148438 0.131250
7 0.780469 0.032813 0.020313 0.021875
7 0.839844 0.035937 0.029687 0.028125
7 0.908594 0.037500 0.039062 0.031250
7 0.075000 0.234375 0.106250 0.093750
7 0.169531 0.193750 0.014063 0.012500
7 0.417187 0.359375 0.412500 0.343750
7 0.686719 0.213281 0.057813 0.051562
7 0.775781 0.225781 0.051562 0.076563
7 0.857812 0.211719 0.043750 0.048438
7 0.930469 0.203906 0.032813 0.032813
7 0.035156 0.577344 0.026562 0.023438
7 0.099219 0.578125 0.032813 0.025000
7 0.164844 0.589844 0.029687 0.048438
7 0.244531 0.597656 0.060937 0.064062
7 0.325781 0.580469 0.032813 0.029687
7 0.638281 0.741406 0.523438 0.360938
7 0.956250 0.579688 0.043750 0.028125
7 0.029687 0.963281 0.015625 0.014063
