8 0.275781 0.225000 0.507812 0.406250
8 0.578125 0.031250 0.028125 0.018750
8 0.655469 0.052344 0.057813 0.060937
8 0.740625 0.052344 0.043750 0.060937
8 0.825781 0.053125 0.057813 0.062500
8 0.903125 0.035937 0.028125 0.028125
8 0.069531 0.515625 0.095312 0.106250
8 0.167187 0.478906 0.031250 0.032813
8 0.241406 0.481250 0.048438 0.037500
8 0.307812 0.468750 0.015625 0.012500
8 0.363281 0.474219 0.026562 0.023438
8 0.428906 0.482812 0.035937 0.040625
8 0.496875 0.478906 0.031250 0.032813
8 0.568750 0.484375 0.043750 0.043750
8 0.639844 0.475000 0.029687 0.025000
8 0.703125 0.477344 0.028125 0.029687
8 0.768750 0.472656 0.034375 0.020313
8 0.878906 0.491406 0.117188 0.057813
8 0.033594 0.614062 0.023438 0.021875
8 0.088281 0.615625 0.017188 0.025000
8 0.167187 0.627344 0.071875 0.048438
8 0.252344 0.619531 0.029687 0.032813
8 0.314844 0.621875 0.026562 0.037500
8 0.374219 0.617969 0.023438 0.029687
8 0.444531 0.624219 0.051562 0.042188
8 0.510938 0.609375 0.012500 0.012500
8 0.561719 0.614844 0.020313 0.023438
8 0.620313 0.621875 0.028125 0.037500
8 0.684375 0.618750 0.031250 0.031250
8 0.749219 0.613281 0.029687 0.020313
8 0.807031 0.611719 0.017188 0.017188
8 0.879687 0.633594 0.059375 0.060937
8 0.949219 0.608594 0.010937 0.010937
8 0.053125 0.740625 0.062500 0.084375
8 0.128125 0.705469 0.018750 0.014063
8 0.178906 0.704688 0.014063 0.012500
8 0.235937 0.710156 0.031250 0.023438
8 0.303125 0.719531 0.034375 0.042188
8 0.370312 0.708594 0.031250 0.020313
8 0.426563 0.706250 0.012500 0.015625
8 0.486719 0.707812 0.039062 0.018750
8 0.555469 0.711719 0.029687 0.026562
8 0.618750 0.714844 0.028125 0.032813
8 0.678906 0.709375 0.023438 0.021875
8 0.737500 0.710156 0.025000 0.023438
8 0.793750 0.709375 0.018750 0.021875
8 0.846875 0.707031 0.018750 0.017188
8 0.924219 0.727344 0.067187 0.057813
8 0.032031 0.825781 0.020313 0.020313
8 0.088281 0.828125 0.023438 0.025000
8 0.151562 0.830469 0.034375 0.029687
8 0.218750 0.832031 0.031250 0.032813
8 0.276562 0.825000 0.015625 0.018750
8 0.346875 0.842187 0.056250 0.053125
8 0.448437 0.862500 0.078125 0.093750
8 0.537500 0.828906 0.031250 0.026562
8 0.631250 0.894531 0.106250 0.157812
8 0.738281 0.835156 0.039062 0.039062
8 0.798438 0.821875 0.012500 0.012500
8 0.859375 0.840625 0.040625 0.050000
8 0.925781 0.828906 0.023438 0.026562
