7 0.038281 0.039062 0.032813 0.034375
7 0.105469 0.038281 0.032813 0.032813
7 0.170313 0.032031 0.028125 0.020313
7 0.230469 0.033594 0.023438 0.023438
7 0.284375 0.031250 0.015625 0.018750
7 0.362500 0.074219 0.071875 0.104688
7 0.458594 0.043750 0.051562 0.043750
7 0.528125 0.030469 0.018750 0.017188
7 0.583594 0.031250 0.023438 0.018750
7 0.646875 0.033594 0.034375 0.023438
7 0.728906 0.055469 0.060937 0.067187
7 0.825781 0.037500 0.064062 0.031250
7 0.925000 0.050781 0.065625 0.057813
7 0.342969 0.416406 0.642188 0.510938
7 0.718750 0.185156 0.040625 0.048438
7 0.788281 0.175000 0.029687 0.028125
7 0.853906 0.173437 0.032813 0.025000
7 0.917969 0.175000 0.026562 0.028125
7 0.057031 0.734375 0.070312 0.056250
7 0.142187 0.722656 0.031250 0.032813
7 0.200781 0.713281 0.017188 0.014063
7 0.255469 0.717187 0.023438 0.021875
7 0.329688 0.725781 0.056250 0.039062
7 0.428125 0.742188 0.071875 0.071875
7 0.522656 0.728125 0.048438 0.043750
7 0.600781 0.757812 0.039062 0.103125
7 0.732812 0.793750 0.156250 0.175000
7 0.858594 0.717969 0.026562 0.023438
7 0.925781 0.724219 0.039062 0.035937
7 0.041406 0.933594 0.039062 0.035937
7 0.119531 0.934375 0.048438 0.037500
7 0.201563 0.933594 0.046875 0.035937
7 0.275000 0.931250 0.031250 0.031250
