7 0.032813 0.029687 0.021875 0.015625
7 0.089844 0.033594 0.023438 0.023438
7 0.141406 0.030469 0.010937 0.017188
7 0.196094 0.037500 0.029687 0.031250
7 0.259375 0.036719 0.028125 0.029687
7 0.342969 0.065625 0.070312 0.087500
7 0.436719 0.046094 0.048438 0.048438
7 0.511719 0.030469 0.032813 0.017188
7 0.584375 0.051562 0.043750 0.059375
7 0.653125 0.034375 0.025000 0.025000
7 0.711719 0.033594 0.023438 0.023438
7 0.776563 0.041406 0.037500 0.039062
7 0.839063 0.045312 0.018750 0.046875
7 0.905469 0.039844 0.045312 0.035937
7 0.041406 0.174219 0.039062 0.060937
7 0.178906 0.200000 0.167187 0.112500
7 0.308594 0.158594 0.023438 0.029687
7 0.383594 0.171875 0.057813 0.056250
7 0.460156 0.159375 0.026562 0.031250
7 0.525781 0.162500 0.035937 0.037500
7 0.585156 0.153906 0.014063 0.020313
7 0.645312 0.158594 0.037500 0.029687
7 0.713281 0.157031 0.029687 0.026562
7 0.800781 0.180469 0.076563 0.073438
7 0.889062 0.164062 0.031250 0.040625
7 0.039844 0.304688 0.048438 0.028125
7 0.107813 0.296875 0.018750 0.012500
7 0.166406 0.299219 0.029687 0.017188
7 0.231250 0.308594 0.031250 0.035937
7 0.296875 0.305469 0.031250 0.029687
7 0.362500 0.302344 0.031250 0.023438
7 0.440625 0.309375 0.056250 0.037500
7 0.511719 0.303125 0.017188 0.025000
7 0.588281 0.318750 0.067187 0.056250
7 0.705469 0.364844 0.098437 0.148438
7 0.794531 0.300000 0.010937 0.018750
7 0.849219 0.307031 0.029687 0.032813
7 0.925781 0.318750 0.054688 0.056250
7 0.033594 0.481250 0.023438 0.015625
7 0.091406 0.485938 0.023438 0.025000
7 0.152344 0.485156 0.029687 0.023438
7 0.206250 0.480469 0.009375 0.014063
7 0.265625 0.511719 0.040625 0.076563
7 0.335938 0.485156 0.031250 0.023438
7 0.402344 0.486719 0.032813 0.026562
7 0.466406 0.481250 0.026562 0.015625
7 0.521094 0.482031 0.014063 0.017188
7 0.583594 0.487500 0.042188 0.028125
7 0.649219 0.485156 0.020313 0.023438
7 0.746094 0.503906 0.104688 0.060937
7 0.850781 0.485156 0.035937 0.023438
7 0.910156 0.482031 0.014063 0.017188
7 0.041406 0.602344 0.039062 0.035937
7 0.109375 0.597656 0.028125 0.026562
7 0.182031 0.607812 0.048438 0.046875
7 0.264062 0.606250 0.046875 0.043750
7 0.339062 0.607031 0.034375 0.045312
7 0.410156 0.601562 0.039062 0.034375
7 0.516406 0.627344 0.104688 0.085938
7 0.611719 0.600781 0.017188 0.032813
7 0.670312 0.600781 0.031250 0.032813
7 0.735156 0.597656 0.029687 0.026562
7 0.817969 0.608594 0.067187 0.048438
7 0.921875 0.622656 0.071875 0.076563
7 0.030469 0.713281 0.017188 0.017188
7 0.090625 0.717969 0.034375 0.026562
7 0.157031 0.721875 0.029687 0.034375
7 0.222656 0.722656 0.032813 0.035937
7 0.285938 0.713281 0.025000 0.017188
7 0.388281 0.739844 0.110937 0.070312
7 0.495312 0.721875 0.034375 0.034375
7 0.567187 0.732031 0.040625 0.054688
7 0.635938 0.723437 0.028125 0.037500
7 0.701562 0.719531 0.034375 0.029687
7 0.781250 0.735938 0.056250 0.062500
7 0.853906 0.715625 0.020313 0.021875
7 0.928906 0.749219 0.060937 0.089063
7 0.039062 0.842969 0.034375 0.029687
7 0.099219 0.842187 0.017188 0.028125
7 0.198437 0.863281 0.112500 0.070312
7 0.303906 0.844531 0.029687 0.032813
7 0.366406 0.839063 0.026562 0.021875
7 0.425781 0.850000 0.023438 0.043750
7 0.532813 0.892188 0.121875 0.128125
7 0.644531 0.839844 0.032813 0.023438
7 0.719531 0.859375 0.048438 0.062500
7 0.789062 0.837500 0.021875 0.018750
7 0.856250 0.855469 0.043750 0.054688
7 0.932031 0.839063 0.039062 0.021875
