7 0.046094 0.054688 0.048438 0.065625
7 0.114062 0.028125 0.018750 0.012500
7 0.176563 0.041406 0.037500 0.039062
7 0.241406 0.033594 0.023438 0.023438
7 0.300000 0.029687 0.025000 0.015625
7 0.369531 0.039844 0.045312 0.035937
7 0.436719 0.032813 0.020313 0.021875
7 0.494531 0.033594 0.026562 0.023438
7 0.546875 0.031250 0.009375 0.018750
7 0.596875 0.033594 0.021875 0.023438
7 0.664844 0.036719 0.048438 0.029687
7 0.731250 0.032031 0.015625 0.020313
7 0.863281 0.082031 0.179688 0.120313
7 0.047656 0.206250 0.051562 0.059375
7 0.117188 0.185156 0.018750 0.017188
7 0.189844 0.193750 0.057813 0.034375
7 0.265625 0.189844 0.025000 0.026562
7 0.317969 0.183594 0.010937 0.014063
7 0.379688 0.189844 0.043750 0.026562
7 0.453125 0.195312 0.034375 0.037500
7 0.517188 0.187500 0.025000 0.021875
7 0.573438 0.187500 0.018750 0.021875
7 0.628906 0.183594 0.023438 0.014063
7 0.685937 0.189844 0.021875 0.026562
7 0.746094 0.192188 0.029687 0.031250
7 0.873437 0.228906 0.156250 0.104688
7 0.039062 0.333594 0.034375 0.035937
7 0.102344 0.328125 0.023438 0.025000
7 0.161719 0.324219 0.026562 0.017188
7 0.230469 0.334375 0.042188 0.037500
7 0.300781 0.328125 0.029687 0.025000
7 0.378906 0.339062 0.057813 0.046875
7 0.453906 0.328906 0.023438 0.026562
7 0.509375 0.325781 0.018750 0.020313
7 0.562500 0.326562 0.018750 0.021875
7 0.625781 0.339844 0.039062 0.048438
7 0.710156 0.342969 0.060937 0.054688
7 0.791406 0.337500 0.032813 0.043750
7 0.852344 0.330469 0.020313 0.029687
7 0.925000 0.335156 0.056250 0.039062
7 0.070312 0.442969 0.096875 0.076563
7 0.168750 0.416406 0.031250 0.023438
7 0.253906 0.445312 0.070312 0.081250
7 0.336719 0.414844 0.026562 0.020313
7 0.400781 0.418750 0.032813 0.028125
7 0.464844 0.421875 0.026562 0.034375
7 0.539844 0.429688 0.054688 0.050000
7 0.668750 0.468750 0.134375 0.128125
7 0.796875 0.435937 0.053125 0.062500
7 0.877344 0.417969 0.039062 0.026562
7 0.069531 0.610938 0.095312 0.087500
7 0.166406 0.581250 0.029687 0.028125
7 0.232031 0.582812 0.032813 0.031250
7 0.305469 0.585938 0.045312 0.037500
7 0.381250 0.583594 0.037500 0.032813
7 0.447656 0.578906 0.026562 0.023438
7 0.506250 0.575781 0.021875 0.017188
7 0.572656 0.573438 0.042188 0.012500
7 0.658594 0.605469 0.060937 0.076563
7 0.744531 0.585156 0.042188 0.035937
7 0.812500 0.579688 0.025000 0.025000
7 0.898438 0.605469 0.078125 0.076563
7 0.038281 0.703906 0.032813 0.029687
7 0.102344 0.702344 0.026562 0.026562
7 0.192969 0.721094 0.085938 0.064062
7 0.289844 0.701562 0.039062 0.025000
7 0.369531 0.731250 0.051562 0.084375
7 0.452344 0.709375 0.045312 0.040625
7 0.522656 0.698438 0.026562 0.018750
7 0.584375 0.702344 0.028125 0.026562
7 0.648438 0.706250 0.031250 0.034375
7 0.707812 0.703906 0.018750 0.029687
7 0.771094 0.710156 0.039062 0.042188
7 0.845313 0.706250 0.040625 0.034375
7 0.908594 0.699219 0.017188 0.020313
7 0.035937 0.815625 0.028125 0.015625
7 0.101562 0.822656 0.034375 0.029687
7 0.182031 0.835156 0.057813 0.054688
7 0.299219 0.823438 0.042188 0.031250
7 0.368750 0.822656 0.028125 0.029687
7 0.430469 0.827344 0.039062 0.039062
7 0.496094 0.821875 0.023438 0.028125
7 0.552344 0.816406 0.020313 0.017188
7 0.616406 0.828125 0.039062 0.040625
7 0.685937 0.823438 0.031250 0.031250
7 0.752344 0.819531 0.032813 0.023438
7 0.816406 0.822656 0.026562 0.029687
7 0.881250 0.825000 0.034375 0.034375
7 0.945312 0.819531 0.025000 0.023438
7 0.040625 0.917188 0.037500 0.040625
7 0.100781 0.907813 0.023438 0.021875
7 0.178125 0.915625 0.062500 0.062500
7 0.263281 0.912500 0.039062 0.031250
7 0.331250 0.907813 0.028125 0.021875
7 0.395313 0.916406 0.031250 0.039062
7 0.475781 0.930469 0.060937 0.067187
7 0.554688 0.912500 0.028125 0.031250
7 0.611719 0.905469 0.017188 0.017188
7 0.684375 0.928125 0.059375 0.062500
7 0.778906 0.932031 0.060937 0.070312
7 0.860938 0.903906 0.034375 0.014063
7 0.925781 0.909375 0.026562 0.025000
