7 0.075000 0.085938 0.106250 0.128125
7 0.182812 0.036719 0.040625 0.029687
7 0.253125 0.025781 0.031250 0.007812
7 0.319531 0.039844 0.032813 0.035937
7 0.387500 0.032031 0.034375 0.020313
7 0.450781 0.032031 0.023438 0.020313
7 0.507812 0.036719 0.021875 0.029687
7 0.583594 0.053125 0.060937 0.062500
7 0.677344 0.052344 0.057813 0.060937
7 0.775000 0.050781 0.068750 0.057813
7 0.867969 0.042969 0.048438 0.042188
7 0.938281 0.032813 0.023438 0.021875
7 0.030469 0.192969 0.017188 0.017188
7 0.150000 0.192188 0.015625 0.015625
7 0.201563 0.194531 0.018750 0.020313
7 0.250781 0.190625 0.010937 0.012500
7 0.307031 0.203125 0.032813 0.037500
7 0.373437 0.197656 0.031250 0.026562
7 0.443750 0.199219 0.040625 0.029687
7 0.517969 0.205469 0.039062 0.042188
7 0.593750 0.204687 0.043750 0.040625
7 0.662500 0.192969 0.025000 0.017188
7 0.731250 0.206250 0.043750 0.043750
7 0.804688 0.209375 0.034375 0.050000
7 0.882812 0.203125 0.053125 0.037500
7 0.957031 0.193750 0.026562 0.018750
7 0.110156 0.347656 0.176563 0.157812
7 0.265625 0.298438 0.065625 0.059375
7 0.357031 0.291406 0.048438 0.045312
7 0.435937 0.288281 0.040625 0.039062
7 0.505469 0.278906 0.029687 0.020313
7 0.565625 0.275000 0.021875 0.012500
7 0.635938 0.307031 0.050000 0.076563
7 0.703906 0.280469 0.017188 0.023438
7 0.760156 0.284375 0.026562 0.031250
7 0.822656 0.280469 0.029687 0.023438
7 0.883594 0.281250 0.023438 0.025000
7 0.943750 0.280469 0.028125 0.023438
7 0.033594 0.471875 0.023438 0.021875
7 0.099219 0.480469 0.039062 0.039062
7 0.170313 0.472656 0.034375 0.023438
7 0.236719 0.473438 0.029687 0.025000
7 0.297656 0.470313 0.023438 0.018750
7 0.357031 0.470313 0.026562 0.018750
7 0.414062 0.473438 0.018750 0.025000
7 0.477344 0.475000 0.039062 0.028125
7 0.546094 0.474219 0.029687 0.026562
7 0.607812 0.471875 0.025000 0.021875
7 0.667969 0.478906 0.026562 0.035937
7 0.724219 0.471094 0.017188 0.020313
7 0.784375 0.475000 0.034375 0.028125
7 0.854688 0.478906 0.037500 0.035937
7 0.930469 0.480469 0.045312 0.039062
7 0.039844 0.553906 0.035937 0.039062
7 0.107813 0.546875 0.031250 0.025000
7 0.172656 0.551562 0.029687 0.034375
7 0.236719 0.549219 0.029687 0.029687
7 0.297656 0.545312 0.023438 0.021875
7 0.355469 0.546875 0.023438 0.025000
7 0.410938 0.553125 0.018750 0.037500
7 0.471875 0.552344 0.034375 0.035937
7 0.544531 0.550000 0.042188 0.031250
7 0.611719 0.546094 0.023438 0.023438
7 0.671094 0.541406 0.026562 0.014063
7 0.735938 0.546875 0.034375 0.025000
7 0.806250 0.551562 0.037500 0.034375
7 0.866406 0.542969 0.014063 0.017188
7 0.925781 0.548438 0.035937 0.028125
7 0.078906 0.649219 0.114062 0.082812
7 0.185156 0.621875 0.029687 0.028125
7 0.253906 0.621875 0.039062 0.028125
7 0.318750 0.622656 0.021875 0.029687
7 0.384375 0.627344 0.040625 0.039062
7 0.450000 0.617969 0.021875 0.020313
7 0.505469 0.621094 0.020313 0.026562
7 0.557031 0.614844 0.014063 0.017188
7 0.607812 0.616406 0.018750 0.017188
7 0.660156 0.616406 0.017188 0.017188
7 0.710938 0.616406 0.015625 0.017188
7 0.773438 0.627344 0.040625 0.039062
7 0.860938 0.627344 0.065625 0.039062
7 0.936719 0.624219 0.017188 0.032813
7 0.033594 0.736719 0.023438 0.023438
7 0.091406 0.732812 0.023438 0.015625
7 0.161719 0.744531 0.048438 0.039062
7 0.232813 0.738281 0.025000 0.026562
7 0.303125 0.754687 0.046875 0.059375
7 0.371094 0.733594 0.020313 0.017188
7 0.453906 0.757812 0.076563 0.065625
7 0.536719 0.733594 0.020313 0.017188
7 0.590625 0.735938 0.018750 0.021875
7 0.692969 0.832812 0.117188 0.215625
7 0.807813 0.739062 0.043750 0.028125
7 0.878125 0.746875 0.028125 0.043750
7 0.939063 0.734375 0.025000 0.018750
