8 0.096094 0.113281 0.148438 0.182812
8 0.224219 0.040625 0.039062 0.037500
8 0.301563 0.047656 0.046875 0.051562
8 0.378906 0.039062 0.039062 0.034375
8 0.458594 0.038281 0.051562 0.032813
8 0.525781 0.028906 0.014063 0.014063
8 0.581250 0.035937 0.028125 0.028125
8 0.644531 0.039062 0.029687 0.034375
8 0.713281 0.043750 0.039062 0.043750
8 0.780469 0.035156 0.026562 0.026562
8 0.841406 0.033594 0.026562 0.023438
8 0.900781 0.032031 0.023438 0.020313
8 0.046094 0.253906 0.048438 0.029687
8 0.160938 0.280469 0.112500 0.082812
8 0.267188 0.254688 0.031250 0.031250
8 0.339844 0.257031 0.045312 0.035937
8 0.470313 0.273438 0.146875 0.068750
8 0.586719 0.250000 0.017188 0.021875
8 0.638281 0.245312 0.017188 0.012500
8 0.696094 0.250781 0.029687 0.023438
8 0.785156 0.262500 0.079687 0.046875
8 0.896094 0.296094 0.073438 0.114062
8 0.042188 0.400000 0.040625 0.025000
8 0.112500 0.398438 0.031250 0.021875
8 0.202344 0.428906 0.079687 0.082812
8 0.314063 0.410938 0.075000 0.046875
8 0.407031 0.407031 0.042188 0.039062
8 0.478125 0.403906 0.031250 0.032813
8 0.539062 0.397656 0.021875 0.020313
8 0.599219 0.403906 0.029687 0.032813
8 0.663281 0.400781 0.029687 0.026562
8 0.723437 0.399219 0.021875 0.023438
8 0.850000 0.406250 0.040625 0.037500
8 0.939844 0.405469 0.070312 0.035937
8 0.044531 0.527344 0.045312 0.045312
8 0.117969 0.519531 0.032813 0.029687
8 0.207031 0.533594 0.076563 0.057813
8 0.293750 0.517969 0.028125 0.026562
8 0.350000 0.514062 0.015625 0.018750
8 0.405469 0.514062 0.026562 0.018750
8 0.471875 0.529687 0.037500 0.050000
8 0.535156 0.520312 0.020313 0.031250
8 0.588281 0.512500 0.017188 0.015625
8 0.645312 0.517188 0.028125 0.025000
8 0.703125 0.514844 0.018750 0.020313
8 0.755469 0.511719 0.017188 0.014063
8 0.804688 0.510156 0.012500 0.010937
8 0.881250 0.535937 0.071875 0.062500
8 0.959375 0.514844 0.015625 0.020313
8 0.032031 0.620313 0.020313 0.037500
8 0.092188 0.614062 0.031250 0.025000
8 0.153906 0.612500 0.023438 0.021875
8 0.236719 0.646094 0.073438 0.089063
8 0.365625 0.639062 0.115625 0.075000
8 0.467969 0.610156 0.020313 0.017188
8 0.530469 0.613281 0.035937 0.023438
8 0.601562 0.614844 0.037500 0.026562
8 0.661719 0.607812 0.014063 0.012500
8 0.709375 0.608594 0.012500 0.014063
8 0.764844 0.615625 0.029687 0.028125
8 0.828125 0.618750 0.028125 0.034375
8 0.909375 0.646875 0.065625 0.090625
8 0.039062 0.738281 0.034375 0.023438
8 0.128906 0.757031 0.076563 0.060937
8 0.218750 0.739062 0.034375 0.025000
8 0.285938 0.742969 0.031250 0.032813
8 0.349219 0.741406 0.026562 0.029687
8 0.405469 0.735156 0.017188 0.017188
8 0.471094 0.744531 0.045312 0.035937
8 0.542969 0.739062 0.029687 0.025000
8 0.616406 0.746875 0.048438 0.040625
8 0.687500 0.739062 0.025000 0.025000
8 0.749219 0.739844 0.029687 0.026562
8 0.805469 0.732812 0.014063 0.012500
8 0.858594 0.742188 0.023438 0.031250
8 0.915625 0.739844 0.021875 0.026562
8 0.032813 0.830469 0.021875 0.017188
8 0.136719 0.832812 0.035937 0.021875
8 0.203906 0.835938 0.029687 0.028125
8 0.264844 0.833594 0.023438 0.023438
8 0.335156 0.850781 0.048438 0.057813
8 0.414844 0.840625 0.042188 0.037500
8 0.482812 0.835938 0.025000 0.028125
8 0.540625 0.833594 0.021875 0.023438
8 0.601562 0.833594 0.031250 0.023438
8 0.672656 0.852344 0.042188 0.060937
8 0.743750 0.836719 0.031250 0.029687
8 0.830469 0.850781 0.073438 0.057813
8 0.908594 0.832031 0.014063 0.020313
8 0.046875 0.935937 0.050000 0.037500
8 0.116406 0.927344 0.020313 0.020313
8 0.195312 0.947656 0.068750 0.060937
8 0.297656 0.946875 0.067187 0.059375
