7 0.048438 0.044531 0.053125 0.045312
7 0.124219 0.042969 0.029687 0.042188
7 0.183594 0.033594 0.020313 0.023438
7 0.235156 0.028125 0.014063 0.012500
7 0.282813 0.029687 0.012500 0.015625
7 0.334375 0.032813 0.021875 0.021875
7 0.418750 0.069531 0.078125 0.095312
7 0.510938 0.041406 0.037500 0.039062
7 0.588281 0.042969 0.048438 0.042188
7 0.669531 0.042969 0.045312 0.042188
7 0.741406 0.036719 0.029687 0.029687
7 0.812500 0.046094 0.043750 0.048438
7 0.879687 0.030469 0.021875 0.017188
7 0.935937 0.030469 0.021875 0.017188
7 0.037500 0.165625 0.031250 0.028125
7 0.100781 0.170313 0.026562 0.037500
7 0.161719 0.163281 0.026562 0.023438
7 0.228125 0.171094 0.037500 0.039062
7 0.303125 0.178906 0.043750 0.054688
7 0.376563 0.167969 0.034375 0.032813
7 0.439844 0.162500 0.023438 0.021875
7 0.504687 0.167187 0.037500 0.031250
7 0.643750 0.168750 0.028125 0.034375
7 0.702344 0.164844 0.020313 0.026562
7 0.775781 0.172656 0.057813 0.042188
7 0.860938 0.164844 0.043750 0.026562
7 0.925000 0.161719 0.015625 0.020313
7 0.032031 0.252344 0.020313 0.023438
7 0.090625 0.253906 0.028125 0.026562
7 0.157812 0.261719 0.037500 0.042188
7 0.227344 0.250000 0.032813 0.018750
7 0.304688 0.278906 0.053125 0.076563
7 0.378906 0.252344 0.026562 0.023438
7 0.457031 0.276562 0.060937 0.071875
7 0.534375 0.249219 0.025000 0.017188
7 0.594531 0.248438 0.026562 0.015625
7 0.655469 0.249219 0.026562 0.017188
7 0.722656 0.257812 0.039062 0.034375
7 0.794531 0.256250 0.035937 0.031250
7 0.866406 0.257031 0.039062 0.032813
7 0.943750 0.262500 0.046875 0.043750
7 0.035937 0.364844 0.028125 0.026562
7 0.097656 0.364063 0.026562 0.025000
7 0.166406 0.367969 0.042188 0.032813
7 0.242969 0.370312 0.042188 0.037500
7 0.314844 0.364063 0.032813 0.025000
7 0.382031 0.361719 0.032813 0.020313
7 0.454688 0.372656 0.043750 0.042188
7 0.530469 0.371875 0.039062 0.040625
7 0.604688 0.371094 0.040625 0.039062
7 0.667188 0.360938 0.015625 0.018750
7 0.728125 0.367188 0.037500 0.031250
7 0.805469 0.368750 0.048438 0.034375
7 0.888281 0.372656 0.048438 0.042188
7 0.960938 0.367969 0.028125 0.032813
7 0.050000 0.442969 0.056250 0.029687
7 0.132812 0.445312 0.040625 0.034375
7 0.201563 0.440625 0.028125 0.025000
7 0.271875 0.445312 0.043750 0.034375
7 0.344531 0.439844 0.032813 0.023438
7 0.422656 0.448437 0.054688 0.040625
7 0.512500 0.446875 0.056250 0.037500
7 0.591406 0.431250 0.032813 0.028125
7 0.651563 0.436719 0.018750 0.017188
7 0.707031 0.437500 0.023438 0.018750
7 0.764844 0.441406 0.023438 0.026562
7 0.834375 0.449219 0.046875 0.042188
7 0.908594 0.442969 0.032813 0.029687
7 0.964844 0.435156 0.010937 0.014063
7 0.035937 0.521875 0.028125 0.034375
7 0.111719 0.549219 0.054688 0.089063
7 0.182031 0.510938 0.017188 0.012500
7 0.241406 0.517969 0.032813 0.026562
7 0.305469 0.514062 0.026562 0.018750
7 0.363281 0.516406 0.020313 0.023438
7 0.421094 0.517969 0.026562 0.026562
7 0.480469 0.514844 0.023438 0.020313
