8 0.028125 0.034375 0.012500 0.025000
8 0.083594 0.035156 0.029687 0.026562
8 0.171094 0.059375 0.076563 0.075000
8 0.252344 0.031250 0.017188 0.018750
8 0.310937 0.036719 0.031250 0.029687
8 0.386719 0.035937 0.051562 0.028125
8 0.453125 0.028125 0.012500 0.012500
8 0.503125 0.032031 0.018750 0.020313
8 0.558594 0.031250 0.023438 0.018750
8 0.624219 0.032813 0.039062 0.021875
8 0.697656 0.038281 0.039062 0.032813
8 0.761719 0.031250 0.020313 0.018750
8 0.822656 0.033594 0.032813 0.023438
8 0.899219 0.047656 0.051562 0.051562
8 0.046875 0.145313 0.050000 0.028125
8 0.117188 0.139844 0.021875 0.017188
8 0.169531 0.138281 0.014063 0.014063
8 0.238281 0.151562 0.054688 0.040625
8 0.347656 0.245312 0.095312 0.228125
8 0.441406 0.144531 0.023438 0.026562
8 0.500781 0.139844 0.026562 0.017188
8 0.554688 0.138281 0.012500 0.014063
8 0.625781 0.166406 0.060937 0.070312
8 0.707812 0.143750 0.034375 0.025000
8 0.773438 0.150000 0.028125 0.037500
8 0.829688 0.138281 0.015625 0.014063
8 0.902344 0.178125 0.060937 0.093750
8 0.046094 0.419531 0.048438 0.051562
8 0.169531 0.451562 0.129688 0.115625
8 0.289062 0.421875 0.040625 0.056250
8 0.357812 0.407031 0.028125 0.026562
8 0.417187 0.405469 0.021875 0.023438
8 0.486719 0.414062 0.048438 0.040625
8 0.558594 0.402344 0.026562 0.017188
8 0.653906 0.507812 0.095312 0.228125
8 0.750000 0.404687 0.028125 0.021875
8 0.821094 0.432812 0.045312 0.078125
8 0.901563 0.414062 0.046875 0.040625
8 0.025781 0.682813 0.032813 0.053125
8 0.099219 0.679688 0.045312 0.046875
8 0.171094 0.671094 0.029687 0.029687
8 0.233594 0.665625 0.026562 0.018750
8 0.292187 0.664062 0.021875 0.015625
8 0.352344 0.669531 0.029687 0.026562
8 0.409375 0.665625 0.015625 0.018750
8 0.472656 0.675781 0.042188 0.039062
8 0.567187 0.687500 0.078125 0.062500
8 0.653125 0.669531 0.025000 0.026562
8 0.707031 0.663281 0.014063 0.014063
8 0.760938 0.667969 0.025000 0.023438
8 0.845313 0.681250 0.075000 0.050000
8 0.932031 0.671094 0.029687 0.029687
8 0.043750 0.775000 0.043750 0.043750
8 0.115625 0.771875 0.031250 0.037500
8 0.178906 0.772656 0.032813 0.039062
8 0.239063 0.767969 0.018750 0.029687
8 0.296094 0.764844 0.026562 0.023438
8 0.354687 0.766406 0.021875 0.026562
8 0.419531 0.773438 0.039062 0.040625
8 0.495312 0.773438 0.043750 0.040625
8 0.563281 0.768750 0.023438 0.031250
8 0.616406 0.760156 0.014063 0.014063
8 0.678125 0.772656 0.040625 0.039062
8 0.744531 0.764844 0.023438 0.023438
8 0.808594 0.767969 0.035937 0.029687
8 0.875000 0.771094 0.028125 0.035937
8 0.930469 0.759375 0.014063 0.012500
8 0.039062 0.847656 0.034375 0.032813
8 0.110156 0.850781 0.039062 0.039062
8 0.172656 0.837500 0.017188 0.012500
8 0.225000 0.839844 0.018750 0.017188
8 0.294531 0.864062 0.051562 0.065625
8 0.367969 0.842187 0.026562 0.021875
8 0.424219 0.839063 0.017188 0.015625
