8 0.079687 0.084375 0.115625 0.125000
8 0.177344 0.027344 0.010937 0.010937
8 0.236719 0.044531 0.039062 0.045312
8 0.302344 0.030469 0.023438 0.017188
8 0.362500 0.040625 0.028125 0.037500
8 0.441406 0.068750 0.060937 0.093750
8 0.513281 0.028906 0.014063 0.014063
8 0.567187 0.036719 0.025000 0.029687
8 0.627344 0.039844 0.026562 0.035937
8 0.689063 0.030469 0.028125 0.017188
8 0.767969 0.046875 0.060937 0.050000
8 0.848437 0.032031 0.031250 0.020313
8 0.085156 0.225000 0.126562 0.087500
8 0.199219 0.197656 0.032813 0.032813
8 0.260156 0.190625 0.020313 0.018750
8 0.312500 0.190625 0.015625 0.018750
8 0.365625 0.192969 0.021875 0.023438
8 0.425781 0.189844 0.029687 0.017188
8 0.475000 0.194531 0.018750 0.026562
8 0.532031 0.196875 0.026562 0.031250
8 0.589063 0.190625 0.018750 0.018750
8 0.649219 0.196875 0.032813 0.031250
8 0.756250 0.235937 0.112500 0.109375
8 0.868750 0.201563 0.043750 0.040625
8 0.035937 0.335938 0.028125 0.021875
8 0.107031 0.342969 0.048438 0.035937
8 0.174219 0.336719 0.017188 0.023438
8 0.259375 0.364844 0.084375 0.079687
8 0.350000 0.342969 0.028125 0.035937
8 0.411719 0.340625 0.026562 0.031250
8 0.482031 0.345313 0.045312 0.040625
8 0.573438 0.355469 0.068750 0.060937
8 0.653906 0.333594 0.023438 0.017188
8 0.725000 0.343750 0.050000 0.037500
8 0.800781 0.360938 0.054688 0.071875
8 0.875781 0.343750 0.026562 0.037500
8 0.118750 0.531250 0.193750 0.184375
8 0.270313 0.454688 0.040625 0.031250
8 0.353906 0.462500 0.057813 0.046875
8 0.432812 0.456250 0.031250 0.034375
8 0.497656 0.451562 0.029687 0.025000
8 0.555469 0.450000 0.017188 0.021875
8 0.635156 0.468750 0.073438 0.059375
8 0.721094 0.458594 0.029687 0.039062
8 0.788281 0.460938 0.035937 0.043750
8 0.871094 0.464844 0.060937 0.051562
8 0.079687 0.680469 0.115625 0.045312
8 0.185156 0.666406 0.026562 0.017188
8 0.253125 0.676562 0.040625 0.037500
8 0.317188 0.666406 0.018750 0.017188
8 0.375781 0.678125 0.029687 0.040625
8 0.434375 0.666406 0.018750 0.017188
8 0.496875 0.671094 0.037500 0.026562
8 0.560156 0.667969 0.020313 0.020313
8 0.617188 0.668750 0.025000 0.021875
8 0.680469 0.670312 0.032813 0.025000
8 0.744531 0.670312 0.026562 0.025000
8 0.800000 0.665625 0.015625 0.015625
8 0.852344 0.667188 0.020313 0.018750
8 0.907813 0.669531 0.021875 0.023438
8 0.036719 0.750781 0.029687 0.026562
8 0.100000 0.747656 0.028125 0.020313
8 0.200781 0.782031 0.104688 0.089063
8 0.296094 0.745313 0.017188 0.015625
8 0.356250 0.750781 0.034375 0.026562
8 0.416406 0.748437 0.017188 0.021875
8 0.475781 0.749219 0.032813 0.023438
8 0.582812 0.771094 0.112500 0.067187
8 0.704688 0.792188 0.087500 0.109375
8 0.800781 0.753125 0.035937 0.031250
8 0.090625 0.919531 0.137500 0.076563
8 0.231250 0.911719 0.075000 0.060937
8 0.313281 0.892188 0.020313 0.021875
8 0.374219 0.892969 0.032813 0.023438
8 0.448437 0.908594 0.046875 0.054688
