8 0.083594 0.128906 0.123438 0.214062
8 0.196094 0.044531 0.032813 0.045312
8 0.262500 0.038281 0.031250 0.032813
8 0.328125 0.036719 0.031250 0.029687
8 0.395313 0.035937 0.034375 0.028125
8 0.462500 0.035156 0.031250 0.026562
8 0.526563 0.034375 0.028125 0.025000
8 0.589844 0.034375 0.029687 0.025000
8 0.646875 0.028906 0.015625 0.014063
8 0.714063 0.043750 0.050000 0.043750
8 0.850781 0.047656 0.073438 0.051562
8 0.947656 0.047656 0.051562 0.051562
8 0.036719 0.288281 0.029687 0.035937
8 0.097656 0.281250 0.023438 0.021875
8 0.157031 0.280469 0.026562 0.020313
8 0.243750 0.301563 0.078125 0.062500
8 0.324219 0.278125 0.014063 0.015625
8 0.381250 0.289062 0.031250 0.037500
8 0.438281 0.278906 0.014063 0.017188
8 0.514844 0.306250 0.070312 0.071875
8 0.603906 0.281250 0.039062 0.021875
8 0.691406 0.323437 0.067187 0.106250
8 0.784375 0.298438 0.050000 0.056250
8 0.282813 0.664844 0.521875 0.507812
8 0.595313 0.422656 0.034375 0.023438
8 0.665625 0.437500 0.062500 0.053125
8 0.756250 0.437500 0.050000 0.053125
8 0.835156 0.434375 0.039062 0.046875
8 0.897656 0.417187 0.017188 0.012500
