7 0.069531 0.078125 0.095312 0.112500
7 0.181250 0.049219 0.059375 0.054688
7 0.262500 0.039062 0.034375 0.034375
7 0.338281 0.041406 0.048438 0.039062
7 0.510156 0.118750 0.226562 0.193750
7 0.669531 0.031250 0.023438 0.018750
7 0.737500 0.042188 0.043750 0.040625
7 0.819531 0.038281 0.051562 0.032813
7 0.905469 0.033594 0.051562 0.023438
7 0.032813 0.257812 0.021875 0.015625
7 0.091406 0.269531 0.026562 0.039062
7 0.153906 0.270313 0.029687 0.040625
7 0.210156 0.258594 0.014063 0.017188
7 0.364063 0.278906 0.068750 0.057813
7 0.457031 0.264844 0.048438 0.029687
7 0.524219 0.261719 0.023438 0.023438
7 0.582031 0.265625 0.023438 0.031250
7 0.642969 0.264844 0.029687 0.029687
7 0.706250 0.260937 0.028125 0.021875
7 0.777344 0.271094 0.045312 0.042188
7 0.842969 0.260156 0.017188 0.020313
7 0.899219 0.265625 0.026562 0.031250
7 0.039844 0.356250 0.035937 0.028125
7 0.104688 0.353906 0.025000 0.023438
7 0.167969 0.357031 0.032813 0.029687
7 0.296875 0.356250 0.031250 0.028125
7 0.370312 0.367969 0.046875 0.051562
7 0.448437 0.354687 0.040625 0.025000
7 0.508594 0.348438 0.010937 0.012500
7 0.560937 0.355469 0.025000 0.026562
7 0.625781 0.357031 0.035937 0.029687
7 0.696094 0.360156 0.035937 0.035937
7 0.763281 0.352344 0.029687 0.020313
7 0.828906 0.356250 0.032813 0.028125
7 0.891406 0.353125 0.023438 0.021875
7 0.954688 0.361719 0.034375 0.039062
7 0.038281 0.442188 0.032813 0.028125
7 0.109375 0.442188 0.040625 0.028125
7 0.176563 0.443750 0.025000 0.031250
7 0.237500 0.439063 0.028125 0.021875
7 0.357031 0.471875 0.142187 0.087500
7 0.483594 0.445312 0.042188 0.034375
7 0.611719 0.507812 0.145313 0.159375
7 0.724219 0.441406 0.023438 0.026562
7 0.779687 0.436719 0.018750 0.017188
7 0.836719 0.442188 0.026562 0.028125
7 0.905469 0.442969 0.042188 0.029687
7 0.039062 0.634375 0.034375 0.025000
7 0.109375 0.635156 0.037500 0.026562
7 0.174219 0.627344 0.023438 0.017188
7 0.250000 0.680469 0.059375 0.117188
7 0.339844 0.643750 0.051562 0.043750
7 0.414062 0.636719 0.028125 0.029687
7 0.483594 0.638281 0.042188 0.032813
7 0.564844 0.650000 0.051562 0.056250
7 0.635938 0.632812 0.021875 0.021875
7 0.694531 0.633594 0.026562 0.023438
7 0.756250 0.640625 0.028125 0.037500
7 0.837500 0.642188 0.065625 0.040625
7 0.921875 0.639844 0.034375 0.035937
7 0.039844 0.786719 0.035937 0.026562
7 0.112500 0.798438 0.040625 0.050000
7 0.194531 0.800781 0.054688 0.054688
7 0.268750 0.790625 0.025000 0.034375
7 0.325000 0.785156 0.018750 0.023438
7 0.379688 0.783594 0.021875 0.020313
7 0.439844 0.786719 0.029687 0.026562
7 0.513281 0.814063 0.048438 0.081250
7 0.583594 0.782813 0.023438 0.018750
7 0.665625 0.814063 0.071875 0.081250
7 0.742969 0.781250 0.014063 0.015625
7 0.800781 0.786719 0.032813 0.026562
7 0.858594 0.782031 0.014063 0.017188
7 0.914062 0.785937 0.028125 0.025000
7 0.042188 0.905469 0.040625 0.032813
7 0.121875 0.900000 0.050000 0.021875
7 0.195312 0.903125 0.028125 0.028125
7 0.259375 0.904687 0.031250 0.031250
7 0.323437 0.901563 0.028125 0.025000
7 0.382031 0.899219 0.020313 0.020313
7 0.441406 0.899219 0.029687 0.020313
7 0.505469 0.898438 0.029687 0.018750
7 0.570312 0.903125 0.031250 0.028125
7 0.637500 0.905469 0.034375 0.032813
7 0.702344 0.903125 0.026562 0.028125
7 0.760156 0.896875 0.020313 0.015625
7 0.828125 0.911719 0.046875 0.045312
7 0.903125 0.912500 0.034375 0.046875
7 0.965625 0.899219 0.021875 0.020313
