7 0.039062 0.039844 0.034375 0.035937
7 0.108594 0.040625 0.035937 0.037500
7 0.179688 0.041406 0.037500 0.039062
7 0.257031 0.042188 0.048438 0.040625
7 0.324219 0.032031 0.017188 0.020313
7 0.390625 0.030469 0.046875 0.017188
7 0.457031 0.030469 0.017188 0.017188
7 0.524219 0.041406 0.048438 0.039062
7 0.593750 0.036719 0.021875 0.029687
7 0.653125 0.034375 0.028125 0.025000
7 0.739062 0.050781 0.075000 0.057813
7 0.845313 0.051562 0.068750 0.059375
7 0.929688 0.037500 0.031250 0.031250
7 0.036719 0.132031 0.029687 0.032813
7 0.113281 0.139063 0.054688 0.046875
7 0.195312 0.131250 0.040625 0.031250
7 0.278125 0.137500 0.056250 0.043750
7 0.361719 0.130469 0.042188 0.029687
7 0.438281 0.133594 0.042188 0.035937
7 0.530469 0.142969 0.073438 0.054688
7 0.623437 0.127344 0.043750 0.023438
7 0.683594 0.120313 0.007812 0.009375
7 0.731250 0.132031 0.018750 0.032813
7 0.786719 0.129688 0.023438 0.028125
7 0.842969 0.129688 0.020313 0.028125
7 0.907031 0.137500 0.039062 0.043750
7 0.032031 0.211719 0.020313 0.014063
7 0.091406 0.221094 0.029687 0.032813
7 0.160156 0.221094 0.039062 0.032813
7 0.232813 0.221094 0.037500 0.032813
7 0.295312 0.213281 0.018750 0.017188
7 0.350000 0.217188 0.021875 0.025000
7 0.414844 0.225000 0.039062 0.040625
7 0.485156 0.221094 0.032813 0.032813
7 0.550781 0.219531 0.029687 0.029687
7 0.615625 0.219531 0.031250 0.029687
7 0.676562 0.212500 0.021875 0.015625
7 0.735938 0.224219 0.028125 0.039062
7 0.799219 0.223438 0.029687 0.037500
7 0.863281 0.221875 0.029687 0.034375
7 0.938281 0.230469 0.051562 0.051562
7 0.036719 0.309375 0.029687 0.037500
7 0.096875 0.299219 0.021875 0.017188
7 0.180469 0.316406 0.076563 0.051562
7 0.262500 0.297656 0.018750 0.014063
7 0.321094 0.303125 0.029687 0.025000
7 0.392188 0.314844 0.043750 0.048438
7 0.474219 0.312500 0.051562 0.043750
7 0.543750 0.305469 0.018750 0.029687
7 0.626563 0.335938 0.078125 0.090625
7 0.725000 0.322656 0.050000 0.064062
7 0.803125 0.308594 0.037500 0.035937
7 0.867188 0.298438 0.021875 0.015625
7 0.932031 0.308594 0.039062 0.035937
7 0.034375 0.426563 0.025000 0.021875
7 0.171875 0.430469 0.028125 0.029687
7 0.228906 0.423438 0.017188 0.015625
7 0.347656 0.475000 0.151562 0.118750
7 0.475000 0.428906 0.034375 0.026562
7 0.538281 0.428906 0.023438 0.026562
7 0.594531 0.422656 0.020313 0.014063
7 0.658594 0.428906 0.039062 0.035937
7 0.725781 0.423438 0.026562 0.015625
7 0.823438 0.478906 0.100000 0.126562
7 0.918750 0.425781 0.021875 0.020313
7 0.046875 0.596875 0.050000 0.040625
7 0.125000 0.598437 0.037500 0.043750
7 0.190625 0.590625 0.025000 0.028125
7 0.260156 0.594531 0.045312 0.035937
7 0.339062 0.593750 0.043750 0.034375
7 0.416406 0.592187 0.042188 0.031250
7 0.480469 0.585156 0.017188 0.017188
7 0.556250 0.600000 0.065625 0.046875
7 0.644531 0.600000 0.042188 0.046875
7 0.711719 0.589844 0.023438 0.026562
7 0.775000 0.587500 0.034375 0.021875
7 0.857812 0.600000 0.062500 0.046875
7 0.939063 0.593750 0.031250 0.034375
7 0.050000 0.676562 0.056250 0.037500
7 0.128125 0.671094 0.031250 0.026562
7 0.203906 0.678125 0.051562 0.040625
7 0.275000 0.673438 0.021875 0.031250
7 0.331250 0.671094 0.021875 0.026562
7 0.388281 0.670312 0.023438 0.025000
7 0.444531 0.664844 0.020313 0.014063
7 0.511719 0.671875 0.045312 0.028125
7 0.592187 0.672656 0.046875 0.029687
7 0.671094 0.679688 0.042188 0.043750
7 0.742188 0.670312 0.031250 0.025000
7 0.797656 0.664844 0.010937 0.014063
7 0.887500 0.721094 0.100000 0.126562
7 0.065625 0.851562 0.087500 0.065625
7 0.152344 0.829688 0.017188 0.021875
7 0.204687 0.828906 0.018750 0.020313
7 0.263281 0.828906 0.029687 0.020313
7 0.325000 0.835156 0.025000 0.032813
7 0.385156 0.833594 0.026562 0.029687
7 0.450781 0.832812 0.035937 0.028125
7 0.519531 0.835156 0.032813 0.032813
7 0.596094 0.839063 0.051562 0.040625
7 0.689844 0.864062 0.067187 0.090625
7 0.771094 0.829688 0.026562 0.021875
7 0.835938 0.830469 0.034375 0.023438
7 0.897656 0.828125 0.020313 0.018750
