8 0.060937 0.066406 0.078125 0.089063
8 0.149219 0.036719 0.029687 0.029687
8 0.217969 0.035156 0.039062 0.026562
8 0.285156 0.033594 0.026562 0.023438
8 0.353906 0.042188 0.042188 0.040625
8 0.441406 0.050781 0.064062 0.057813
8 0.531250 0.042188 0.046875 0.040625
8 0.600781 0.037500 0.023438 0.031250
8 0.670312 0.038281 0.046875 0.032813
8 0.742969 0.033594 0.029687 0.023438
8 0.809375 0.031250 0.034375 0.018750
8 0.882031 0.038281 0.042188 0.032813
8 0.046094 0.165625 0.048438 0.040625
8 0.114844 0.151562 0.020313 0.012500
8 0.169531 0.152344 0.020313 0.014063
8 0.224219 0.154688 0.020313 0.018750
8 0.277344 0.153906 0.017188 0.017188
8 0.333594 0.157812 0.026562 0.025000
8 0.413281 0.172656 0.064062 0.054688
8 0.487500 0.153906 0.015625 0.017188
8 0.552344 0.158594 0.045312 0.026562
8 0.628906 0.171094 0.039062 0.051562
8 0.694531 0.158594 0.023438 0.026562
8 0.746094 0.154688 0.010937 0.018750
8 0.811719 0.166406 0.051562 0.042188
8 0.883594 0.155469 0.023438 0.020313
8 0.947656 0.161719 0.035937 0.032813
8 0.127344 0.358594 0.210938 0.248438
8 0.296875 0.246875 0.059375 0.025000
8 0.374219 0.242969 0.026562 0.017188
8 0.441406 0.251563 0.039062 0.034375
8 0.512500 0.251563 0.034375 0.034375
8 0.575000 0.242969 0.021875 0.017188
8 0.656250 0.274219 0.071875 0.079687
8 0.739062 0.242969 0.025000 0.017188
8 0.832812 0.281250 0.093750 0.093750
8 0.069531 0.553125 0.095312 0.071875
8 0.167187 0.534375 0.031250 0.034375
8 0.228906 0.525000 0.023438 0.015625
8 0.289062 0.532031 0.028125 0.029687
8 0.376563 0.554688 0.078125 0.075000
8 0.482031 0.537500 0.064062 0.040625
8 0.560156 0.532031 0.023438 0.029687
8 0.622656 0.533594 0.032813 0.032813
8 0.706250 0.564844 0.065625 0.095312
8 0.792188 0.537500 0.037500 0.040625
8 0.853906 0.523438 0.017188 0.012500
8 0.922656 0.543750 0.051562 0.053125
8 0.049219 0.664062 0.054688 0.034375
8 0.117969 0.653906 0.014063 0.014063
8 0.171094 0.663281 0.023438 0.032813
8 0.230469 0.660156 0.026562 0.026562
8 0.300781 0.664062 0.045312 0.043750
8 0.365625 0.653906 0.015625 0.014063
8 0.423438 0.663281 0.031250 0.032813
8 0.488281 0.662500 0.029687 0.031250
8 0.601562 0.718750 0.128125 0.143750
8 0.728906 0.678125 0.057813 0.062500
8 0.808594 0.673438 0.032813 0.053125
8 0.855469 0.654687 0.017188 0.015625
8 0.917969 0.664062 0.039062 0.034375
8 0.046094 0.856250 0.048438 0.062500
8 0.121875 0.839844 0.034375 0.029687
8 0.236719 0.868750 0.126562 0.087500
8 0.346875 0.835938 0.025000 0.021875
8 0.407813 0.841406 0.028125 0.032813
8 0.466406 0.835156 0.020313 0.020313
8 0.525781 0.838281 0.029687 0.026562
8 0.594531 0.839844 0.039062 0.029687
8 0.666406 0.839844 0.035937 0.029687
8 0.737500 0.841406 0.037500 0.032813
8 0.812500 0.842969 0.043750 0.035937
8 0.885938 0.841406 0.034375 0.032813
8 0.949219 0.840625 0.023438 0.031250
8 0.038281 0.960938 0.032813 0.028125
