7 0.060937 0.067187 0.078125 0.090625
7 0.142187 0.032031 0.015625 0.020313
7 0.219531 0.062500 0.070312 0.081250
7 0.307031 0.039062 0.035937 0.034375
7 0.381250 0.040625 0.043750 0.037500
7 0.525000 0.094531 0.175000 0.145313
7 0.659375 0.033594 0.025000 0.023438
7 0.720313 0.035937 0.028125 0.028125
7 0.785156 0.034375 0.032813 0.025000
7 0.846094 0.032031 0.020313 0.020313
7 0.904687 0.036719 0.028125 0.029687
7 0.963281 0.032813 0.020313 0.021875
7 0.032031 0.215625 0.020313 0.028125
7 0.091406 0.221094 0.029687 0.039062
7 0.189844 0.282813 0.098437 0.162500
7 0.290625 0.212500 0.034375 0.021875
7 0.366406 0.244531 0.048438 0.085938
7 0.442188 0.215625 0.034375 0.028125
7 0.508594 0.214844 0.029687 0.026562
7 0.764062 0.373437 0.412500 0.343750
7 0.036719 0.594531 0.029687 0.029687
7 0.110937 0.583594 0.050000 0.032813
7 0.194531 0.603125 0.048438 0.046875
7 0.277344 0.601562 0.048438 0.043750
7 0.360156 0.598437 0.048438 0.037500
7 0.447656 0.600000 0.057813 0.040625
7 0.549219 0.601562 0.076563 0.043750
7 0.638281 0.595313 0.032813 0.031250
7 0.749219 0.621875 0.120313 0.084375
7 0.878125 0.592187 0.068750 0.025000
7 0.954688 0.589844 0.015625 0.020313
7 0.036719 0.717969 0.029687 0.039062
7 0.103125 0.716406 0.034375 0.035937
7 0.170313 0.713281 0.031250 0.029687
7 0.233594 0.710938 0.026562 0.025000
7 0.311719 0.728125 0.060937 0.059375
7 0.391406 0.710938 0.029687 0.025000
7 0.453906 0.710156 0.026562 0.023438
7 0.510938 0.708594 0.018750 0.020313
7 0.580469 0.715625 0.051562 0.034375
7 0.652344 0.709375 0.023438 0.021875
7 0.707031 0.705469 0.017188 0.014063
7 0.764844 0.711719 0.029687 0.026562
7 0.826562 0.714844 0.025000 0.032813
7 0.883594 0.708594 0.020313 0.020313
7 0.943750 0.714844 0.031250 0.032813
7 0.033594 0.803125 0.023438 0.021875
7 0.114062 0.819531 0.068750 0.054688
7 0.195312 0.809375 0.025000 0.034375
7 0.267188 0.813281 0.050000 0.042188
7 0.358594 0.811719 0.064062 0.039062
7 0.450781 0.816406 0.051562 0.048438
7 0.529687 0.810156 0.037500 0.035937
7 0.592969 0.802344 0.020313 0.020313
7 0.657813 0.810156 0.040625 0.035937
7 0.727344 0.804688 0.029687 0.025000
7 0.788281 0.807031 0.023438 0.029687
7 0.848437 0.803906 0.028125 0.023438
7 0.921094 0.827344 0.048438 0.070312
7 0.032031 0.907031 0.020313 0.020313
7 0.092969 0.919531 0.032813 0.045312
7 0.153906 0.907813 0.020313 0.021875
7 0.218750 0.915625 0.040625 0.037500
