8 0.077344 0.072656 0.110937 0.101562
8 0.178906 0.032031 0.023438 0.020313
8 0.239844 0.035156 0.029687 0.026562
8 0.321094 0.064844 0.064062 0.085938
8 0.395313 0.029687 0.015625 0.015625
8 0.446094 0.033594 0.017188 0.023438
8 0.525781 0.047656 0.073438 0.051562
8 0.609375 0.032031 0.025000 0.020313
8 0.678125 0.042188 0.043750 0.040625
8 0.762500 0.054688 0.056250 0.065625
8 0.862500 0.044531 0.075000 0.045312
8 0.058594 0.183594 0.073438 0.051562
8 0.163281 0.182031 0.067187 0.048438
8 0.559375 0.292969 0.656250 0.270313
8 0.935156 0.169531 0.026562 0.023438
8 0.033594 0.471094 0.023438 0.017188
8 0.306250 0.671875 0.453125 0.418750
8 0.578906 0.472656 0.023438 0.020313
8 0.633594 0.478906 0.017188 0.032813
8 0.685156 0.474219 0.017188 0.023438
8 0.744531 0.477344 0.032813 0.029687
8 0.812500 0.475781 0.034375 0.026562
8 0.924219 0.481250 0.048438 0.037500
8 0.032813 0.925781 0.021875 0.020313
8 0.096875 0.935156 0.037500 0.039062
8 0.150781 0.922656 0.010937 0.014063
8 0.229687 0.942969 0.078125 0.054688
