7 0.031250 0.030469 0.018750 0.017188
7 0.093750 0.041406 0.037500 0.039062
7 0.159375 0.037500 0.025000 0.031250
7 0.218750 0.033594 0.025000 0.023438
7 0.303906 0.053125 0.076563 0.062500
7 0.389062 0.033594 0.025000 0.023438
7 0.445312 0.030469 0.018750 0.017188
7 0.504687 0.036719 0.031250 0.029687
7 0.571875 0.033594 0.034375 0.023438
7 0.639844 0.036719 0.032813 0.029687
7 0.714063 0.045312 0.046875 0.046875
7 0.790625 0.042969 0.037500 0.042188
7 0.898438 0.090625 0.109375 0.137500
7 0.100000 0.290625 0.156250 0.193750
7 0.236719 0.234375 0.048438 0.081250
7 0.322656 0.223438 0.054688 0.059375
7 0.417969 0.223438 0.067187 0.059375
7 0.502344 0.208594 0.032813 0.029687
7 0.603906 0.228906 0.101562 0.070312
7 0.705469 0.205469 0.032813 0.023438
7 0.778125 0.214844 0.043750 0.042188
7 0.871094 0.228906 0.073438 0.070312
7 0.953906 0.210156 0.023438 0.032813
7 0.052344 0.432031 0.060937 0.020313
7 0.133594 0.435156 0.032813 0.026562
7 0.205469 0.444531 0.042188 0.045312
7 0.271094 0.435156 0.020313 0.026562
7 0.328125 0.435156 0.025000 0.026562
7 0.389062 0.437500 0.028125 0.031250
7 0.445312 0.432031 0.015625 0.020313
7 0.507031 0.440625 0.039062 0.037500
7 0.573438 0.436719 0.025000 0.029687
7 0.639844 0.444531 0.039062 0.045312
7 0.714844 0.439844 0.042188 0.035937
7 0.795312 0.445312 0.050000 0.046875
7 0.868750 0.432812 0.028125 0.021875
7 0.941406 0.441406 0.048438 0.039062
7 0.033594 0.519531 0.023438 0.032813
7 0.096875 0.520312 0.034375 0.034375
7 0.171875 0.520312 0.046875 0.034375
7 0.237500 0.510938 0.015625 0.015625
7 0.289844 0.510156 0.020313 0.014063
7 0.348438 0.517969 0.028125 0.029687
7 0.405469 0.510156 0.017188 0.014063
7 0.457031 0.510938 0.017188 0.015625
7 0.521094 0.525781 0.042188 0.045312
7 0.620313 0.528906 0.087500 0.051562
7 0.758594 0.569531 0.120313 0.132812
7 0.910937 0.551562 0.115625 0.096875
7 0.031250 0.677344 0.018750 0.014063
7 0.101562 0.701562 0.053125 0.062500
7 0.192969 0.708594 0.060937 0.076563
7 0.267188 0.678906 0.018750 0.017188
7 0.333594 0.692969 0.045312 0.045312
7 0.404687 0.678906 0.028125 0.017188
7 0.470313 0.684375 0.034375 0.028125
7 0.533594 0.682031 0.023438 0.023438
7 0.598437 0.682813 0.037500 0.025000
7 0.703125 0.725781 0.103125 0.110937
7 0.806250 0.684375 0.034375 0.028125
7 0.871094 0.682031 0.026562 0.023438
7 0.946094 0.690625 0.054688 0.040625
7 0.042969 0.837500 0.042188 0.043750
7 0.110156 0.825000 0.023438 0.018750
7 0.167969 0.827344 0.023438 0.023438
7 0.240625 0.848437 0.053125 0.065625
7 0.324219 0.836719 0.045312 0.042188
7 0.404687 0.850781 0.046875 0.070312
7 0.472656 0.828125 0.020313 0.025000
7 0.555469 0.846875 0.076563 0.062500
7 0.660156 0.841406 0.064062 0.051562
7 0.750000 0.827344 0.046875 0.023438
7 0.831250 0.835156 0.046875 0.039062
7 0.899219 0.828125 0.020313 0.025000
7 0.957031 0.825781 0.026562 0.020313
7 0.034375 0.928906 0.025000 0.017188
7 0.090625 0.935937 0.018750 0.031250
7 0.143750 0.932031 0.018750 0.023438
7 0.210156 0.938281 0.045312 0.035937
7 0.290625 0.936719 0.046875 0.032813
7 0.357812 0.930469 0.018750 0.020313
7 0.423438 0.935937 0.043750 0.031250
7 0.495312 0.934375 0.031250 0.028125
7 0.561719 0.932031 0.032813 0.023438
7 0.623437 0.932031 0.021875 0.023438
7 0.681250 0.932031 0.025000 0.023438
7 0.739844 0.932031 0.023438 0.023438
7 0.802344 0.936719 0.032813 0.032813
7 0.880469 0.937500 0.054688 0.034375
