8 0.042188 0.049219 0.040625 0.054688
8 0.127344 0.049219 0.060937 0.054688
8 0.220312 0.086719 0.078125 0.129688
8 0.307812 0.038281 0.028125 0.032813
8 0.371094 0.037500 0.029687 0.031250
8 0.439844 0.050781 0.039062 0.057813
8 0.503906 0.033594 0.020313 0.023438
8 0.583594 0.062500 0.070312 0.081250
8 0.678906 0.050781 0.051562 0.057813
8 0.759375 0.041406 0.040625 0.039062
8 0.841406 0.036719 0.054688 0.035937
8 0.926562 0.048438 0.046875 0.053125
8 0.040625 0.199219 0.037500 0.026562
8 0.105469 0.197656 0.023438 0.023438
8 0.175000 0.200000 0.046875 0.028125
8 0.250781 0.195312 0.035937 0.018750
8 0.316406 0.199219 0.026562 0.026562
8 0.383594 0.203125 0.039062 0.034375
8 0.446094 0.194531 0.017188 0.017188
8 0.501563 0.196875 0.025000 0.021875
8 0.559375 0.196875 0.021875 0.021875
8 0.614844 0.197656 0.020313 0.023438
8 0.671875 0.196875 0.025000 0.021875
8 0.734375 0.196875 0.031250 0.021875
8 0.801562 0.209375 0.034375 0.046875
8 0.889062 0.225781 0.071875 0.079687
8 0.044531 0.318750 0.045312 0.037500
8 0.116406 0.313281 0.029687 0.026562
8 0.189062 0.317188 0.046875 0.034375
8 0.269531 0.313281 0.045312 0.026562
8 0.342187 0.315625 0.031250 0.031250
8 0.400781 0.310937 0.017188 0.021875
8 0.450781 0.309375 0.014063 0.018750
8 0.508594 0.315625 0.032813 0.031250
8 0.569531 0.314063 0.020313 0.028125
8 0.623437 0.311719 0.018750 0.023438
8 0.680469 0.313281 0.026562 0.026562
8 0.739844 0.317188 0.023438 0.034375
8 0.849219 0.307031 0.010937 0.014063
8 0.915625 0.318750 0.053125 0.037500
8 0.028906 0.376563 0.014063 0.009375
8 0.088281 0.386719 0.035937 0.029687
8 0.160938 0.392188 0.040625 0.040625
8 0.232813 0.385156 0.034375 0.026562
8 0.302344 0.385156 0.035937 0.026562
8 0.400781 0.421094 0.092188 0.098437
8 0.486719 0.378125 0.017188 0.012500
8 0.542969 0.385156 0.026562 0.026562
8 0.671094 0.430469 0.160938 0.117188
8 0.794531 0.378906 0.017188 0.014063
8 0.854688 0.390625 0.034375 0.037500
8 0.916406 0.385937 0.020313 0.028125
8 0.032813 0.532031 0.021875 0.017188
8 0.095312 0.541406 0.034375 0.035937
8 0.159375 0.535156 0.025000 0.023438
8 0.217969 0.528125 0.023438 0.021875
8 0.275000 0.536719 0.021875 0.026562
8 0.338281 0.539844 0.035937 0.032813
8 0.401562 0.535156 0.021875 0.023438
8 0.464062 0.535937 0.034375 0.025000
8 0.526563 0.532031 0.021875 0.017188
8 0.596094 0.540625 0.048438 0.034375
8 0.671094 0.535156 0.032813 0.023438
8 0.730469 0.534375 0.017188 0.021875
8 0.792188 0.537500 0.037500 0.028125
8 0.882812 0.574219 0.075000 0.101562
8 0.050781 0.675781 0.057813 0.045312
8 0.125000 0.664062 0.021875 0.021875
8 0.198437 0.683594 0.056250 0.060937
8 0.270313 0.663281 0.018750 0.020313
8 0.328125 0.667188 0.028125 0.028125
8 0.382812 0.659375 0.012500 0.012500
8 0.442969 0.671094 0.039062 0.035937
8 0.543750 0.692187 0.093750 0.078125
8 0.649219 0.682031 0.048438 0.057813
8 0.717969 0.660156 0.020313 0.014063
8 0.775781 0.665625 0.026562 0.025000
8 0.831250 0.661719 0.015625 0.017188
8 0.883594 0.662500 0.020313 0.018750
8 0.134375 0.785937 0.040625 0.040625
8 0.201563 0.778125 0.025000 0.025000
8 0.258594 0.776563 0.020313 0.021875
8 0.312500 0.775000 0.018750 0.018750
8 0.421094 0.828125 0.129688 0.125000
8 0.535156 0.777344 0.029687 0.023438
8 0.607031 0.783594 0.045312 0.035937
8 0.679688 0.780469 0.031250 0.029687
8 0.742969 0.789062 0.026562 0.046875
8 0.801562 0.778125 0.021875 0.025000
8 0.867188 0.784375 0.040625 0.037500
8 0.929688 0.771094 0.015625 0.010937
8 0.051562 0.937500 0.059375 0.025000
