8 0.147656 0.124219 0.251563 0.204687
8 0.325781 0.038281 0.035937 0.032813
8 0.392969 0.032031 0.029687 0.020313
8 0.451562 0.028906 0.018750 0.014063
8 0.506250 0.032813 0.021875 0.021875
8 0.621875 0.085938 0.140625 0.128125
8 0.746094 0.039062 0.039062 0.034375
8 0.804688 0.026562 0.009375 0.009375
8 0.862500 0.038281 0.037500 0.032813
8 0.945312 0.045312 0.059375 0.046875
8 0.035156 0.285156 0.026562 0.048438
8 0.103906 0.279687 0.042188 0.037500
8 0.183594 0.275781 0.048438 0.029687
8 0.260156 0.275781 0.035937 0.029687
8 0.325781 0.282031 0.026562 0.042188
8 0.382812 0.273438 0.018750 0.025000
8 0.430469 0.264062 0.007812 0.006250
8 0.484375 0.275781 0.031250 0.029687
8 0.559375 0.280469 0.050000 0.039062
8 0.621875 0.264844 0.006250 0.007812
8 0.687500 0.289844 0.056250 0.057813
8 0.761719 0.269531 0.023438 0.017188
8 0.819531 0.270313 0.023438 0.018750
8 0.884375 0.276562 0.037500 0.031250
8 0.950781 0.275781 0.026562 0.029687
8 0.036719 0.364063 0.029687 0.021875
8 0.109375 0.370312 0.046875 0.034375
8 0.184375 0.369531 0.034375 0.032813
8 0.321094 0.410156 0.073438 0.114062
8 0.407031 0.367969 0.029687 0.029687
8 0.470313 0.364844 0.028125 0.023438
8 0.551562 0.382812 0.065625 0.059375
8 0.636719 0.375000 0.035937 0.043750
8 0.702344 0.364063 0.026562 0.021875
8 0.758594 0.361719 0.017188 0.017188
8 0.813281 0.369531 0.023438 0.032813
8 0.867969 0.361719 0.017188 0.017188
8 0.060937 0.573438 0.078125 0.143750
8 0.140625 0.507031 0.012500 0.010937
8 0.191406 0.512500 0.020313 0.021875
8 0.298438 0.558594 0.125000 0.114062
8 0.414844 0.518750 0.039062 0.034375
8 0.475781 0.509375 0.014063 0.015625
8 0.528906 0.517188 0.023438 0.031250
8 0.582812 0.510156 0.015625 0.017188
8 0.637500 0.512500 0.025000 0.021875
8 0.705469 0.520312 0.042188 0.037500
8 0.795312 0.531250 0.068750 0.059375
8 0.874219 0.507812 0.020313 0.012500
8 0.936719 0.516406 0.035937 0.029687
8 0.032813 0.688281 0.021875 0.017188
8 0.086719 0.688281 0.017188 0.017188
8 0.152344 0.697656 0.045312 0.035937
8 0.228125 0.699219 0.037500 0.039062
8 0.318750 0.700000 0.075000 0.040625
8 0.403906 0.687500 0.026562 0.015625
8 0.482031 0.701562 0.060937 0.043750
8 0.574219 0.721094 0.054688 0.082812
8 0.720313 0.742969 0.168750 0.126562
8 0.857812 0.696875 0.037500 0.034375
8 0.928906 0.708594 0.035937 0.057813
8 0.034375 0.851562 0.025000 0.021875
8 0.097656 0.850000 0.032813 0.018750
8 0.171875 0.865625 0.046875 0.050000
8 0.245312 0.853125 0.031250 0.025000
8 0.332813 0.891406 0.075000 0.101562
8 0.417969 0.849219 0.026562 0.017188
8 0.483594 0.852344 0.035937 0.023438
8 0.541406 0.846875 0.010937 0.012500
8 0.593750 0.850000 0.025000 0.018750
8 0.689063 0.870313 0.096875 0.059375
8 0.796875 0.857031 0.050000 0.032813
8 0.873437 0.856250 0.034375 0.031250
8 0.938281 0.853906 0.026562 0.026562
