8 0.077344 0.035156 0.023438 0.026562
8 0.139063 0.035937 0.031250 0.028125
8 0.215625 0.047656 0.053125 0.051562
8 0.303906 0.057813 0.054688 0.071875
8 0.414844 0.061719 0.120313 0.079687
8 0.522656 0.035156 0.026562 0.026562
8 0.578125 0.030469 0.015625 0.017188
8 0.632031 0.032813 0.023438 0.021875
8 0.687500 0.031250 0.018750 0.018750
8 0.736719 0.027344 0.010937 0.010937
8 0.784375 0.031250 0.015625 0.018750
8 0.853125 0.041406 0.053125 0.039062
8 0.061719 0.168750 0.079687 0.065625
8 0.148438 0.146094 0.025000 0.020313
8 0.212500 0.152344 0.034375 0.032813
8 0.275000 0.146094 0.021875 0.020313
8 0.328125 0.146094 0.015625 0.020313
8 0.390625 0.153125 0.040625 0.034375
8 0.468750 0.153125 0.046875 0.034375
8 0.540625 0.148438 0.028125 0.025000
8 0.603125 0.148438 0.028125 0.025000
8 0.663281 0.144531 0.023438 0.017188
8 0.714844 0.142187 0.010937 0.012500
8 0.760938 0.141406 0.012500 0.010937
8 0.857812 0.176563 0.112500 0.081250
8 0.044531 0.267969 0.045312 0.032813
8 0.112500 0.259375 0.021875 0.015625
8 0.171875 0.271094 0.037500 0.039062
8 0.235156 0.264844 0.020313 0.026562
8 0.315625 0.295312 0.071875 0.087500
8 0.425000 0.296094 0.078125 0.089063
8 0.528906 0.281250 0.060937 0.059375
8 0.705469 0.334375 0.223438 0.165625
8 0.894531 0.289844 0.085938 0.076563
8 0.039844 0.471094 0.035937 0.039062
8 0.107813 0.464844 0.031250 0.026562
8 0.192188 0.477344 0.068750 0.051562
8 0.268750 0.460156 0.015625 0.017188
8 0.321094 0.463281 0.020313 0.023438
8 0.381250 0.467187 0.031250 0.031250
8 0.448437 0.467187 0.034375 0.031250
8 0.515625 0.468750 0.031250 0.034375
8 0.582031 0.464844 0.032813 0.026562
8 0.645312 0.461719 0.025000 0.020313
8 0.702344 0.460938 0.020313 0.018750
8 0.790625 0.482031 0.087500 0.060937
8 0.885938 0.465625 0.034375 0.028125
8 0.065625 0.625781 0.106250 0.157812
8 0.167969 0.560937 0.029687 0.028125
8 0.228906 0.557031 0.023438 0.020313
8 0.293750 0.560937 0.037500 0.028125
8 0.358594 0.557031 0.023438 0.020313
8 0.430469 0.564063 0.051562 0.034375
8 0.517188 0.567969 0.053125 0.042188
8 0.614062 0.585156 0.071875 0.076563
8 0.696875 0.561719 0.025000 0.029687
8 0.761719 0.565625 0.035937 0.037500
8 0.841406 0.571875 0.054688 0.050000
8 0.917969 0.561719 0.029687 0.029687
8 0.080469 0.771094 0.117188 0.064062
8 0.180469 0.746094 0.014063 0.014063
8 0.265625 0.783594 0.087500 0.089063
8 0.349219 0.745313 0.010937 0.012500
8 0.411719 0.754687 0.045312 0.031250
8 0.480469 0.749219 0.023438 0.020313
8 0.538281 0.750781 0.023438 0.023438
8 0.599219 0.755469 0.029687 0.032813
8 0.696094 0.853125 0.095312 0.228125
8 0.793750 0.753906 0.031250 0.029687
8 0.862500 0.758594 0.037500 0.039062
8 0.925781 0.748437 0.020313 0.018750
