7 0.033594 0.035937 0.023438 0.028125
7 0.099219 0.050000 0.039062 0.056250
7 0.162500 0.032031 0.018750 0.020313
7 0.219531 0.031250 0.026562 0.018750
7 0.288281 0.048438 0.042188 0.053125
7 0.361719 0.029687 0.035937 0.015625
7 0.425781 0.044531 0.023438 0.045312
7 0.487500 0.035937 0.031250 0.028125
7 0.564844 0.042188 0.054688 0.040625
7 0.698438 0.098437 0.143750 0.153125
7 0.819531 0.036719 0.029687 0.029687
7 0.883594 0.041406 0.029687 0.039062
7 0.946094 0.033594 0.026562 0.023438
7 0.050000 0.226562 0.056250 0.034375
7 0.122656 0.221094 0.020313 0.023438
7 0.187500 0.232031 0.040625 0.045312
7 0.262500 0.212500 0.040625 0.031250
7 0.332031 0.227344 0.029687 0.035937
7 0.392969 0.224219 0.023438 0.029687
7 0.454688 0.230469 0.031250 0.042188
7 0.524219 0.223438 0.039062 0.028125
7 0.596875 0.222656 0.037500 0.026562
7 0.660156 0.219531 0.020313 0.020313
7 0.758594 0.263281 0.107813 0.107813
7 0.860156 0.228906 0.026562 0.039062
7 0.117969 0.428125 0.192188 0.153125
7 0.263281 0.367969 0.029687 0.032813
7 0.328906 0.363281 0.032813 0.023438
7 0.391406 0.360156 0.023438 0.017188
7 0.475781 0.374219 0.076563 0.045312
7 0.560937 0.362500 0.025000 0.021875
7 0.627344 0.365625 0.039062 0.028125
7 0.700781 0.373437 0.039062 0.043750
7 0.767188 0.360938 0.025000 0.018750
7 0.823438 0.361719 0.018750 0.020313
7 0.887500 0.369531 0.040625 0.035937
7 0.041406 0.555469 0.039062 0.032813
7 0.120313 0.564063 0.050000 0.050000
7 0.224219 0.568750 0.089063 0.059375
7 0.381250 0.635938 0.156250 0.193750
7 0.514844 0.557813 0.042188 0.037500
7 0.582031 0.553906 0.023438 0.029687
7 0.637500 0.546875 0.018750 0.015625
7 0.753906 0.547656 0.017188 0.017188
7 0.807813 0.549219 0.021875 0.020313
7 0.871875 0.557031 0.037500 0.035937
7 0.933594 0.550781 0.017188 0.023438
7 0.038281 0.784375 0.032813 0.034375
7 0.108594 0.784375 0.039062 0.034375
7 0.178906 0.778906 0.032813 0.023438
7 0.240625 0.779687 0.021875 0.025000
7 0.300000 0.780469 0.028125 0.026562
7 0.392969 0.832812 0.089063 0.131250
7 0.492969 0.783594 0.042188 0.032813
7 0.563281 0.778906 0.029687 0.023438
7 0.625781 0.784375 0.026562 0.034375
7 0.696094 0.775000 0.045312 0.015625
7 0.791406 0.792969 0.076563 0.051562
7 0.892188 0.799219 0.056250 0.064062
7 0.034375 0.945312 0.025000 0.025000
