7 0.118750 0.130469 0.193750 0.217188
7 0.262500 0.036719 0.025000 0.029687
7 0.327344 0.041406 0.035937 0.039062
7 0.397656 0.039844 0.035937 0.035937
7 0.470313 0.044531 0.040625 0.045312
7 0.546875 0.050000 0.043750 0.056250
7 0.622656 0.037500 0.039062 0.031250
7 0.691406 0.032031 0.029687 0.020313
7 0.760938 0.043750 0.040625 0.043750
7 0.828906 0.035937 0.026562 0.028125
7 0.889062 0.030469 0.025000 0.017188
7 0.944531 0.030469 0.017188 0.017188
7 0.035156 0.287500 0.026562 0.028125
7 0.099219 0.287500 0.032813 0.028125
7 0.167969 0.290625 0.035937 0.034375
7 0.237500 0.290625 0.034375 0.034375
7 0.302344 0.287500 0.026562 0.028125
7 0.375000 0.302344 0.050000 0.057813
7 0.441406 0.280469 0.014063 0.014063
7 0.500000 0.282031 0.034375 0.017188
7 0.568750 0.295312 0.034375 0.043750
7 0.639844 0.291406 0.039062 0.035937
7 0.703125 0.280469 0.018750 0.014063
7 0.757812 0.281250 0.021875 0.015625
7 0.813281 0.282813 0.020313 0.018750
7 0.876563 0.285156 0.037500 0.023438
7 0.940625 0.285938 0.021875 0.025000
7 0.036719 0.367969 0.029687 0.023438
7 0.103125 0.370312 0.034375 0.028125
7 0.167187 0.367969 0.025000 0.023438
7 0.227344 0.366406 0.026562 0.020313
7 0.313281 0.375781 0.076563 0.039062
7 0.430469 0.439844 0.089063 0.167187
7 0.533594 0.391406 0.048438 0.070312
7 0.615625 0.363281 0.046875 0.014063
7 0.682813 0.367969 0.018750 0.023438
7 0.735938 0.364844 0.018750 0.017188
7 0.794531 0.378906 0.029687 0.045312
7 0.861719 0.374219 0.035937 0.035937
7 0.035937 0.574219 0.028125 0.032813
7 0.109375 0.592969 0.050000 0.070312
7 0.178906 0.566406 0.020313 0.017188
7 0.249219 0.577344 0.051562 0.039062
7 0.323437 0.568750 0.028125 0.021875
7 0.387500 0.567969 0.031250 0.020313
7 0.458594 0.576562 0.042188 0.037500
7 0.528906 0.576562 0.029687 0.037500
7 0.588281 0.567969 0.020313 0.020313
7 0.645312 0.568750 0.025000 0.021875
7 0.710938 0.569531 0.037500 0.023438
7 0.773438 0.571875 0.018750 0.028125
7 0.830469 0.571094 0.026562 0.026562
7 0.891406 0.571094 0.026562 0.026562
7 0.952344 0.568750 0.026562 0.021875
7 0.037500 0.680469 0.031250 0.035937
7 0.107031 0.678125 0.039062 0.031250
7 0.178906 0.678125 0.035937 0.031250
7 0.241406 0.669531 0.020313 0.014063
7 0.321094 0.691406 0.070312 0.057813
7 0.403125 0.675000 0.025000 0.025000
7 0.467187 0.669531 0.034375 0.014063
7 0.532813 0.676562 0.028125 0.028125
7 0.614844 0.707812 0.067187 0.090625
7 0.708594 0.676562 0.051562 0.028125
7 0.781250 0.679688 0.025000 0.034375
7 0.845313 0.675781 0.034375 0.026562
7 0.909375 0.674219 0.025000 0.023438
7 0.035937 0.800781 0.028125 0.026562
7 0.104688 0.807031 0.040625 0.039062
7 0.181250 0.807813 0.043750 0.040625
7 0.252344 0.801562 0.029687 0.028125
7 0.314063 0.801562 0.025000 0.028125
7 0.371875 0.797656 0.021875 0.020313
7 0.425781 0.795312 0.017188 0.015625
7 0.512500 0.817969 0.087500 0.060937
7 0.617969 0.810156 0.054688 0.045312
7 0.693750 0.806250 0.028125 0.037500
7 0.760938 0.810156 0.037500 0.045312
7 0.825000 0.800781 0.021875 0.026562
7 0.886719 0.803906 0.032813 0.032813
7 0.957812 0.825781 0.040625 0.076563
