8 0.164062 0.151562 0.284375 0.259375
8 0.349219 0.032813 0.017188 0.021875
8 0.403906 0.033594 0.023438 0.023438
8 0.467969 0.030469 0.035937 0.017188
8 0.533594 0.032813 0.026562 0.021875
8 0.595313 0.033594 0.028125 0.023438
8 0.657813 0.042188 0.028125 0.040625
8 0.717969 0.033594 0.023438 0.023438
8 0.776563 0.032031 0.025000 0.020313
8 0.864844 0.079687 0.082812 0.115625
8 0.953125 0.039844 0.025000 0.035937
8 0.029687 0.322656 0.015625 0.014063
8 0.078125 0.320312 0.012500 0.009375
8 0.152344 0.344531 0.067187 0.057813
8 0.237500 0.332813 0.034375 0.034375
8 0.302344 0.328906 0.026562 0.026562
8 0.386719 0.346875 0.073438 0.062500
8 0.483594 0.342187 0.051562 0.053125
8 0.559375 0.327344 0.031250 0.023438
8 0.629687 0.327344 0.040625 0.023438
8 0.696875 0.329688 0.025000 0.028125
8 0.760938 0.327344 0.034375 0.023438
8 0.820312 0.325781 0.015625 0.020313
8 0.871094 0.322656 0.017188 0.014063
8 0.943750 0.336719 0.059375 0.042188
8 0.069531 0.465625 0.095312 0.106250
8 0.190625 0.457813 0.078125 0.090625
8 0.287500 0.436719 0.046875 0.048438
8 0.360156 0.424219 0.029687 0.023438
8 0.444531 0.442188 0.070312 0.059375
8 0.531250 0.426563 0.034375 0.028125
8 0.591406 0.421094 0.017188 0.017188
8 0.639062 0.418750 0.009375 0.012500
8 0.691406 0.423438 0.026562 0.021875
8 0.807813 0.450781 0.137500 0.076563
8 0.086719 0.615625 0.129688 0.125000
8 0.215625 0.578906 0.059375 0.051562
8 0.296094 0.564844 0.032813 0.023438
8 0.353906 0.560156 0.014063 0.014063
8 0.403125 0.558594 0.015625 0.010937
8 0.460156 0.564063 0.029687 0.021875
8 0.575000 0.633594 0.131250 0.160938
8 0.715625 0.576562 0.081250 0.046875
8 0.812500 0.571875 0.043750 0.037500
8 0.904687 0.591406 0.071875 0.076563
8 0.033594 0.764062 0.023438 0.031250
8 0.092188 0.759375 0.025000 0.021875
8 0.146875 0.756250 0.015625 0.015625
8 0.203125 0.757031 0.028125 0.017188
8 0.259375 0.755469 0.015625 0.014063
8 0.331250 0.783594 0.059375 0.070312
8 0.403906 0.756250 0.017188 0.015625
8 0.497656 0.780469 0.101562 0.064062
8 0.589063 0.755469 0.012500 0.014063
8 0.651563 0.772656 0.043750 0.048438
8 0.721875 0.766406 0.028125 0.035937
8 0.777344 0.753906 0.014063 0.010937
8 0.835938 0.764062 0.034375 0.031250
8 0.907813 0.771094 0.040625 0.045312
8 0.041406 0.872656 0.039062 0.039062
8 0.104688 0.866406 0.018750 0.026562
8 0.167187 0.867188 0.037500 0.028125
8 0.236719 0.863281 0.032813 0.020313
8 0.294531 0.860938 0.014063 0.015625
8 0.363281 0.878125 0.054688 0.050000
8 0.449219 0.871094 0.048438 0.035937
8 0.523438 0.863281 0.031250 0.020313
8 0.588281 0.864062 0.029687 0.021875
8 0.644531 0.860156 0.014063 0.014063
8 0.696094 0.864062 0.020313 0.021875
8 0.764844 0.867969 0.048438 0.029687
8 0.896875 0.910937 0.146875 0.115625
