8 0.082812 0.075000 0.121875 0.106250
8 0.192188 0.032031 0.028125 0.020313
8 0.283594 0.071094 0.085938 0.098437
8 0.371875 0.033594 0.021875 0.023438
8 0.444531 0.053125 0.054688 0.062500
8 0.536719 0.043750 0.060937 0.043750
8 0.653125 0.081250 0.103125 0.118750
8 0.753125 0.033594 0.028125 0.023438
8 0.820312 0.037500 0.037500 0.031250
8 0.890625 0.035156 0.034375 0.026562
8 0.052344 0.210938 0.060937 0.071875
8 0.130469 0.186719 0.026562 0.023438
8 0.192188 0.187500 0.028125 0.025000
8 0.252344 0.190625 0.023438 0.031250
8 0.309375 0.188281 0.021875 0.026562
8 0.381250 0.215625 0.053125 0.081250
8 0.453125 0.189062 0.021875 0.028125
8 0.516406 0.189844 0.035937 0.029687
8 0.576562 0.182812 0.015625 0.015625
8 0.635938 0.185938 0.034375 0.021875
8 0.710156 0.191406 0.045312 0.032813
8 0.777344 0.183594 0.020313 0.017188
8 0.142187 0.378906 0.240625 0.176563
8 0.319531 0.311719 0.045312 0.042188
8 0.384375 0.299219 0.015625 0.017188
8 0.477344 0.322656 0.101562 0.064062
8 0.581250 0.310156 0.037500 0.039062
8 0.659375 0.310156 0.050000 0.039062
8 0.743750 0.322656 0.050000 0.064062
8 0.819531 0.299219 0.032813 0.017188
8 0.882031 0.300000 0.023438 0.018750
8 0.945312 0.284375 0.034375 0.012500
8 0.044531 0.523438 0.045312 0.043750
8 0.120313 0.518750 0.037500 0.034375
8 0.185938 0.517188 0.025000 0.031250
8 0.250781 0.517188 0.035937 0.031250
8 0.339062 0.531250 0.071875 0.059375
8 0.427344 0.523438 0.035937 0.043750
8 0.499219 0.517969 0.039062 0.032813
8 0.575781 0.521875 0.045312 0.040625
8 0.665625 0.549219 0.065625 0.095312
8 0.742188 0.510938 0.018750 0.018750
8 0.820312 0.536719 0.068750 0.070312
8 0.103125 0.718750 0.162500 0.175000
8 0.239063 0.647656 0.040625 0.039062
8 0.304688 0.639844 0.021875 0.017188
8 0.372656 0.653906 0.045312 0.045312
8 0.436719 0.637500 0.014063 0.012500
8 0.489063 0.636719 0.021875 0.010937
8 0.569531 0.671094 0.070312 0.079687
8 0.648438 0.639844 0.018750 0.017188
8 0.709375 0.640625 0.034375 0.018750
8 0.782031 0.646094 0.042188 0.029687
8 0.851562 0.646875 0.028125 0.031250
8 0.932813 0.676562 0.065625 0.090625
8 0.046094 0.870313 0.048438 0.059375
8 0.125781 0.860156 0.042188 0.039062
8 0.193750 0.852344 0.025000 0.023438
8 0.249219 0.850781 0.017188 0.020313
8 0.316406 0.867969 0.048438 0.054688
8 0.398438 0.860938 0.046875 0.040625
8 0.478125 0.863281 0.043750 0.045312
8 0.571094 0.899219 0.073438 0.117188
8 0.679688 0.872656 0.075000 0.064062
8 0.764844 0.853125 0.026562 0.025000
8 0.836719 0.863281 0.048438 0.045312
8 0.908594 0.857031 0.026562 0.032813
