8 0.053906 0.044531 0.064062 0.045312
8 0.137500 0.035156 0.034375 0.026562
8 0.205469 0.042969 0.032813 0.042188
8 0.275781 0.036719 0.039062 0.029687
8 0.349219 0.044531 0.039062 0.045312
8 0.428906 0.040625 0.051562 0.037500
8 0.501563 0.031250 0.025000 0.018750
8 0.569531 0.038281 0.042188 0.032813
8 0.639062 0.038281 0.028125 0.032813
8 0.714844 0.043750 0.054688 0.043750
8 0.801562 0.041406 0.050000 0.039062
8 0.873437 0.033594 0.025000 0.023438
8 0.943750 0.048438 0.046875 0.053125
8 0.032031 0.121094 0.020313 0.023438
8 0.125781 0.160938 0.098437 0.103125
8 0.224219 0.125000 0.029687 0.031250
8 0.285156 0.120313 0.023438 0.021875
8 0.358594 0.135156 0.054688 0.051562
8 0.432031 0.120313 0.023438 0.021875
8 0.496875 0.128906 0.037500 0.039062
8 0.574219 0.135156 0.057813 0.051562
8 0.656250 0.126562 0.037500 0.034375
8 0.717187 0.121094 0.015625 0.023438
8 0.769531 0.118750 0.020313 0.018750
8 0.824219 0.117969 0.020313 0.017188
8 0.907813 0.146875 0.078125 0.075000
8 0.037500 0.264062 0.031250 0.034375
8 0.096875 0.254688 0.018750 0.015625
8 0.151562 0.255469 0.021875 0.017188
8 0.204687 0.258594 0.015625 0.023438
8 0.256250 0.260156 0.018750 0.026562
8 0.312500 0.258594 0.025000 0.023438
8 0.365625 0.253125 0.012500 0.012500
8 0.424219 0.263281 0.035937 0.032813
8 0.496094 0.266406 0.039062 0.039062
8 0.561719 0.256250 0.023438 0.018750
8 0.617188 0.253906 0.018750 0.014063
8 0.696094 0.267969 0.070312 0.042188
8 0.786719 0.276562 0.042188 0.059375
8 0.851562 0.254688 0.018750 0.015625
8 0.088281 0.399219 0.132812 0.117188
8 0.229687 0.364063 0.081250 0.046875
8 0.463281 0.467969 0.317188 0.254688
8 0.671875 0.357812 0.031250 0.034375
8 0.733594 0.349219 0.023438 0.017188
8 0.788281 0.346094 0.017188 0.010937
8 0.842969 0.349219 0.023438 0.017188
8 0.902344 0.364844 0.026562 0.048438
8 0.957812 0.347656 0.015625 0.014063
8 0.032031 0.641406 0.020313 0.023438
8 0.082812 0.641406 0.012500 0.023438
8 0.146094 0.651563 0.045312 0.043750
8 0.278906 0.635156 0.017188 0.010937
8 0.340625 0.644531 0.037500 0.029687
8 0.407031 0.643750 0.026562 0.028125
8 0.467187 0.642188 0.025000 0.025000
8 0.525000 0.649219 0.021875 0.039062
8 0.585938 0.641406 0.031250 0.023438
8 0.645312 0.639062 0.018750 0.018750
8 0.702344 0.639844 0.026562 0.020313
8 0.777344 0.659375 0.054688 0.059375
8 0.859375 0.656250 0.040625 0.053125
8 0.925000 0.647656 0.021875 0.035937
8 0.036719 0.734375 0.029687 0.021875
8 0.100781 0.735156 0.029687 0.023438
8 0.167969 0.739844 0.035937 0.032813
8 0.240625 0.736719 0.040625 0.026562
8 0.317969 0.746875 0.045312 0.046875
8 0.426563 0.773438 0.103125 0.100000
8 0.540625 0.757812 0.056250 0.068750
8 0.632031 0.757031 0.057813 0.067187
8 0.710156 0.734375 0.029687 0.021875
8 0.771094 0.732031 0.023438 0.017188
8 0.858594 0.771094 0.082812 0.114062
