8 0.092188 0.114062 0.140625 0.184375
8 0.219531 0.038281 0.045312 0.032813
8 0.288281 0.035156 0.023438 0.026562
8 0.360156 0.039062 0.051562 0.034375
8 0.439063 0.036719 0.037500 0.029687
8 0.505469 0.036719 0.026562 0.029687
8 0.569531 0.040625 0.032813 0.037500
8 0.630469 0.029687 0.020313 0.015625
8 0.716406 0.066406 0.082812 0.089063
8 0.845313 0.071875 0.106250 0.100000
8 0.080469 0.264844 0.117188 0.048438
8 0.186719 0.252344 0.026562 0.023438
8 0.246875 0.249219 0.025000 0.017188
8 0.331250 0.260937 0.075000 0.040625
8 0.422656 0.255469 0.039062 0.029687
8 0.483594 0.246094 0.014063 0.010937
8 0.542188 0.264062 0.034375 0.046875
8 0.625000 0.270313 0.062500 0.059375
8 0.703906 0.250781 0.026562 0.020313
8 0.764844 0.253125 0.026562 0.025000
8 0.824219 0.252344 0.023438 0.023438
8 0.913281 0.284375 0.085938 0.087500
8 0.033594 0.377344 0.023438 0.029687
8 0.089063 0.371875 0.018750 0.018750
8 0.165625 0.385156 0.065625 0.045312
8 0.250781 0.378906 0.035937 0.032813
8 0.308594 0.367969 0.010937 0.010937
8 0.364844 0.371094 0.032813 0.017188
8 0.424219 0.371094 0.017188 0.017188
8 0.503906 0.393750 0.073438 0.062500
8 0.588281 0.377344 0.026562 0.029687
8 0.655469 0.380469 0.039062 0.035937
8 0.775781 0.422656 0.132812 0.120313
8 0.895312 0.376563 0.037500 0.028125
8 0.041406 0.532031 0.039062 0.029687
8 0.103125 0.524219 0.015625 0.014063
8 0.186719 0.564844 0.082812 0.095312
8 0.272656 0.527344 0.020313 0.020313
8 0.328125 0.525781 0.021875 0.017188
8 0.490625 0.591406 0.234375 0.148438
8 0.667188 0.535156 0.050000 0.035937
8 0.738281 0.531250 0.023438 0.028125
8 0.800781 0.529687 0.032813 0.025000
8 0.857812 0.523438 0.012500 0.012500
8 0.920312 0.538281 0.043750 0.042188
