7 0.040625 0.033594 0.037500 0.023438
7 0.107813 0.039062 0.028125 0.034375
7 0.171875 0.032813 0.031250 0.021875
7 0.239063 0.055469 0.034375 0.067187
7 0.305469 0.036719 0.029687 0.029687
7 0.366406 0.037500 0.023438 0.031250
7 0.431250 0.073438 0.037500 0.103125
7 0.499219 0.035156 0.029687 0.026562
7 0.567187 0.038281 0.037500 0.032813
7 0.640625 0.045312 0.040625 0.046875
7 0.714063 0.042188 0.037500 0.040625
7 0.781250 0.035156 0.028125 0.026562
7 0.839844 0.031250 0.020313 0.018750
7 0.919531 0.062500 0.070312 0.081250
7 0.035937 0.173437 0.028125 0.028125
7 0.094531 0.167969 0.020313 0.017188
7 0.147656 0.168750 0.017188 0.018750
7 0.207813 0.179688 0.034375 0.040625
7 0.282031 0.178906 0.045312 0.039062
7 0.353906 0.175000 0.029687 0.031250
7 0.432812 0.190625 0.059375 0.062500
7 0.527344 0.187500 0.060937 0.056250
7 0.617188 0.181250 0.050000 0.043750
7 0.693750 0.172656 0.034375 0.026562
7 0.760156 0.173437 0.029687 0.028125
7 0.824219 0.173437 0.029687 0.028125
7 0.886719 0.172656 0.026562 0.026562
7 0.955469 0.185156 0.042188 0.051562
7 0.030469 0.265625 0.017188 0.018750
7 0.085156 0.270313 0.023438 0.028125
7 0.146875 0.271094 0.031250 0.029687
7 0.207031 0.267188 0.020313 0.021875
7 0.268750 0.267969 0.034375 0.023438
7 0.342969 0.277344 0.045312 0.042188
7 0.437500 0.299219 0.075000 0.085938
7 0.529687 0.276562 0.040625 0.040625
7 0.592969 0.270313 0.017188 0.028125
7 0.653906 0.266406 0.035937 0.020313
7 0.721094 0.266406 0.029687 0.020313
7 0.784375 0.275781 0.028125 0.039062
7 0.852344 0.271875 0.039062 0.031250
7 0.925000 0.282031 0.037500 0.051562
7 0.035937 0.390625 0.028125 0.028125
7 0.100781 0.391406 0.032813 0.029687
7 0.166406 0.392188 0.029687 0.031250
7 0.234375 0.396094 0.037500 0.039062
7 0.298438 0.384375 0.021875 0.015625
7 0.357812 0.385937 0.028125 0.018750
7 0.432031 0.402344 0.051562 0.051562
7 0.503906 0.389062 0.023438 0.025000
7 0.562500 0.392188 0.025000 0.031250
7 0.631250 0.388281 0.043750 0.023438
7 0.700781 0.391406 0.026562 0.029687
7 0.764844 0.399219 0.032813 0.045312
7 0.823438 0.388281 0.015625 0.023438
7 0.899219 0.398438 0.067187 0.043750
7 0.039844 0.477344 0.035937 0.029687
7 0.107031 0.472656 0.029687 0.020313
7 0.170313 0.472656 0.028125 0.020313
7 0.248438 0.472656 0.059375 0.045312
7 0.335156 0.478906 0.045312 0.032813
7 0.407813 0.477344 0.031250 0.029687
7 0.465625 0.469531 0.015625 0.014063
7 0.525000 0.476562 0.034375 0.028125
7 0.595313 0.475000 0.037500 0.025000
7 0.672656 0.480469 0.048438 0.035937
7 0.742188 0.471875 0.021875 0.018750
7 0.800781 0.472656 0.026562 0.020313
7 0.939063 0.484375 0.025000 0.043750
7 0.041406 0.555469 0.039062 0.029687
7 0.114844 0.558594 0.039062 0.035937
7 0.183594 0.556250 0.029687 0.031250
7 0.239844 0.549219 0.014063 0.017188
7 0.294531 0.556250 0.026562 0.031250
7 0.374219 0.578906 0.064062 0.076563
7 0.454688 0.554688 0.028125 0.028125
7 0.521094 0.555469 0.035937 0.029687
7 0.625000 0.564844 0.103125 0.048438
7 0.721094 0.551562 0.020313 0.021875
7 0.787500 0.560156 0.043750 0.039062
7 0.857812 0.557813 0.028125 0.034375
7 0.914844 0.547656 0.017188 0.014063
7 0.041406 0.671875 0.039062 0.040625
7 0.121875 0.670312 0.053125 0.037500
7 0.190625 0.660156 0.015625 0.017188
7 0.249219 0.664062 0.032813 0.025000
7 0.333594 0.675781 0.067187 0.048438
7 0.423438 0.671875 0.043750 0.040625
7 0.489844 0.665625 0.020313 0.028125
7 0.557813 0.671094 0.046875 0.039062
7 0.639062 0.714063 0.046875 0.125000
7 0.706250 0.658594 0.018750 0.014063
7 0.761719 0.660937 0.023438 0.018750
7 0.844531 0.685156 0.073438 0.067187
7 0.946094 0.682813 0.060937 0.062500
7 0.072656 0.846094 0.101562 0.070312
7 0.169531 0.820312 0.023438 0.018750
7 0.228906 0.826562 0.026562 0.031250
7 0.292969 0.832031 0.032813 0.042188
7 0.360156 0.818750 0.032813 0.015625
7 0.418750 0.816406 0.015625 0.010937
7 0.471094 0.825781 0.020313 0.029687
7 0.527344 0.820312 0.023438 0.018750
7 0.597656 0.830469 0.048438 0.039062
7 0.667188 0.824219 0.021875 0.026562
7 0.721094 0.822656 0.017188 0.023438
7 0.775000 0.824219 0.021875 0.026562
7 0.837500 0.824219 0.034375 0.026562
7 0.921094 0.853906 0.064062 0.085938
