8 0.032813 0.031250 0.021875 0.018750
8 0.121875 0.073438 0.087500 0.103125
8 0.227344 0.056250 0.054688 0.068750
8 0.319531 0.056250 0.060937 0.068750
8 0.394531 0.028906 0.020313 0.014063
8 0.460156 0.035937 0.042188 0.028125
8 0.551562 0.055469 0.071875 0.067187
8 0.651563 0.047656 0.059375 0.051562
8 0.725000 0.032031 0.018750 0.020313
8 0.785156 0.041406 0.032813 0.039062
8 0.853125 0.035937 0.034375 0.028125
8 0.921875 0.035156 0.034375 0.026562
8 0.030469 0.172656 0.017188 0.026562
8 0.110937 0.183594 0.075000 0.048438
8 0.204687 0.182812 0.043750 0.046875
8 0.281250 0.172656 0.040625 0.026562
8 0.354687 0.175000 0.037500 0.031250
8 0.427344 0.182031 0.039062 0.045312
8 0.492969 0.174219 0.023438 0.029687
8 0.553125 0.174219 0.028125 0.029687
8 0.623437 0.177344 0.043750 0.035937
8 0.707031 0.177344 0.054688 0.035937
8 0.789062 0.178125 0.040625 0.037500
8 0.882031 0.196875 0.076563 0.075000
8 0.103125 0.356250 0.162500 0.175000
8 0.229687 0.275781 0.021875 0.014063
8 0.296875 0.289062 0.043750 0.040625
8 0.360156 0.275781 0.014063 0.014063
8 0.421875 0.290625 0.040625 0.043750
8 0.504687 0.318750 0.056250 0.100000
8 0.572656 0.273438 0.010937 0.009375
8 0.643750 0.292969 0.062500 0.048438
8 0.718750 0.279687 0.018750 0.021875
8 0.771875 0.278906 0.018750 0.020313
8 0.847656 0.297656 0.064062 0.057813
8 0.932031 0.282031 0.035937 0.026562
8 0.040625 0.492188 0.037500 0.028125
8 0.132031 0.506250 0.076563 0.056250
8 0.210938 0.485156 0.012500 0.014063
8 0.257812 0.485156 0.012500 0.014063
8 0.312500 0.489063 0.028125 0.021875
8 0.371094 0.489063 0.020313 0.021875
8 0.428125 0.492188 0.025000 0.028125
8 0.496094 0.495312 0.042188 0.034375
8 0.583594 0.498437 0.064062 0.040625
8 0.653906 0.483594 0.007812 0.010937
8 0.711719 0.500781 0.039062 0.045312
8 0.780469 0.489063 0.029687 0.021875
8 0.883594 0.500781 0.107813 0.045312
8 0.044531 0.585156 0.045312 0.032813
8 0.112500 0.580469 0.021875 0.023438
8 0.168750 0.579688 0.021875 0.021875
8 0.225000 0.578906 0.021875 0.020313
8 0.307812 0.596094 0.075000 0.054688
8 0.394531 0.581250 0.029687 0.025000
8 0.452344 0.582812 0.017188 0.028125
8 0.507031 0.587500 0.023438 0.037500
8 0.567969 0.588281 0.029687 0.039062
8 0.623437 0.575000 0.012500 0.012500
8 0.703125 0.605469 0.078125 0.073438
8 0.789062 0.580469 0.025000 0.023438
8 0.871875 0.610156 0.071875 0.082812
8 0.946094 0.575000 0.007812 0.012500
8 0.043750 0.715625 0.043750 0.059375
8 0.108594 0.695312 0.017188 0.018750
8 0.167187 0.702344 0.031250 0.032813
8 0.260937 0.719531 0.112500 0.067187
8 0.379688 0.714063 0.056250 0.056250
8 0.444531 0.717969 0.026562 0.064062
8 0.514844 0.703906 0.045312 0.035937
8 0.596094 0.703906 0.048438 0.035937
8 0.707812 0.701562 0.034375 0.031250
8 0.811719 0.728906 0.104688 0.085938
8 0.922656 0.707031 0.048438 0.042188
8 0.052344 0.823438 0.060937 0.034375
8 0.135937 0.823438 0.037500 0.034375
8 0.200781 0.818750 0.023438 0.025000
8 0.278906 0.846094 0.064062 0.079687
8 0.375000 0.829688 0.059375 0.046875
8 0.453125 0.817969 0.028125 0.023438
8 0.510938 0.814844 0.018750 0.017188
8 0.576562 0.828125 0.043750 0.043750
8 0.641406 0.813281 0.017188 0.014063
8 0.692969 0.816406 0.017188 0.020313
8 0.760938 0.826562 0.050000 0.040625
8 0.836719 0.822656 0.032813 0.032813
8 0.929688 0.851562 0.084375 0.090625
8 0.034375 0.944531 0.025000 0.026562
8 0.095312 0.946875 0.028125 0.031250
8 0.166406 0.947656 0.045312 0.032813
8 0.232813 0.939844 0.018750 0.017188
8 0.289062 0.942969 0.025000 0.023438
8 0.346875 0.942969 0.021875 0.023438
8 0.407031 0.945312 0.029687 0.028125
