7 0.046094 0.044531 0.048438 0.045312
7 0.119531 0.035937 0.029687 0.028125
7 0.192188 0.044531 0.046875 0.045312
7 0.262500 0.033594 0.025000 0.023438
7 0.320312 0.031250 0.021875 0.018750
7 0.407031 0.056250 0.082812 0.068750
7 0.490625 0.028906 0.015625 0.014063
7 0.544531 0.031250 0.023438 0.018750
7 0.635156 0.051562 0.089063 0.059375
7 0.725781 0.030469 0.023438 0.017188
7 0.784375 0.033594 0.025000 0.023438
7 0.844531 0.035156 0.026562 0.026562
7 0.907031 0.035156 0.029687 0.026562
7 0.966406 0.033594 0.020313 0.023438
7 0.035156 0.138281 0.026562 0.026562
7 0.096094 0.141406 0.026562 0.032813
7 0.179688 0.180469 0.071875 0.110937
7 0.258594 0.133594 0.017188 0.017188
7 0.317188 0.136719 0.031250 0.023438
7 0.383594 0.139063 0.032813 0.028125
7 0.459375 0.163281 0.050000 0.076563
7 0.535156 0.142187 0.032813 0.034375
7 0.592969 0.132031 0.014063 0.014063
7 0.649219 0.139844 0.029687 0.029687
7 0.717187 0.142187 0.037500 0.034375
7 0.780469 0.132812 0.020313 0.015625
7 0.839063 0.135937 0.028125 0.021875
7 0.283594 0.450781 0.523438 0.360938
7 0.598437 0.289062 0.037500 0.037500
7 0.674219 0.289844 0.045312 0.039062
7 0.771875 0.289844 0.081250 0.039062
7 0.879687 0.290625 0.065625 0.040625
7 0.046875 0.670312 0.050000 0.040625
7 0.119531 0.674219 0.026562 0.023438
7 0.183594 0.669531 0.032813 0.014063
7 0.256250 0.675781 0.043750 0.026562
7 0.343750 0.704688 0.062500 0.084375
7 0.422656 0.679688 0.026562 0.034375
7 0.481250 0.677344 0.021875 0.029687
7 0.552344 0.681250 0.051562 0.037500
7 0.639844 0.687500 0.054688 0.050000
7 0.717187 0.674219 0.031250 0.023438
7 0.782031 0.675781 0.029687 0.026562
7 0.854688 0.682031 0.046875 0.039062
7 0.925781 0.675781 0.026562 0.026562
7 0.035937 0.792188 0.028125 0.021875
7 0.099219 0.796875 0.029687 0.031250
7 0.160156 0.791406 0.023438 0.020313
7 0.221094 0.800000 0.029687 0.037500
7 0.282031 0.798438 0.023438 0.034375
7 0.340625 0.794531 0.025000 0.026562
7 0.396875 0.793750 0.018750 0.025000
7 0.461719 0.798438 0.042188 0.034375
7 0.534375 0.797656 0.034375 0.032813
7 0.602344 0.793750 0.032813 0.025000
7 0.667188 0.799219 0.028125 0.035937
7 0.732031 0.797656 0.032813 0.032813
7 0.797656 0.795312 0.029687 0.028125
7 0.862500 0.796094 0.031250 0.029687
7 0.923438 0.792969 0.021875 0.023438
7 0.043750 0.874219 0.043750 0.042188
7 0.141406 0.885938 0.082812 0.065625
7 0.228906 0.863281 0.023438 0.020313
7 0.295312 0.870313 0.040625 0.034375
7 0.361719 0.864844 0.023438 0.023438
7 0.422656 0.870313 0.029687 0.034375
7 0.483594 0.869531 0.023438 0.032813
7 0.582812 0.890625 0.106250 0.075000
7 0.690625 0.872656 0.040625 0.039062
7 0.765625 0.871875 0.040625 0.037500
7 0.836719 0.867188 0.032813 0.028125
7 0.905469 0.867969 0.035937 0.029687
