7 0.044531 0.041406 0.045312 0.039062
7 0.121875 0.028125 0.040625 0.037500
7 0.188281 0.034375 0.023438 0.025000
7 0.267969 0.044531 0.067187 0.045312
7 0.352344 0.039062 0.032813 0.034375
7 0.425000 0.054688 0.043750 0.065625
7 0.492969 0.032031 0.023438 0.020313
7 0.561719 0.047656 0.045312 0.051562
7 0.628906 0.033594 0.020313 0.023438
7 0.689063 0.042969 0.031250 0.042188
7 0.770312 0.051562 0.062500 0.059375
7 0.858594 0.040625 0.045312 0.037500
7 0.928125 0.031250 0.025000 0.018750
7 0.033594 0.134375 0.023438 0.025000
7 0.094531 0.148438 0.029687 0.053125
7 0.158594 0.134375 0.029687 0.025000
7 0.216406 0.134375 0.017188 0.025000
7 0.277344 0.129688 0.035937 0.015625
7 0.378125 0.157031 0.096875 0.070312
7 0.492188 0.146094 0.062500 0.048438
7 0.574219 0.134375 0.032813 0.025000
7 0.637500 0.134375 0.025000 0.025000
7 0.706250 0.139063 0.043750 0.037500
7 0.781250 0.135156 0.037500 0.026562
7 0.842969 0.135937 0.017188 0.028125
7 0.900000 0.131250 0.028125 0.018750
7 0.042188 0.244531 0.040625 0.035937
7 0.110156 0.239063 0.026562 0.025000
7 0.176563 0.249219 0.037500 0.045312
7 0.299219 0.279687 0.139063 0.106250
7 0.411719 0.235937 0.017188 0.018750
7 0.474219 0.242969 0.039062 0.032813
7 0.565625 0.257812 0.075000 0.062500
7 0.644531 0.239063 0.014063 0.025000
7 0.700781 0.237500 0.029687 0.021875
7 0.761719 0.235937 0.023438 0.018750
7 0.828125 0.250781 0.040625 0.048438
7 0.911719 0.245312 0.057813 0.037500
7 0.046875 0.406250 0.050000 0.078125
7 0.123438 0.384375 0.034375 0.034375
7 0.231250 0.400781 0.112500 0.067187
7 0.335938 0.381250 0.028125 0.028125
7 0.388281 0.376563 0.007812 0.018750
7 0.440625 0.380469 0.028125 0.026562
7 0.505469 0.389062 0.032813 0.043750
7 0.575781 0.369531 0.039062 0.029687
7 0.647656 0.385156 0.035937 0.035937
7 0.716406 0.377344 0.032813 0.020313
7 0.810156 0.398438 0.085938 0.062500
7 0.907813 0.381250 0.040625 0.028125
7 0.968750 0.376563 0.012500 0.018750
7 0.034375 0.488281 0.025000 0.017188
7 0.096094 0.500000 0.029687 0.040625
7 0.160156 0.498437 0.029687 0.037500
7 0.228906 0.495312 0.039062 0.031250
7 0.325781 0.530469 0.085938 0.101562
7 0.475000 0.558594 0.143750 0.157812
7 0.594531 0.492188 0.026562 0.025000
7 0.665625 0.495312 0.046875 0.031250
7 0.746875 0.504687 0.046875 0.050000
7 0.816406 0.489063 0.023438 0.018750
7 0.897656 0.523438 0.070312 0.087500
7 0.035937 0.681250 0.028125 0.018750
7 0.090625 0.684375 0.012500 0.025000
7 0.150781 0.687500 0.039062 0.031250
7 0.227344 0.692969 0.045312 0.042188
7 0.323437 0.723437 0.078125 0.103125
7 0.402344 0.682031 0.010937 0.020313
7 0.456250 0.686719 0.028125 0.029687
7 0.537500 0.697656 0.065625 0.051562
7 0.621875 0.684375 0.034375 0.025000
7 0.686719 0.686719 0.026562 0.029687
7 0.741406 0.678125 0.014063 0.012500
7 0.802344 0.701562 0.039062 0.059375
7 0.889844 0.746875 0.092188 0.150000
