7 0.044531 0.038281 0.045312 0.032813
7 0.111719 0.035156 0.020313 0.026562
7 0.176563 0.035937 0.040625 0.028125
7 0.241406 0.032031 0.020313 0.020313
7 0.307031 0.037500 0.042188 0.031250
7 0.372656 0.031250 0.020313 0.018750
7 0.424219 0.028125 0.014063 0.012500
7 0.487500 0.046094 0.043750 0.048438
7 0.556250 0.032813 0.025000 0.021875
7 0.620313 0.039844 0.034375 0.035937
7 0.696094 0.044531 0.048438 0.045312
7 0.771094 0.038281 0.032813 0.032813
7 0.838281 0.032813 0.032813 0.021875
7 0.916406 0.041406 0.054688 0.039062
7 0.046875 0.097656 0.050000 0.010937
7 0.117188 0.114844 0.021875 0.020313
7 0.172656 0.113281 0.020313 0.017188
7 0.237500 0.118750 0.040625 0.028125
7 0.313281 0.119531 0.042188 0.029687
7 0.382031 0.118750 0.026562 0.028125
7 0.447656 0.121875 0.035937 0.034375
7 0.516406 0.119531 0.032813 0.029687
7 0.584375 0.117188 0.034375 0.025000
7 0.649219 0.118750 0.026562 0.028125
7 0.728906 0.120313 0.064062 0.031250
7 0.803906 0.112500 0.017188 0.015625
7 0.861719 0.120313 0.029687 0.031250
7 0.919531 0.113281 0.017188 0.017188
7 0.043750 0.190625 0.043750 0.034375
7 0.139063 0.207031 0.078125 0.067187
7 0.238281 0.203906 0.051562 0.060937
7 0.321094 0.192969 0.045312 0.039062
7 0.388281 0.184375 0.020313 0.021875
7 0.457031 0.211719 0.048438 0.076563
7 0.541406 0.215625 0.051562 0.084375
7 0.621875 0.190625 0.040625 0.034375
7 0.685156 0.182031 0.017188 0.017188
7 0.753125 0.211719 0.050000 0.076563
7 0.828906 0.189062 0.032813 0.031250
7 0.902344 0.191406 0.045312 0.035937
7 0.046875 0.336719 0.050000 0.089063
7 0.113281 0.296094 0.014063 0.007812
7 0.177344 0.321094 0.045312 0.057813
7 0.251563 0.301563 0.034375 0.018750
7 0.328906 0.315625 0.051562 0.046875
7 0.401562 0.305469 0.025000 0.026562
7 0.464062 0.307031 0.031250 0.029687
7 0.532031 0.311719 0.035937 0.039062
7 0.599219 0.314844 0.029687 0.045312
7 0.663281 0.303125 0.029687 0.021875
7 0.725000 0.306250 0.025000 0.028125
7 0.794531 0.306250 0.045312 0.028125
7 0.882031 0.325781 0.060937 0.067187
7 0.958594 0.308594 0.023438 0.032813
7 0.053125 0.450781 0.062500 0.070312
7 0.132031 0.430469 0.026562 0.029687
7 0.275781 0.460156 0.192188 0.089063
7 0.422656 0.432031 0.032813 0.032813
7 0.486719 0.426563 0.026562 0.021875
7 0.546875 0.425000 0.025000 0.018750
7 0.631250 0.474219 0.075000 0.117188
7 0.725000 0.442969 0.043750 0.054688
7 0.803906 0.442188 0.045312 0.053125
7 0.875781 0.428906 0.029687 0.026562
7 0.936719 0.427344 0.023438 0.023438
7 0.036719 0.579688 0.029687 0.025000
7 0.096094 0.578125 0.020313 0.021875
7 0.163281 0.589063 0.045312 0.043750
7 0.230469 0.582031 0.020313 0.029687
7 0.295312 0.581250 0.040625 0.028125
7 0.372656 0.580469 0.045312 0.026562
7 0.436719 0.575781 0.014063 0.017188
7 0.486719 0.581250 0.017188 0.028125
7 0.552344 0.589844 0.045312 0.045312
7 0.633594 0.586719 0.048438 0.039062
7 0.718750 0.588281 0.053125 0.042188
7 0.790625 0.576562 0.021875 0.018750
7 0.853906 0.581250 0.035937 0.028125
7 0.921094 0.578906 0.029687 0.023438
7 0.052344 0.680469 0.060937 0.067187
7 0.132031 0.666406 0.029687 0.039062
7 0.197656 0.659375 0.032813 0.025000
7 0.262500 0.657031 0.028125 0.020313
7 0.332813 0.662500 0.043750 0.031250
7 0.407813 0.663281 0.037500 0.032813
7 0.484375 0.668750 0.046875 0.043750
7 0.553125 0.657031 0.021875 0.020313
7 0.613281 0.663281 0.029687 0.032813
7 0.676562 0.660156 0.028125 0.026562
7 0.739844 0.659375 0.029687 0.025000
7 0.805469 0.658594 0.032813 0.023438
7 0.872656 0.663281 0.032813 0.032813
7 0.934375 0.657813 0.021875 0.021875
7 0.042188 0.764844 0.040625 0.032813
7 0.106250 0.757812 0.018750 0.018750
7 0.164062 0.764062 0.028125 0.031250
7 0.227344 0.765625 0.029687 0.034375
7 0.290625 0.763281 0.028125 0.029687
7 0.378125 0.797656 0.078125 0.098437
7 0.529687 0.812500 0.156250 0.128125
7 0.700781 0.856250 0.117188 0.215625
7 0.802344 0.757031 0.017188 0.017188
7 0.875781 0.782031 0.060937 0.067187
