7 0.059375 0.064844 0.075000 0.085938
7 0.143750 0.035156 0.025000 0.026562
7 0.210938 0.042188 0.040625 0.040625
7 0.282031 0.039062 0.032813 0.034375
7 0.346094 0.036719 0.026562 0.029687
7 0.414062 0.046875 0.040625 0.050000
7 0.480469 0.036719 0.023438 0.029687
7 0.545312 0.035156 0.037500 0.026562
7 0.608594 0.038281 0.020313 0.032813
7 0.667969 0.034375 0.029687 0.025000
7 0.732031 0.032813 0.029687 0.021875
7 0.800781 0.034375 0.039062 0.025000
7 0.882031 0.050781 0.054688 0.057813
7 0.957812 0.035937 0.028125 0.028125
7 0.031250 0.157031 0.018750 0.029687
7 0.109375 0.169531 0.068750 0.054688
7 0.200000 0.166406 0.043750 0.048438
7 0.274219 0.162500 0.035937 0.040625
7 0.474219 0.316406 0.295312 0.348438
7 0.667969 0.153906 0.023438 0.023438
7 0.728906 0.156250 0.029687 0.028125
7 0.789844 0.153906 0.023438 0.023438
7 0.848437 0.157812 0.025000 0.031250
7 0.910937 0.163281 0.031250 0.042188
7 0.031250 0.536719 0.018750 0.023438
7 0.096875 0.544531 0.043750 0.039062
7 0.162500 0.534375 0.018750 0.018750
7 0.216406 0.533594 0.020313 0.017188
7 0.275000 0.537500 0.028125 0.025000
7 0.349219 0.550781 0.051562 0.051562
7 0.444531 0.547656 0.070312 0.045312
7 0.537500 0.539062 0.046875 0.028125
7 0.603125 0.535156 0.015625 0.020313
7 0.676562 0.572656 0.062500 0.095312
7 0.757031 0.539844 0.029687 0.029687
7 0.826562 0.539844 0.040625 0.029687
7 0.896094 0.542188 0.029687 0.034375
7 0.050781 0.675781 0.057813 0.042188
7 0.128906 0.665625 0.029687 0.021875
7 0.195312 0.667188 0.034375 0.025000
7 0.261719 0.667969 0.029687 0.026562
7 0.314844 0.660156 0.007812 0.010937
7 0.360938 0.663281 0.015625 0.017188
7 0.419531 0.670312 0.032813 0.031250
7 0.481250 0.664062 0.021875 0.018750
7 0.542188 0.672656 0.031250 0.035937
7 0.600781 0.660937 0.017188 0.012500
7 0.653125 0.667969 0.018750 0.026562
7 0.708594 0.665625 0.023438 0.021875
7 0.808594 0.713281 0.107813 0.123438
7 0.922656 0.682031 0.051562 0.054688
7 0.050781 0.860156 0.057813 0.101562
7 0.139844 0.833594 0.051562 0.048438
7 0.221875 0.823438 0.043750 0.028125
7 0.299219 0.825000 0.042188 0.031250
7 0.375781 0.823438 0.042188 0.028125
7 0.444531 0.821094 0.026562 0.023438
7 0.508594 0.824219 0.032813 0.029687
7 0.607031 0.865625 0.095312 0.112500
7 0.719531 0.841406 0.060937 0.064062
7 0.799219 0.824219 0.029687 0.029687
7 0.866406 0.836719 0.035937 0.054688
7 0.921875 0.822656 0.025000 0.026562
7 0.035156 0.964844 0.026562 0.017188
