7 0.050000 0.072656 0.056250 0.101562
7 0.125000 0.035156 0.025000 0.026562
7 0.189844 0.039844 0.035937 0.035937
7 0.257031 0.035156 0.029687 0.026562
7 0.328906 0.046094 0.045312 0.048438
7 0.396094 0.030469 0.020313 0.017188
7 0.452344 0.041406 0.023438 0.039062
7 0.508594 0.028125 0.020313 0.012500
7 0.559375 0.030469 0.012500 0.017188
7 0.611719 0.032813 0.023438 0.021875
7 0.668750 0.035156 0.021875 0.026562
7 0.726562 0.033594 0.025000 0.023438
7 0.807031 0.035937 0.067187 0.028125
7 0.887500 0.031250 0.025000 0.018750
7 0.946094 0.032813 0.023438 0.021875
7 0.038281 0.167969 0.032813 0.020313
7 0.113281 0.182031 0.048438 0.048438
7 0.206250 0.191406 0.068750 0.067187
7 0.290625 0.174219 0.031250 0.032813
7 0.378125 0.189844 0.075000 0.064062
7 0.464062 0.169531 0.028125 0.023438
7 0.528125 0.169531 0.031250 0.023438
7 0.597656 0.173437 0.039062 0.031250
7 0.667188 0.170313 0.031250 0.025000
7 0.726562 0.166406 0.018750 0.017188
7 0.781250 0.166406 0.021875 0.017188
7 0.855469 0.180469 0.057813 0.045312
7 0.931250 0.171094 0.025000 0.026562
7 0.046094 0.292187 0.048438 0.065625
7 0.125000 0.277344 0.040625 0.035937
7 0.257812 0.323437 0.156250 0.128125
7 0.381250 0.272656 0.021875 0.026562
7 0.501563 0.320312 0.150000 0.121875
7 0.632031 0.274219 0.042188 0.029687
7 0.787500 0.343750 0.200000 0.168750
7 0.933594 0.269531 0.023438 0.020313
7 0.048438 0.492969 0.053125 0.060937
7 0.133594 0.483594 0.048438 0.042188
7 0.210156 0.476562 0.035937 0.028125
7 0.279687 0.480469 0.034375 0.035937
7 0.347656 0.478906 0.032813 0.032813
7 0.412500 0.475781 0.028125 0.026562
7 0.474219 0.465625 0.026562 0.015625
7 0.533594 0.475781 0.023438 0.026562
7 0.592969 0.476562 0.026562 0.028125
7 0.656250 0.477344 0.031250 0.029687
7 0.721875 0.478125 0.031250 0.031250
7 0.782031 0.471094 0.020313 0.017188
7 0.841406 0.478906 0.029687 0.032813
7 0.905469 0.479687 0.029687 0.034375
7 0.046094 0.580469 0.048438 0.045312
7 0.135937 0.585938 0.062500 0.056250
7 0.219531 0.576562 0.035937 0.037500
7 0.310156 0.583594 0.076563 0.051562
7 0.411719 0.578125 0.057813 0.040625
7 0.485156 0.564844 0.020313 0.014063
7 0.542969 0.572656 0.026562 0.029687
7 0.603906 0.569531 0.026562 0.023438
7 0.672656 0.578906 0.042188 0.042188
7 0.749219 0.576562 0.042188 0.037500
7 0.814063 0.566406 0.018750 0.017188
7 0.868750 0.565625 0.021875 0.015625
7 0.928125 0.572656 0.028125 0.029687
7 0.046094 0.670312 0.048438 0.043750
7 0.136719 0.667969 0.064062 0.039062
7 0.213281 0.657813 0.020313 0.018750
7 0.267969 0.664844 0.020313 0.032813
7 0.350781 0.669531 0.076563 0.042188
7 0.436719 0.649219 0.026562 0.017188
7 0.500781 0.665625 0.032813 0.034375
7 0.584375 0.677344 0.065625 0.057813
7 0.664062 0.660156 0.025000 0.023438
7 0.731250 0.667969 0.040625 0.039062
7 0.808594 0.665625 0.045312 0.034375
7 0.885156 0.664844 0.039062 0.032813
7 0.946875 0.656250 0.015625 0.015625
7 0.047656 0.764062 0.051562 0.046875
7 0.128125 0.753125 0.040625 0.025000
7 0.201563 0.766406 0.037500 0.051562
7 0.266406 0.750000 0.023438 0.018750
7 0.325000 0.755469 0.025000 0.029687
7 0.395313 0.757812 0.046875 0.034375
7 0.472656 0.757812 0.039062 0.034375
7 0.542969 0.753906 0.032813 0.026562
7 0.612500 0.757812 0.037500 0.034375
7 0.677344 0.752344 0.023438 0.023438
7 0.746094 0.760156 0.045312 0.039062
7 0.817187 0.753125 0.028125 0.025000
7 0.894531 0.754687 0.057813 0.028125
7 0.035156 0.839844 0.026562 0.026562
7 0.095312 0.836719 0.025000 0.020313
7 0.155469 0.835938 0.026562 0.018750
7 0.223438 0.841406 0.040625 0.029687
7 0.286719 0.833594 0.017188 0.014063
7 0.342969 0.838281 0.026562 0.023438
7 0.415625 0.845313 0.050000 0.037500
7 0.490625 0.854688 0.031250 0.056250
7 0.558594 0.839063 0.035937 0.025000
7 0.622656 0.835938 0.023438 0.018750
7 0.687500 0.840625 0.037500 0.028125
7 0.764062 0.848437 0.046875 0.043750
7 0.852344 0.874219 0.060937 0.095312
